Year,Gender.Code,Race,min_age,max_age,Hispanic.Origin,rural_urban_class,STATEFP,label_cause,attr,value,Education,source,measure1,measure2
1992,A,All,25,34,All Origins,1,29,all-cause,overall,249.385840722354,666,nvss,Deaths,age-adjusted rate
1992,A,All,35,44,All Origins,1,29,all-cause,overall,423.837234553196,666,nvss,Deaths,age-adjusted rate
1992,A,All,45,54,All Origins,1,29,all-cause,overall,691.499630563065,666,nvss,Deaths,age-adjusted rate
1992,A,All,55,64,All Origins,1,29,all-cause,overall,1164.129472953,666,nvss,Deaths,age-adjusted rate
1992,A,All,65,74,All Origins,1,29,all-cause,overall,2013.29155921436,666,nvss,Deaths,age-adjusted rate
1992,A,All,75,84,All Origins,1,29,all-cause,overall,2676.82168803346,666,nvss,Deaths,age-adjusted rate
1992,A,All,85,150,All Origins,1,29,all-cause,overall,2150.66119626666,666,nvss,Deaths,age-adjusted rate
1992,A,All,25,34,All Origins,1,29,cvd_ihd,total,2.29848701126594,666,nvss,Deaths,age-adjusted rate
1992,A,All,35,44,All Origins,1,29,cvd_ihd,total,27.5417697543593,666,nvss,Deaths,age-adjusted rate
1992,A,All,45,54,All Origins,1,29,cvd_ihd,total,95.1783199370511,666,nvss,Deaths,age-adjusted rate
1992,A,All,55,64,All Origins,1,29,cvd_ihd,total,173.673673217508,666,nvss,Deaths,age-adjusted rate
1992,A,All,65,74,All Origins,1,29,cvd_ihd,total,281.701664807068,666,nvss,Deaths,age-adjusted rate
1992,A,All,75,84,All Origins,1,29,cvd_ihd,total,398.997949725742,666,nvss,Deaths,age-adjusted rate
1992,A,All,85,150,All Origins,1,29,cvd_ihd,total,364.951585679328,666,nvss,Deaths,age-adjusted rate
1992,A,All,25,34,All Origins,1,29,cvd_stroke,total,1.14924350563297,666,nvss,Deaths,age-adjusted rate
1992,A,All,35,44,All Origins,1,29,cvd_stroke,total,4.59029495905988,666,nvss,Deaths,age-adjusted rate
1992,A,All,45,54,All Origins,1,29,cvd_stroke,total,9.71207346296439,666,nvss,Deaths,age-adjusted rate
1992,A,All,55,64,All Origins,1,29,cvd_stroke,total,12.0367892328966,666,nvss,Deaths,age-adjusted rate
1992,A,All,65,74,All Origins,1,29,cvd_stroke,total,15.9153482941847,666,nvss,Deaths,age-adjusted rate
1992,A,All,75,84,All Origins,1,29,cvd_stroke,total,30.3036417513222,666,nvss,Deaths,age-adjusted rate
1992,A,All,85,150,All Origins,1,29,cvd_stroke,total,30.0371675456237,666,nvss,Deaths,age-adjusted rate
1992,A,All,25,34,All Origins,1,29,lri,total,2.29848701126594,666,nvss,Deaths,age-adjusted rate
1992,A,All,55,64,All Origins,1,29,lri,total,1.71954131898523,666,nvss,Deaths,age-adjusted rate
1992,A,All,65,74,All Origins,1,29,lri,total,1.59153482941847,666,nvss,Deaths,age-adjusted rate
1992,A,All,85,150,All Origins,1,29,lri,total,1.50185837728119,666,nvss,Deaths,age-adjusted rate
1992,A,All,25,34,All Origins,1,29,ncd_lri,total,118.372081080196,666,nvss,Deaths,age-adjusted rate
1992,A,All,35,44,All Origins,1,29,ncd_lri,total,298.369172338892,666,nvss,Deaths,age-adjusted rate
1992,A,All,45,54,All Origins,1,29,ncd_lri,total,598.263725318607,666,nvss,Deaths,age-adjusted rate
1992,A,All,55,64,All Origins,1,29,ncd_lri,total,1076.43286568475,666,nvss,Deaths,age-adjusted rate
1992,A,All,65,74,All Origins,1,29,ncd_lri,total,1889.15184251972,666,nvss,Deaths,age-adjusted rate
1992,A,All,75,84,All Origins,1,29,ncd_lri,total,2468.06326707991,666,nvss,Deaths,age-adjusted rate
1992,A,All,85,150,All Origins,1,29,ncd_lri,total,1880.32668835605,666,nvss,Deaths,age-adjusted rate
1992,A,All,35,44,All Origins,1,29,neo_lung,total,15.3009831968663,666,nvss,Deaths,age-adjusted rate
1992,A,All,45,54,All Origins,1,29,neo_lung,total,79.639002396308,666,nvss,Deaths,age-adjusted rate
1992,A,All,55,64,All Origins,1,29,neo_lung,total,206.344958278227,666,nvss,Deaths,age-adjusted rate
1992,A,All,65,74,All Origins,1,29,neo_lung,total,229.181015436259,666,nvss,Deaths,age-adjusted rate
1992,A,All,75,84,All Origins,1,29,neo_lung,total,153.201744409462,666,nvss,Deaths,age-adjusted rate
1992,A,All,85,150,All Origins,1,29,neo_lung,total,49.5613264502792,666,nvss,Deaths,age-adjusted rate
1992,A,All,35,44,All Origins,1,29,resp_copd,total,3.06019663937325,666,nvss,Deaths,age-adjusted rate
1992,A,All,45,54,All Origins,1,29,resp_copd,total,13.5969028481502,666,nvss,Deaths,age-adjusted rate
1992,A,All,55,64,All Origins,1,29,resp_copd,total,55.0253222075272,666,nvss,Deaths,age-adjusted rate
1992,A,All,65,74,All Origins,1,29,resp_copd,total,125.731251524059,666,nvss,Deaths,age-adjusted rate
1992,A,All,75,84,All Origins,1,29,resp_copd,total,146.467601798057,666,nvss,Deaths,age-adjusted rate
1992,A,All,85,150,All Origins,1,29,resp_copd,total,54.0669015821227,666,nvss,Deaths,age-adjusted rate
1992,A,All,25,34,All Origins,1,29,t2_dm,total,5.74621752816485,666,nvss,Deaths,age-adjusted rate
1992,A,All,35,44,All Origins,1,29,t2_dm,total,12.240786557493,666,nvss,Deaths,age-adjusted rate
1992,A,All,45,54,All Origins,1,29,t2_dm,total,25.2513910037074,666,nvss,Deaths,age-adjusted rate
1992,A,All,55,64,All Origins,1,29,t2_dm,total,36.1103676986897,666,nvss,Deaths,age-adjusted rate
1992,A,All,65,74,All Origins,1,29,t2_dm,total,50.9291145413909,666,nvss,Deaths,age-adjusted rate
1992,A,All,75,84,All Origins,1,29,t2_dm,total,58.9237478497932,666,nvss,Deaths,age-adjusted rate
1992,A,All,85,150,All Origins,1,29,t2_dm,total,24.029734036499,666,nvss,Deaths,age-adjusted rate
1992,A,All,25,34,All Origins,1,37,all-cause,overall,2067.40087149657,666,nvss,Deaths,age-adjusted rate
1992,A,All,35,44,All Origins,1,37,all-cause,overall,3261.26565367253,666,nvss,Deaths,age-adjusted rate
1992,A,All,45,54,All Origins,1,37,all-cause,overall,4491.6804597887,666,nvss,Deaths,age-adjusted rate
1992,A,All,55,64,All Origins,1,37,all-cause,overall,5723.01861149333,666,nvss,Deaths,age-adjusted rate
1992,A,All,65,74,All Origins,1,37,all-cause,overall,8325.08903828103,666,nvss,Deaths,age-adjusted rate
1992,A,All,75,84,All Origins,1,37,all-cause,overall,12402.6868405077,666,nvss,Deaths,age-adjusted rate
1992,A,All,85,150,All Origins,1,37,all-cause,overall,10562.7858314506,666,nvss,Deaths,age-adjusted rate
1992,A,All,25,34,All Origins,1,37,cvd_ihd,total,12.6061028749791,666,nvss,Deaths,age-adjusted rate
1992,A,All,35,44,All Origins,1,37,cvd_ihd,total,157.687570067683,666,nvss,Deaths,age-adjusted rate
1992,A,All,45,54,All Origins,1,37,cvd_ihd,total,378.725165243567,666,nvss,Deaths,age-adjusted rate
1992,A,All,55,64,All Origins,1,37,cvd_ihd,total,608.831767180142,666,nvss,Deaths,age-adjusted rate
1992,A,All,65,74,All Origins,1,37,cvd_ihd,total,920.009839665891,666,nvss,Deaths,age-adjusted rate
1992,A,All,75,84,All Origins,1,37,cvd_ihd,total,1416.05479675087,666,nvss,Deaths,age-adjusted rate
1992,A,All,85,150,All Origins,1,37,cvd_ihd,total,1284.29190538443,666,nvss,Deaths,age-adjusted rate
1992,A,All,25,34,All Origins,1,37,cvd_stroke,total,12.6061028749791,666,nvss,Deaths,age-adjusted rate
1992,A,All,35,44,All Origins,1,37,cvd_stroke,total,50.1733177488082,666,nvss,Deaths,age-adjusted rate
1992,A,All,45,54,All Origins,1,37,cvd_stroke,total,83.3195363535847,666,nvss,Deaths,age-adjusted rate
1992,A,All,55,64,All Origins,1,37,cvd_stroke,total,69.5807733920162,666,nvss,Deaths,age-adjusted rate
1992,A,All,65,74,All Origins,1,37,cvd_stroke,total,85.000909099566,666,nvss,Deaths,age-adjusted rate
1992,A,All,75,84,All Origins,1,37,cvd_stroke,total,134.281058312583,666,nvss,Deaths,age-adjusted rate
1992,A,All,85,150,All Origins,1,37,cvd_stroke,total,151.093165339345,666,nvss,Deaths,age-adjusted rate
1992,A,All,45,54,All Origins,1,37,lri,total,15.1490066097427,666,nvss,Deaths,age-adjusted rate
1992,A,All,55,64,All Origins,1,37,lri,total,5.79839778266802,666,nvss,Deaths,age-adjusted rate
1992,A,All,65,74,All Origins,1,37,lri,total,5.00005347644506,666,nvss,Deaths,age-adjusted rate
1992,A,All,75,84,All Origins,1,37,lri,total,6.10368446875377,666,nvss,Deaths,age-adjusted rate
1992,A,All,85,150,All Origins,1,37,lri,total,13.7357423035768,666,nvss,Deaths,age-adjusted rate
1992,A,All,25,34,All Origins,1,37,ncd_lri,total,1121.94315587314,666,nvss,Deaths,age-adjusted rate
1992,A,All,35,44,All Origins,1,37,ncd_lri,total,2408.31925194279,666,nvss,Deaths,age-adjusted rate
1992,A,All,45,54,All Origins,1,37,ncd_lri,total,3825.12416896003,666,nvss,Deaths,age-adjusted rate
1992,A,All,55,64,All Origins,1,37,ncd_lri,total,5334.52596005458,666,nvss,Deaths,age-adjusted rate
1992,A,All,65,74,All Origins,1,37,ncd_lri,total,7850.08395801874,666,nvss,Deaths,age-adjusted rate
1992,A,All,75,84,All Origins,1,37,ncd_lri,total,11444.4083789133,666,nvss,Deaths,age-adjusted rate
1992,A,All,85,150,All Origins,1,37,ncd_lri,total,9237.28669915541,666,nvss,Deaths,age-adjusted rate
1992,A,All,25,34,All Origins,1,37,neo_lung,total,6.30305143748956,666,nvss,Deaths,age-adjusted rate
1992,A,All,35,44,All Origins,1,37,neo_lung,total,78.8437850338414,666,nvss,Deaths,age-adjusted rate
1992,A,All,45,54,All Origins,1,37,neo_lung,total,348.427152024081,666,nvss,Deaths,age-adjusted rate
1992,A,All,55,64,All Origins,1,37,neo_lung,total,811.775689573523,666,nvss,Deaths,age-adjusted rate
1992,A,All,65,74,All Origins,1,37,neo_lung,total,965.010320953896,666,nvss,Deaths,age-adjusted rate
1992,A,All,75,84,All Origins,1,37,neo_lung,total,775.167927531729,666,nvss,Deaths,age-adjusted rate
1992,A,All,85,150,All Origins,1,37,neo_lung,total,178.564649946499,666,nvss,Deaths,age-adjusted rate
1992,A,All,25,34,All Origins,1,37,resp_copd,total,6.30305143748956,666,nvss,Deaths,age-adjusted rate
1992,A,All,45,54,All Origins,1,37,resp_copd,total,53.0215231340994,666,nvss,Deaths,age-adjusted rate
1992,A,All,55,64,All Origins,1,37,resp_copd,total,278.323093568065,666,nvss,Deaths,age-adjusted rate
1992,A,All,65,74,All Origins,1,37,resp_copd,total,405.00433159205,666,nvss,Deaths,age-adjusted rate
1992,A,All,75,84,All Origins,1,37,resp_copd,total,677.508976031669,666,nvss,Deaths,age-adjusted rate
1992,A,All,85,150,All Origins,1,37,resp_copd,total,309.054201830478,666,nvss,Deaths,age-adjusted rate
1992,A,All,25,34,All Origins,1,37,t2_dm,total,50.4244114999164,666,nvss,Deaths,age-adjusted rate
1992,A,All,35,44,All Origins,1,37,t2_dm,total,57.3409345700665,666,nvss,Deaths,age-adjusted rate
1992,A,All,45,54,All Origins,1,37,t2_dm,total,98.4685429633274,666,nvss,Deaths,age-adjusted rate
1992,A,All,55,64,All Origins,1,37,t2_dm,total,168.153535697373,666,nvss,Deaths,age-adjusted rate
1992,A,All,65,74,All Origins,1,37,t2_dm,total,270.002887728033,666,nvss,Deaths,age-adjusted rate
1992,A,All,75,84,All Origins,1,37,t2_dm,total,402.843174937749,666,nvss,Deaths,age-adjusted rate
1992,A,All,85,150,All Origins,1,37,t2_dm,total,185.432521098287,666,nvss,Deaths,age-adjusted rate
1992,A,All,25,34,All Origins,1,48,all-cause,overall,32051.425306675,666,nvss,Deaths,age-adjusted rate
1992,A,All,35,44,All Origins,1,48,all-cause,overall,53348.0300334467,666,nvss,Deaths,age-adjusted rate
1992,A,All,45,54,All Origins,1,48,all-cause,overall,63755.5232164226,666,nvss,Deaths,age-adjusted rate
1992,A,All,55,64,All Origins,1,48,all-cause,overall,74135.5393564862,666,nvss,Deaths,age-adjusted rate
1992,A,All,65,74,All Origins,1,48,all-cause,overall,102821.11292494,666,nvss,Deaths,age-adjusted rate
1992,A,All,75,84,All Origins,1,48,all-cause,overall,150046.963980759,666,nvss,Deaths,age-adjusted rate
1992,A,All,85,150,All Origins,1,48,all-cause,overall,123399.805784573,666,nvss,Deaths,age-adjusted rate
1992,A,All,25,34,All Origins,1,48,cvd_ihd,total,200.764270528178,666,nvss,Deaths,age-adjusted rate
1992,A,All,35,44,All Origins,1,48,cvd_ihd,total,2116.98531878757,666,nvss,Deaths,age-adjusted rate
1992,A,All,45,54,All Origins,1,48,cvd_ihd,total,5242.05326731788,666,nvss,Deaths,age-adjusted rate
1992,A,All,55,64,All Origins,1,48,cvd_ihd,total,6926.42102817274,666,nvss,Deaths,age-adjusted rate
1992,A,All,65,74,All Origins,1,48,cvd_ihd,total,9909.91234783621,666,nvss,Deaths,age-adjusted rate
1992,A,All,75,84,All Origins,1,48,cvd_ihd,total,18895.3303794786,666,nvss,Deaths,age-adjusted rate
1992,A,All,85,150,All Origins,1,48,cvd_ihd,total,21051.0089692941,666,nvss,Deaths,age-adjusted rate
1992,A,All,25,34,All Origins,1,48,cvd_stroke,total,271.622248361653,666,nvss,Deaths,age-adjusted rate
1992,A,All,35,44,All Origins,1,48,cvd_stroke,total,554.796152509845,666,nvss,Deaths,age-adjusted rate
1992,A,All,45,54,All Origins,1,48,cvd_stroke,total,866.078365904693,666,nvss,Deaths,age-adjusted rate
1992,A,All,55,64,All Origins,1,48,cvd_stroke,total,782.892172729101,666,nvss,Deaths,age-adjusted rate
1992,A,All,65,74,All Origins,1,48,cvd_stroke,total,1006.69193468234,666,nvss,Deaths,age-adjusted rate
1992,A,All,75,84,All Origins,1,48,cvd_stroke,total,1934.63495719536,666,nvss,Deaths,age-adjusted rate
1992,A,All,85,150,All Origins,1,48,cvd_stroke,total,1993.2232072331,666,nvss,Deaths,age-adjusted rate
1992,A,All,25,34,All Origins,1,48,lri,total,11.8096629722458,666,nvss,Deaths,age-adjusted rate
1992,A,All,35,44,All Origins,1,48,lri,total,29.1997975005182,666,nvss,Deaths,age-adjusted rate
1992,A,All,45,54,All Origins,1,48,lri,total,15.1943572965736,666,nvss,Deaths,age-adjusted rate
1992,A,All,55,64,All Origins,1,48,lri,total,43.4940095960611,666,nvss,Deaths,age-adjusted rate
1992,A,All,65,74,All Origins,1,48,lri,total,9.23570582277373,666,nvss,Deaths,age-adjusted rate
1992,A,All,75,84,All Origins,1,48,lri,total,47.4757044710518,666,nvss,Deaths,age-adjusted rate
1992,A,All,85,150,All Origins,1,48,lri,total,64.2975228139709,666,nvss,Deaths,age-adjusted rate
1992,A,All,25,34,All Origins,1,48,ncd_lri,total,15635.9937752534,666,nvss,Deaths,age-adjusted rate
1992,A,All,35,44,All Origins,1,48,ncd_lri,total,36893.9441419047,666,nvss,Deaths,age-adjusted rate
1992,A,All,45,54,All Origins,1,48,ncd_lri,total,54456.5765509196,666,nvss,Deaths,age-adjusted rate
1992,A,All,55,64,All Origins,1,48,ncd_lri,total,68829.2701857668,666,nvss,Deaths,age-adjusted rate
1992,A,All,65,74,All Origins,1,48,ncd_lri,total,96891.7897867192,666,nvss,Deaths,age-adjusted rate
1992,A,All,75,84,All Origins,1,48,ncd_lri,total,140088.934967956,666,nvss,Deaths,age-adjusted rate
1992,A,All,85,150,All Origins,1,48,ncd_lri,total,110771.772303909,666,nvss,Deaths,age-adjusted rate
1992,A,All,25,34,All Origins,1,48,neo_lung,total,165.335281611441,666,nvss,Deaths,age-adjusted rate
1992,A,All,35,44,All Origins,1,48,neo_lung,total,1372.39048252435,666,nvss,Deaths,age-adjusted rate
1992,A,All,45,54,All Origins,1,48,neo_lung,total,5819.43884458767,666,nvss,Deaths,age-adjusted rate
1992,A,All,55,64,All Origins,1,48,neo_lung,total,10155.8512406803,666,nvss,Deaths,age-adjusted rate
1992,A,All,65,74,All Origins,1,48,neo_lung,total,12782.2168587188,666,nvss,Deaths,age-adjusted rate
1992,A,All,75,84,All Origins,1,48,neo_lung,total,9851.20867774324,666,nvss,Deaths,age-adjusted rate
1992,A,All,85,150,All Origins,1,48,neo_lung,total,2469.02487605648,666,nvss,Deaths,age-adjusted rate
1992,A,All,25,34,All Origins,1,48,resp_copd,total,70.8579778334747,666,nvss,Deaths,age-adjusted rate
1992,A,All,35,44,All Origins,1,48,resp_copd,total,306.597873755441,666,nvss,Deaths,age-adjusted rate
1992,A,All,45,54,All Origins,1,48,resp_copd,total,835.689651311546,666,nvss,Deaths,age-adjusted rate
1992,A,All,55,64,All Origins,1,48,resp_copd,total,2577.02006856662,666,nvss,Deaths,age-adjusted rate
1992,A,All,65,74,All Origins,1,48,resp_copd,total,6437.28695847329,666,nvss,Deaths,age-adjusted rate
1992,A,All,75,84,All Origins,1,48,resp_copd,total,8688.05391820247,666,nvss,Deaths,age-adjusted rate
1992,A,All,85,150,All Origins,1,48,resp_copd,total,3742.1158277731,666,nvss,Deaths,age-adjusted rate
1992,A,All,25,34,All Origins,1,48,t2_dm,total,259.812585389407,666,nvss,Deaths,age-adjusted rate
1992,A,All,35,44,All Origins,1,48,t2_dm,total,846.794127515026,666,nvss,Deaths,age-adjusted rate
1992,A,All,45,54,All Origins,1,48,t2_dm,total,1732.15673180939,666,nvss,Deaths,age-adjusted rate
1992,A,All,55,64,All Origins,1,48,t2_dm,total,3088.07468132034,666,nvss,Deaths,age-adjusted rate
1992,A,All,65,74,All Origins,1,48,t2_dm,total,3878.99644556497,666,nvss,Deaths,age-adjusted rate
1992,A,All,75,84,All Origins,1,48,t2_dm,total,4545.79870310321,666,nvss,Deaths,age-adjusted rate
1992,A,All,85,150,All Origins,1,48,t2_dm,total,2224.69428936339,666,nvss,Deaths,age-adjusted rate
1992,A,All,25,34,All Origins,1,51,all-cause,overall,898.555643908172,666,nvss,Deaths,age-adjusted rate
1992,A,All,35,44,All Origins,1,51,all-cause,overall,1458.50000218619,666,nvss,Deaths,age-adjusted rate
1992,A,All,45,54,All Origins,1,51,all-cause,overall,1676.76118934276,666,nvss,Deaths,age-adjusted rate
1992,A,All,55,64,All Origins,1,51,all-cause,overall,2545.23431150254,666,nvss,Deaths,age-adjusted rate
1992,A,All,65,74,All Origins,1,51,all-cause,overall,5286.12754547031,666,nvss,Deaths,age-adjusted rate
1992,A,All,75,84,All Origins,1,51,all-cause,overall,6319.33681384268,666,nvss,Deaths,age-adjusted rate
1992,A,All,85,150,All Origins,1,51,all-cause,overall,5901.35067598088,666,nvss,Deaths,age-adjusted rate
1992,A,All,25,34,All Origins,1,51,cvd_ihd,total,10.6970909989068,666,nvss,Deaths,age-adjusted rate
1992,A,All,35,44,All Origins,1,51,cvd_ihd,total,42.3630706029184,666,nvss,Deaths,age-adjusted rate
1992,A,All,45,54,All Origins,1,51,cvd_ihd,total,102.789957967372,666,nvss,Deaths,age-adjusted rate
1992,A,All,55,64,All Origins,1,51,cvd_ihd,total,190.634958553834,666,nvss,Deaths,age-adjusted rate
1992,A,All,65,74,All Origins,1,51,cvd_ihd,total,428.465416283238,666,nvss,Deaths,age-adjusted rate
1992,A,All,75,84,All Origins,1,51,cvd_ihd,total,636.979060077955,666,nvss,Deaths,age-adjusted rate
1992,A,All,85,150,All Origins,1,51,cvd_ihd,total,731.829767206072,666,nvss,Deaths,age-adjusted rate
1992,A,All,25,34,All Origins,1,51,cvd_stroke,total,5.34854549945341,666,nvss,Deaths,age-adjusted rate
1992,A,All,35,44,All Origins,1,51,cvd_stroke,total,6.05186722898835,666,nvss,Deaths,age-adjusted rate
1992,A,All,45,54,All Origins,1,51,cvd_stroke,total,19.2731171188823,666,nvss,Deaths,age-adjusted rate
1992,A,All,55,64,All Origins,1,51,cvd_stroke,total,5.15229617713064,666,nvss,Deaths,age-adjusted rate
1992,A,All,65,74,All Origins,1,51,cvd_stroke,total,36.1356375178634,666,nvss,Deaths,age-adjusted rate
1992,A,All,75,84,All Origins,1,51,cvd_stroke,total,56.7605103039762,666,nvss,Deaths,age-adjusted rate
1992,A,All,85,150,All Origins,1,51,cvd_stroke,total,54.4979613876862,666,nvss,Deaths,age-adjusted rate
1992,A,All,75,84,All Origins,1,51,lri,total,6.30672336710847,666,nvss,Deaths,age-adjusted rate
1992,A,All,25,34,All Origins,1,51,ncd_lri,total,427.883639956273,666,nvss,Deaths,age-adjusted rate
1992,A,All,35,44,All Origins,1,51,ncd_lri,total,980.402491096112,666,nvss,Deaths,age-adjusted rate
1992,A,All,45,54,All Origins,1,51,ncd_lri,total,1490.4543905269,666,nvss,Deaths,age-adjusted rate
1992,A,All,55,64,All Origins,1,51,ncd_lri,total,2411.27461089714,666,nvss,Deaths,age-adjusted rate
1992,A,All,65,74,All Origins,1,51,ncd_lri,total,4976.39350960291,666,nvss,Deaths,age-adjusted rate
1992,A,All,75,84,All Origins,1,51,ncd_lri,total,5846.33256130955,666,nvss,Deaths,age-adjusted rate
1992,A,All,85,150,All Origins,1,51,ncd_lri,total,5278.51683155018,666,nvss,Deaths,age-adjusted rate
1992,A,All,35,44,All Origins,1,51,neo_lung,total,18.155601686965,666,nvss,Deaths,age-adjusted rate
1992,A,All,45,54,All Origins,1,51,neo_lung,total,186.306798815862,666,nvss,Deaths,age-adjusted rate
1992,A,All,55,64,All Origins,1,51,neo_lung,total,417.335990347582,666,nvss,Deaths,age-adjusted rate
1992,A,All,65,74,All Origins,1,51,neo_lung,total,660.765943183788,666,nvss,Deaths,age-adjusted rate
1992,A,All,75,84,All Origins,1,51,neo_lung,total,416.243742229159,666,nvss,Deaths,age-adjusted rate
1992,A,All,85,150,All Origins,1,51,neo_lung,total,147.923038052291,666,nvss,Deaths,age-adjusted rate
1992,A,All,45,54,All Origins,1,51,resp_copd,total,57.8193513566469,666,nvss,Deaths,age-adjusted rate
1992,A,All,55,64,All Origins,1,51,resp_copd,total,123.655108251135,666,nvss,Deaths,age-adjusted rate
1992,A,All,65,74,All Origins,1,51,resp_copd,total,237.462760831674,666,nvss,Deaths,age-adjusted rate
1992,A,All,75,84,All Origins,1,51,resp_copd,total,359.483231925183,666,nvss,Deaths,age-adjusted rate
1992,A,All,85,150,All Origins,1,51,resp_copd,total,171.279307218442,666,nvss,Deaths,age-adjusted rate
1992,A,All,25,34,All Origins,1,51,t2_dm,total,16.0456364983602,666,nvss,Deaths,age-adjusted rate
1992,A,All,35,44,All Origins,1,51,t2_dm,total,42.3630706029184,666,nvss,Deaths,age-adjusted rate
1992,A,All,45,54,All Origins,1,51,t2_dm,total,12.8487447459215,666,nvss,Deaths,age-adjusted rate
1992,A,All,55,64,All Origins,1,51,t2_dm,total,97.8936273654822,666,nvss,Deaths,age-adjusted rate
1992,A,All,65,74,All Origins,1,51,t2_dm,total,175.515953658194,666,nvss,Deaths,age-adjusted rate
1992,A,All,75,84,All Origins,1,51,t2_dm,total,163.97480754482,666,nvss,Deaths,age-adjusted rate
1992,A,All,85,150,All Origins,1,51,t2_dm,total,77.8542305538375,666,nvss,Deaths,age-adjusted rate
1992,A,All,25,34,All Origins,1,55,all-cause,overall,1797.93634700753,666,nvss,Deaths,age-adjusted rate
1992,A,All,35,44,All Origins,1,55,all-cause,overall,2770.88022479248,666,nvss,Deaths,age-adjusted rate
1992,A,All,45,54,All Origins,1,55,all-cause,overall,4544.72064566135,666,nvss,Deaths,age-adjusted rate
1992,A,All,55,64,All Origins,1,55,all-cause,overall,6238.73383007177,666,nvss,Deaths,age-adjusted rate
1992,A,All,65,74,All Origins,1,55,all-cause,overall,10681.7535859555,666,nvss,Deaths,age-adjusted rate
1992,A,All,75,84,All Origins,1,55,all-cause,overall,16398.2435445324,666,nvss,Deaths,age-adjusted rate
1992,A,All,85,150,All Origins,1,55,all-cause,overall,19446.073954868,666,nvss,Deaths,age-adjusted rate
1992,A,All,25,34,All Origins,1,55,cvd_ihd,total,52.6592235525217,666,nvss,Deaths,age-adjusted rate
1992,A,All,35,44,All Origins,1,55,cvd_ihd,total,113.251235345742,666,nvss,Deaths,age-adjusted rate
1992,A,All,45,54,All Origins,1,55,cvd_ihd,total,368.707495062473,666,nvss,Deaths,age-adjusted rate
1992,A,All,55,64,All Origins,1,55,cvd_ihd,total,857.097077589299,666,nvss,Deaths,age-adjusted rate
1992,A,All,65,74,All Origins,1,55,cvd_ihd,total,1591.61998631312,666,nvss,Deaths,age-adjusted rate
1992,A,All,75,84,All Origins,1,55,cvd_ihd,total,2654.70777382351,666,nvss,Deaths,age-adjusted rate
1992,A,All,85,150,All Origins,1,55,cvd_ihd,total,3776.52281358768,666,nvss,Deaths,age-adjusted rate
1992,A,All,25,34,All Origins,1,55,cvd_stroke,total,30.0909848871553,666,nvss,Deaths,age-adjusted rate
1992,A,All,35,44,All Origins,1,55,cvd_stroke,total,52.8505764946795,666,nvss,Deaths,age-adjusted rate
1992,A,All,45,54,All Origins,1,55,cvd_stroke,total,104.199944256786,666,nvss,Deaths,age-adjusted rate
1992,A,All,55,64,All Origins,1,55,cvd_stroke,total,69.9671083746367,666,nvss,Deaths,age-adjusted rate
1992,A,All,65,74,All Origins,1,55,cvd_stroke,total,130.619269393478,666,nvss,Deaths,age-adjusted rate
1992,A,All,75,84,All Origins,1,55,cvd_stroke,total,258.240055819408,666,nvss,Deaths,age-adjusted rate
1992,A,All,85,150,All Origins,1,55,cvd_stroke,total,308.561366651924,666,nvss,Deaths,age-adjusted rate
1992,A,All,25,34,All Origins,1,55,ncd_lri,total,857.593069283925,666,nvss,Deaths,age-adjusted rate
1992,A,All,35,44,All Origins,1,55,ncd_lri,total,2000.77182444144,666,nvss,Deaths,age-adjusted rate
1992,A,All,45,54,All Origins,1,55,ncd_lri,total,3911.50559979319,666,nvss,Deaths,age-adjusted rate
1992,A,All,55,64,All Origins,1,55,ncd_lri,total,5853.91473401127,666,nvss,Deaths,age-adjusted rate
1992,A,All,65,74,All Origins,1,55,ncd_lri,total,10057.6837432978,666,nvss,Deaths,age-adjusted rate
1992,A,All,75,84,All Origins,1,55,ncd_lri,total,14998.5824419912,666,nvss,Deaths,age-adjusted rate
1992,A,All,85,150,All Origins,1,55,ncd_lri,total,16984.2908774494,666,nvss,Deaths,age-adjusted rate
1992,A,All,35,44,All Origins,1,55,neo_lung,total,67.950741207445,666,nvss,Deaths,age-adjusted rate
1992,A,All,45,54,All Origins,1,55,neo_lung,total,529.015101611374,666,nvss,Deaths,age-adjusted rate
1992,A,All,55,64,All Origins,1,55,neo_lung,total,851.266485224746,666,nvss,Deaths,age-adjusted rate
1992,A,All,65,74,All Origins,1,55,neo_lung,total,1073.98065945748,666,nvss,Deaths,age-adjusted rate
1992,A,All,75,84,All Origins,1,55,neo_lung,total,893.510593135151,666,nvss,Deaths,age-adjusted rate
1992,A,All,85,150,All Origins,1,55,neo_lung,total,335.392789839048,666,nvss,Deaths,age-adjusted rate
1992,A,All,25,34,All Origins,1,55,resp_copd,total,7.52274622178882,666,nvss,Deaths,age-adjusted rate
1992,A,All,35,44,All Origins,1,55,resp_copd,total,30.2003294255311,666,nvss,Deaths,age-adjusted rate
1992,A,All,45,54,All Origins,1,55,resp_copd,total,56.1076622921155,666,nvss,Deaths,age-adjusted rate
1992,A,All,55,64,All Origins,1,55,resp_copd,total,204.070732759357,666,nvss,Deaths,age-adjusted rate
1992,A,All,65,74,All Origins,1,55,resp_copd,total,570.85458475668,666,nvss,Deaths,age-adjusted rate
1992,A,All,75,84,All Origins,1,55,resp_copd,total,774.720167458223,666,nvss,Deaths,age-adjusted rate
1992,A,All,85,150,All Origins,1,55,resp_copd,total,543.336319539257,666,nvss,Deaths,age-adjusted rate
1992,A,All,25,34,All Origins,1,55,t2_dm,total,15.0454924435776,666,nvss,Deaths,age-adjusted rate
1992,A,All,35,44,All Origins,1,55,t2_dm,total,60.4006588510623,666,nvss,Deaths,age-adjusted rate
1992,A,All,45,54,All Origins,1,55,t2_dm,total,112.215324584231,666,nvss,Deaths,age-adjusted rate
1992,A,All,55,64,All Origins,1,55,t2_dm,total,163.256586207486,666,nvss,Deaths,age-adjusted rate
1992,A,All,65,74,All Origins,1,55,t2_dm,total,328.967048842833,666,nvss,Deaths,age-adjusted rate
1992,A,All,75,84,All Origins,1,55,t2_dm,total,340.876873681618,666,nvss,Deaths,age-adjusted rate
1992,A,All,85,150,All Origins,1,55,t2_dm,total,321.977078245486,666,nvss,Deaths,age-adjusted rate
1992,A,All,25,34,All Origins,2,8,all-cause,overall,2523.85542588866,666,nvss,Deaths,age-adjusted rate
1992,A,All,35,44,All Origins,2,8,all-cause,overall,5000.96407636716,666,nvss,Deaths,age-adjusted rate
1992,A,All,45,54,All Origins,2,8,all-cause,overall,5486.36404044825,666,nvss,Deaths,age-adjusted rate
1992,A,All,55,64,All Origins,2,8,all-cause,overall,9180.60565732091,666,nvss,Deaths,age-adjusted rate
1992,A,All,65,74,All Origins,2,8,all-cause,overall,18198.2368864189,666,nvss,Deaths,age-adjusted rate
1992,A,All,75,84,All Origins,2,8,all-cause,overall,24287.0586575392,666,nvss,Deaths,age-adjusted rate
1992,A,All,85,150,All Origins,2,8,all-cause,overall,18850.7618034797,666,nvss,Deaths,age-adjusted rate
1992,A,All,25,34,All Origins,2,8,cvd_ihd,total,27.4332111509637,666,nvss,Deaths,age-adjusted rate
1992,A,All,35,44,All Origins,2,8,cvd_ihd,total,130.00773162133,666,nvss,Deaths,age-adjusted rate
1992,A,All,45,54,All Origins,2,8,cvd_ihd,total,303.63465109351,666,nvss,Deaths,age-adjusted rate
1992,A,All,55,64,All Origins,2,8,cvd_ihd,total,759.512360481564,666,nvss,Deaths,age-adjusted rate
1992,A,All,65,74,All Origins,2,8,cvd_ihd,total,1491.82072195942,666,nvss,Deaths,age-adjusted rate
1992,A,All,75,84,All Origins,2,8,cvd_ihd,total,2933.31873988861,666,nvss,Deaths,age-adjusted rate
1992,A,All,85,150,All Origins,2,8,cvd_ihd,total,2717.31222380647,666,nvss,Deaths,age-adjusted rate
1992,A,All,25,34,All Origins,2,8,cvd_stroke,total,20.5749083632228,666,nvss,Deaths,age-adjusted rate
1992,A,All,35,44,All Origins,2,8,cvd_stroke,total,52.003092648532,666,nvss,Deaths,age-adjusted rate
1992,A,All,45,54,All Origins,2,8,cvd_stroke,total,62.820962295209,666,nvss,Deaths,age-adjusted rate
1992,A,All,55,64,All Origins,2,8,cvd_stroke,total,161.396376602332,666,nvss,Deaths,age-adjusted rate
1992,A,All,65,74,All Origins,2,8,cvd_stroke,total,237.110578324676,666,nvss,Deaths,age-adjusted rate
1992,A,All,75,84,All Origins,2,8,cvd_stroke,total,215.383543837975,666,nvss,Deaths,age-adjusted rate
1992,A,All,85,150,All Origins,2,8,cvd_stroke,total,208.295710535687,666,nvss,Deaths,age-adjusted rate
1992,A,All,75,84,All Origins,2,8,lri,total,10.2563592303797,666,nvss,Deaths,age-adjusted rate
1992,A,All,85,150,All Origins,2,8,lri,total,9.46798684253124,666,nvss,Deaths,age-adjusted rate
1992,A,All,25,34,All Origins,2,8,ncd_lri,total,1268.78601573207,666,nvss,Deaths,age-adjusted rate
1992,A,All,35,44,All Origins,2,8,ncd_lri,total,3198.19019788472,666,nvss,Deaths,age-adjusted rate
1992,A,All,45,54,All Origins,2,8,ncd_lri,total,4544.04960602012,666,nvss,Deaths,age-adjusted rate
1992,A,All,55,64,All Origins,2,8,ncd_lri,total,8202.73349320089,666,nvss,Deaths,age-adjusted rate
1992,A,All,65,74,All Origins,2,8,ncd_lri,total,17032.4432096559,666,nvss,Deaths,age-adjusted rate
1992,A,All,75,84,All Origins,2,8,ncd_lri,total,21589.6361799493,666,nvss,Deaths,age-adjusted rate
1992,A,All,85,150,All Origins,2,8,ncd_lri,total,16247.0654217836,666,nvss,Deaths,age-adjusted rate
1992,A,All,25,34,All Origins,2,8,neo_lung,total,6.85830278774093,666,nvss,Deaths,age-adjusted rate
1992,A,All,35,44,All Origins,2,8,neo_lung,total,43.3359105404433,666,nvss,Deaths,age-adjusted rate
1992,A,All,45,54,All Origins,2,8,neo_lung,total,429.276575683928,666,nvss,Deaths,age-adjusted rate
1992,A,All,55,64,All Origins,2,8,neo_lung,total,1120.28073171031,666,nvss,Deaths,age-adjusted rate
1992,A,All,65,74,All Origins,2,8,neo_lung,total,1709.17208542371,666,nvss,Deaths,age-adjusted rate
1992,A,All,75,84,All Origins,2,8,neo_lung,total,1333.32669994937,666,nvss,Deaths,age-adjusted rate
1992,A,All,85,150,All Origins,2,8,neo_lung,total,302.975578961,666,nvss,Deaths,age-adjusted rate
1992,A,All,25,34,All Origins,2,8,resp_copd,total,6.85830278774093,666,nvss,Deaths,age-adjusted rate
1992,A,All,35,44,All Origins,2,8,resp_copd,total,34.6687284323547,666,nvss,Deaths,age-adjusted rate
1992,A,All,45,54,All Origins,2,8,resp_copd,total,104.701603825348,666,nvss,Deaths,age-adjusted rate
1992,A,All,55,64,All Origins,2,8,resp_copd,total,531.658652337095,666,nvss,Deaths,age-adjusted rate
1992,A,All,65,74,All Origins,2,8,resp_copd,total,1837.60698201624,666,nvss,Deaths,age-adjusted rate
1992,A,All,75,84,All Origins,2,8,resp_copd,total,2112.81000145823,666,nvss,Deaths,age-adjusted rate
1992,A,All,85,150,All Origins,2,8,resp_copd,total,795.310894772624,666,nvss,Deaths,age-adjusted rate
1992,A,All,25,34,All Origins,2,8,t2_dm,total,27.4332111509637,666,nvss,Deaths,age-adjusted rate
1992,A,All,35,44,All Origins,2,8,t2_dm,total,95.3390031889753,666,nvss,Deaths,age-adjusted rate
1992,A,All,45,54,All Origins,2,8,t2_dm,total,62.820962295209,666,nvss,Deaths,age-adjusted rate
1992,A,All,55,64,All Origins,2,8,t2_dm,total,313.298848698645,666,nvss,Deaths,age-adjusted rate
1992,A,All,65,74,All Origins,2,8,t2_dm,total,602.656053241886,666,nvss,Deaths,age-adjusted rate
1992,A,All,75,84,All Origins,2,8,t2_dm,total,502.561602288607,666,nvss,Deaths,age-adjusted rate
1992,A,All,85,150,All Origins,2,8,t2_dm,total,274.571618433406,666,nvss,Deaths,age-adjusted rate
1992,A,All,25,34,All Origins,2,12,all-cause,overall,3229.95257931775,666,nvss,Deaths,age-adjusted rate
1992,A,All,35,44,All Origins,2,12,all-cause,overall,16584.7548851413,666,nvss,Deaths,age-adjusted rate
1992,A,All,45,54,All Origins,2,12,all-cause,overall,34493.2408147415,666,nvss,Deaths,age-adjusted rate
1992,A,All,55,64,All Origins,2,12,all-cause,overall,57455.7200387287,666,nvss,Deaths,age-adjusted rate
1992,A,All,65,74,All Origins,2,12,all-cause,overall,155335.401312918,666,nvss,Deaths,age-adjusted rate
1992,A,All,75,84,All Origins,2,12,all-cause,overall,259882.837900682,666,nvss,Deaths,age-adjusted rate
1992,A,All,85,150,All Origins,2,12,all-cause,overall,135234.907725143,666,nvss,Deaths,age-adjusted rate
1992,A,All,25,34,All Origins,2,12,cvd_ihd,total,54.513967583422,666,nvss,Deaths,age-adjusted rate
1992,A,All,35,44,All Origins,2,12,cvd_ihd,total,590.555070094053,666,nvss,Deaths,age-adjusted rate
1992,A,All,45,54,All Origins,2,12,cvd_ihd,total,3712.27703835782,666,nvss,Deaths,age-adjusted rate
1992,A,All,55,64,All Origins,2,12,cvd_ihd,total,6150.80126359187,666,nvss,Deaths,age-adjusted rate
1992,A,All,65,74,All Origins,2,12,cvd_ihd,total,21668.4082040688,666,nvss,Deaths,age-adjusted rate
1992,A,All,75,84,All Origins,2,12,cvd_ihd,total,47388.70785184,666,nvss,Deaths,age-adjusted rate
1992,A,All,85,150,All Origins,2,12,cvd_ihd,total,34651.6037799881,666,nvss,Deaths,age-adjusted rate
1992,A,All,25,34,All Origins,2,12,cvd_stroke,total,27.256983791711,666,nvss,Deaths,age-adjusted rate
1992,A,All,35,44,All Origins,2,12,cvd_stroke,total,98.4258450156755,666,nvss,Deaths,age-adjusted rate
1992,A,All,45,54,All Origins,2,12,cvd_stroke,total,696.051944692092,666,nvss,Deaths,age-adjusted rate
1992,A,All,55,64,All Origins,2,12,cvd_stroke,total,506.536574648742,666,nvss,Deaths,age-adjusted rate
1992,A,All,65,74,All Origins,2,12,cvd_stroke,total,947.992858928011,666,nvss,Deaths,age-adjusted rate
1992,A,All,75,84,All Origins,2,12,cvd_stroke,total,1582.02059596431,666,nvss,Deaths,age-adjusted rate
1992,A,All,85,150,All Origins,2,12,cvd_stroke,total,2107.19212175603,666,nvss,Deaths,age-adjusted rate
1992,A,All,75,84,All Origins,2,12,lri,total,71.9100270892868,666,nvss,Deaths,age-adjusted rate
1992,A,All,25,34,All Origins,2,12,ncd_lri,total,1812.58942214878,666,nvss,Deaths,age-adjusted rate
1992,A,All,35,44,All Origins,2,12,ncd_lri,total,11614.2497118497,666,nvss,Deaths,age-adjusted rate
1992,A,All,45,54,All Origins,2,12,ncd_lri,total,29156.8425721021,666,nvss,Deaths,age-adjusted rate
1992,A,All,55,64,All Origins,2,12,ncd_lri,total,53258.7027059249,666,nvss,Deaths,age-adjusted rate
1992,A,All,65,74,All Origins,2,12,ncd_lri,total,147074.320685117,666,nvss,Deaths,age-adjusted rate
1992,A,All,75,84,All Origins,2,12,ncd_lri,total,245285.102401557,666,nvss,Deaths,age-adjusted rate
1992,A,All,85,150,All Origins,2,12,ncd_lri,total,125729.129931443,666,nvss,Deaths,age-adjusted rate
1992,A,All,25,34,All Origins,2,12,neo_lung,total,13.6284918958555,666,nvss,Deaths,age-adjusted rate
1992,A,All,35,44,All Origins,2,12,neo_lung,total,492.129225078377,666,nvss,Deaths,age-adjusted rate
1992,A,All,45,54,All Origins,2,12,neo_lung,total,3016.22509366573,666,nvss,Deaths,age-adjusted rate
1992,A,All,55,64,All Origins,2,12,neo_lung,total,7453.3238841172,666,nvss,Deaths,age-adjusted rate
1992,A,All,65,74,All Origins,2,12,neo_lung,total,20246.4189156768,666,nvss,Deaths,age-adjusted rate
1992,A,All,75,84,All Origins,2,12,neo_lung,total,18912.3371244824,666,nvss,Deaths,age-adjusted rate
1992,A,All,85,150,All Origins,2,12,neo_lung,total,4261.21073510664,666,nvss,Deaths,age-adjusted rate
1992,A,All,25,34,All Origins,2,12,resp_copd,total,27.256983791711,666,nvss,Deaths,age-adjusted rate
1992,A,All,35,44,All Origins,2,12,resp_copd,total,49.2129225078377,666,nvss,Deaths,age-adjusted rate
1992,A,All,45,54,All Origins,2,12,resp_copd,total,386.69552482894,666,nvss,Deaths,age-adjusted rate
1992,A,All,55,64,All Origins,2,12,resp_copd,total,2026.14629859497,666,nvss,Deaths,age-adjusted rate
1992,A,All,65,74,All Origins,2,12,resp_copd,total,8938.21838417839,666,nvss,Deaths,age-adjusted rate
1992,A,All,75,84,All Origins,2,12,resp_copd,total,13375.2650386073,666,nvss,Deaths,age-adjusted rate
1992,A,All,85,150,All Origins,2,12,resp_copd,total,4261.21073510664,666,nvss,Deaths,age-adjusted rate
1992,A,All,25,34,All Origins,2,12,t2_dm,total,40.8854756875665,666,nvss,Deaths,age-adjusted rate
1992,A,All,35,44,All Origins,2,12,t2_dm,total,98.4258450156755,666,nvss,Deaths,age-adjusted rate
1992,A,All,45,54,All Origins,2,12,t2_dm,total,696.051944692092,666,nvss,Deaths,age-adjusted rate
1992,A,All,55,64,All Origins,2,12,t2_dm,total,1953.783930788,666,nvss,Deaths,age-adjusted rate
1992,A,All,65,74,All Origins,2,12,t2_dm,total,3521.11633316118,666,nvss,Deaths,age-adjusted rate
1992,A,All,75,84,All Origins,2,12,t2_dm,total,5393.25203169651,666,nvss,Deaths,age-adjusted rate
1992,A,All,85,150,All Origins,2,12,t2_dm,total,1217.48878145904,666,nvss,Deaths,age-adjusted rate
1992,A,All,25,34,All Origins,2,13,all-cause,overall,237.032524408815,666,nvss,Deaths,age-adjusted rate
1992,A,All,35,44,All Origins,2,13,all-cause,overall,428.76171509186,666,nvss,Deaths,age-adjusted rate
1992,A,All,45,54,All Origins,2,13,all-cause,overall,691.641770060652,666,nvss,Deaths,age-adjusted rate
1992,A,All,55,64,All Origins,2,13,all-cause,overall,977.083722773996,666,nvss,Deaths,age-adjusted rate
1992,A,All,65,74,All Origins,2,13,all-cause,overall,1486.29134824324,666,nvss,Deaths,age-adjusted rate
1992,A,All,75,84,All Origins,2,13,all-cause,overall,2027.49671887568,666,nvss,Deaths,age-adjusted rate
1992,A,All,85,150,All Origins,2,13,all-cause,overall,1716.51995859073,666,nvss,Deaths,age-adjusted rate
1992,A,All,25,34,All Origins,2,13,cvd_ihd,total,1.0873051578386,666,nvss,Deaths,age-adjusted rate
1992,A,All,35,44,All Origins,2,13,cvd_ihd,total,11.5103816132043,666,nvss,Deaths,age-adjusted rate
1992,A,All,45,54,All Origins,2,13,cvd_ihd,total,49.8625462136749,666,nvss,Deaths,age-adjusted rate
1992,A,All,55,64,All Origins,2,13,cvd_ihd,total,80.0197876409738,666,nvss,Deaths,age-adjusted rate
1992,A,All,65,74,All Origins,2,13,cvd_ihd,total,163.549434073098,666,nvss,Deaths,age-adjusted rate
1992,A,All,75,84,All Origins,2,13,cvd_ihd,total,238.52902575008,666,nvss,Deaths,age-adjusted rate
1992,A,All,85,150,All Origins,2,13,cvd_ihd,total,190.469460645762,666,nvss,Deaths,age-adjusted rate
1992,A,All,25,34,All Origins,2,13,cvd_stroke,total,1.0873051578386,666,nvss,Deaths,age-adjusted rate
1992,A,All,35,44,All Origins,2,13,cvd_stroke,total,10.0715839115538,666,nvss,Deaths,age-adjusted rate
1992,A,All,45,54,All Origins,2,13,cvd_stroke,total,11.2592846288943,666,nvss,Deaths,age-adjusted rate
1992,A,All,55,64,All Origins,2,13,cvd_stroke,total,11.2308473882068,666,nvss,Deaths,age-adjusted rate
1992,A,All,65,74,All Origins,2,13,cvd_stroke,total,10.0425091097517,666,nvss,Deaths,age-adjusted rate
1992,A,All,75,84,All Origins,2,13,cvd_stroke,total,23.4914949602351,666,nvss,Deaths,age-adjusted rate
1992,A,All,85,150,All Origins,2,13,cvd_stroke,total,20.6533150097815,666,nvss,Deaths,age-adjusted rate
1992,A,All,35,44,All Origins,2,13,lri,total,1.43879770165054,666,nvss,Deaths,age-adjusted rate
1992,A,All,55,64,All Origins,2,13,lri,total,1.40385592352586,666,nvss,Deaths,age-adjusted rate
1992,A,All,65,74,All Origins,2,13,lri,total,1.43464415853595,666,nvss,Deaths,age-adjusted rate
1992,A,All,85,150,All Origins,2,13,lri,total,2.29481277886461,666,nvss,Deaths,age-adjusted rate
1992,A,All,25,34,All Origins,2,13,ncd_lri,total,125.040093151439,666,nvss,Deaths,age-adjusted rate
1992,A,All,35,44,All Origins,2,13,ncd_lri,total,302.147517346613,666,nvss,Deaths,age-adjusted rate
1992,A,All,45,54,All Origins,2,13,ncd_lri,total,587.091269935205,666,nvss,Deaths,age-adjusted rate
1992,A,All,55,64,All Origins,2,13,ncd_lri,total,897.063935133022,666,nvss,Deaths,age-adjusted rate
1992,A,All,65,74,All Origins,2,13,ncd_lri,total,1388.7355454628,666,nvss,Deaths,age-adjusted rate
1992,A,All,75,84,All Origins,2,13,ncd_lri,total,1855.82810185857,666,nvss,Deaths,age-adjusted rate
1992,A,All,85,150,All Origins,2,13,ncd_lri,total,1505.39718293518,666,nvss,Deaths,age-adjusted rate
1992,A,All,35,44,All Origins,2,13,neo_lung,total,14.3879770165054,666,nvss,Deaths,age-adjusted rate
1992,A,All,45,54,All Origins,2,13,neo_lung,total,61.1218308425692,666,nvss,Deaths,age-adjusted rate
1992,A,All,55,64,All Origins,2,13,neo_lung,total,131.96245681143,666,nvss,Deaths,age-adjusted rate
1992,A,All,65,74,All Origins,2,13,neo_lung,total,196.546249719425,666,nvss,Deaths,age-adjusted rate
1992,A,All,75,84,All Origins,2,13,neo_lung,total,135.527855539818,666,nvss,Deaths,age-adjusted rate
1992,A,All,85,150,All Origins,2,13,neo_lung,total,36.7170044618337,666,nvss,Deaths,age-adjusted rate
1992,A,All,35,44,All Origins,2,13,resp_copd,total,2.87759540330108,666,nvss,Deaths,age-adjusted rate
1992,A,All,45,54,All Origins,2,13,resp_copd,total,16.0846923269919,666,nvss,Deaths,age-adjusted rate
1992,A,All,55,64,All Origins,2,13,resp_copd,total,43.5195336293015,666,nvss,Deaths,age-adjusted rate
1992,A,All,65,74,All Origins,2,13,resp_copd,total,113.33688852434,666,nvss,Deaths,age-adjusted rate
1992,A,All,75,84,All Origins,2,13,resp_copd,total,142.756007835275,666,nvss,Deaths,age-adjusted rate
1992,A,All,85,150,All Origins,2,13,resp_copd,total,55.0755066927506,666,nvss,Deaths,age-adjusted rate
1992,A,All,25,34,All Origins,2,13,t2_dm,total,6.52383094703162,666,nvss,Deaths,age-adjusted rate
1992,A,All,35,44,All Origins,2,13,t2_dm,total,7.19398850825269,666,nvss,Deaths,age-adjusted rate
1992,A,All,45,54,All Origins,2,13,t2_dm,total,9.65081539619514,666,nvss,Deaths,age-adjusted rate
1992,A,All,55,64,All Origins,2,13,t2_dm,total,19.653982929362,666,nvss,Deaths,age-adjusted rate
1992,A,All,65,74,All Origins,2,13,t2_dm,total,24.3889506951112,666,nvss,Deaths,age-adjusted rate
1992,A,All,75,84,All Origins,2,13,t2_dm,total,48.7900279943345,666,nvss,Deaths,age-adjusted rate
1992,A,All,85,150,All Origins,2,13,t2_dm,total,18.3585022309169,666,nvss,Deaths,age-adjusted rate
1992,A,All,25,34,All Origins,2,17,all-cause,overall,787.691440418607,666,nvss,Deaths,age-adjusted rate
1992,A,All,35,44,All Origins,2,17,all-cause,overall,1293.41461437076,666,nvss,Deaths,age-adjusted rate
1992,A,All,45,54,All Origins,2,17,all-cause,overall,2509.87472883014,666,nvss,Deaths,age-adjusted rate
1992,A,All,55,64,All Origins,2,17,all-cause,overall,3265.70054543013,666,nvss,Deaths,age-adjusted rate
1992,A,All,65,74,All Origins,2,17,all-cause,overall,5113.07255012663,666,nvss,Deaths,age-adjusted rate
1992,A,All,75,84,All Origins,2,17,all-cause,overall,6150.55624165373,666,nvss,Deaths,age-adjusted rate
1992,A,All,85,150,All Origins,2,17,all-cause,overall,4941.82768680745,666,nvss,Deaths,age-adjusted rate
1992,A,All,35,44,All Origins,2,17,cvd_ihd,total,61.5911721128934,666,nvss,Deaths,age-adjusted rate
1992,A,All,45,54,All Origins,2,17,cvd_ihd,total,130.116288807019,666,nvss,Deaths,age-adjusted rate
1992,A,All,55,64,All Origins,2,17,cvd_ihd,total,297.11674266176,666,nvss,Deaths,age-adjusted rate
1992,A,All,65,74,All Origins,2,17,cvd_ihd,total,531.45924110667,666,nvss,Deaths,age-adjusted rate
1992,A,All,75,84,All Origins,2,17,cvd_ihd,total,860.217656175347,666,nvss,Deaths,age-adjusted rate
1992,A,All,85,150,All Origins,2,17,cvd_ihd,total,1099.03194888073,666,nvss,Deaths,age-adjusted rate
1992,A,All,25,34,All Origins,2,17,cvd_stroke,total,5.74957255780005,666,nvss,Deaths,age-adjusted rate
1992,A,All,35,44,All Origins,2,17,cvd_stroke,total,19.4498438251242,666,nvss,Deaths,age-adjusted rate
1992,A,All,45,54,All Origins,2,17,cvd_stroke,total,44.513467223454,666,nvss,Deaths,age-adjusted rate
1992,A,All,55,64,All Origins,2,17,cvd_stroke,total,59.4233485323521,666,nvss,Deaths,age-adjusted rate
1992,A,All,65,74,All Origins,2,17,cvd_stroke,total,53.3434926017847,666,nvss,Deaths,age-adjusted rate
1992,A,All,75,84,All Origins,2,17,cvd_stroke,total,130.987688553973,666,nvss,Deaths,age-adjusted rate
1992,A,All,85,150,All Origins,2,17,cvd_stroke,total,68.6894968050457,666,nvss,Deaths,age-adjusted rate
1992,A,All,55,64,All Origins,2,17,lri,total,2.5836238492327,666,nvss,Deaths,age-adjusted rate
1992,A,All,75,84,All Origins,2,17,lri,total,1.95504012767124,666,nvss,Deaths,age-adjusted rate
1992,A,All,25,34,All Origins,2,17,ncd_lri,total,321.976063236803,666,nvss,Deaths,age-adjusted rate
1992,A,All,35,44,All Origins,2,17,ncd_lri,total,920.62594105588,666,nvss,Deaths,age-adjusted rate
1992,A,All,45,54,All Origins,2,17,ncd_lri,total,2164.03932963253,666,nvss,Deaths,age-adjusted rate
1992,A,All,55,64,All Origins,2,17,ncd_lri,total,3017.67265590379,666,nvss,Deaths,age-adjusted rate
1992,A,All,65,74,All Origins,2,17,ncd_lri,total,4824.62255309475,666,nvss,Deaths,age-adjusted rate
1992,A,All,75,84,All Origins,2,17,ncd_lri,total,5653.97604922524,666,nvss,Deaths,age-adjusted rate
1992,A,All,85,150,All Origins,2,17,ncd_lri,total,4474.35750021756,666,nvss,Deaths,age-adjusted rate
1992,A,All,25,34,All Origins,2,17,neo_lung,total,8.62435883670007,666,nvss,Deaths,age-adjusted rate
1992,A,All,35,44,All Origins,2,17,neo_lung,total,45.3829689252899,666,nvss,Deaths,age-adjusted rate
1992,A,All,45,54,All Origins,2,17,neo_lung,total,232.839674707298,666,nvss,Deaths,age-adjusted rate
1992,A,All,55,64,All Origins,2,17,neo_lung,total,454.717797464955,666,nvss,Deaths,age-adjusted rate
1992,A,All,65,74,All Origins,2,17,neo_lung,total,590.729788441987,666,nvss,Deaths,age-adjusted rate
1992,A,All,75,84,All Origins,2,17,neo_lung,total,361.68242361918,666,nvss,Deaths,age-adjusted rate
1992,A,All,85,150,All Origins,2,17,neo_lung,total,95.4020788958968,666,nvss,Deaths,age-adjusted rate
1992,A,All,25,34,All Origins,2,17,resp_copd,total,8.62435883670007,666,nvss,Deaths,age-adjusted rate
1992,A,All,35,44,All Origins,2,17,resp_copd,total,12.9665625500828,666,nvss,Deaths,age-adjusted rate
1992,A,All,45,54,All Origins,2,17,resp_copd,total,37.6652414967687,666,nvss,Deaths,age-adjusted rate
1992,A,All,55,64,All Origins,2,17,resp_copd,total,111.095825517006,666,nvss,Deaths,age-adjusted rate
1992,A,All,65,74,All Origins,2,17,resp_copd,total,345.744859456012,666,nvss,Deaths,age-adjusted rate
1992,A,All,75,84,All Origins,2,17,resp_copd,total,340.176982214796,666,nvss,Deaths,age-adjusted rate
1992,A,All,85,150,All Origins,2,17,resp_copd,total,158.367450967189,666,nvss,Deaths,age-adjusted rate
1992,A,All,25,34,All Origins,2,17,t2_dm,total,14.3739313945001,666,nvss,Deaths,age-adjusted rate
1992,A,All,35,44,All Origins,2,17,t2_dm,total,25.9331251001656,666,nvss,Deaths,age-adjusted rate
1992,A,All,45,54,All Origins,2,17,t2_dm,total,89.0269344469079,666,nvss,Deaths,age-adjusted rate
1992,A,All,55,64,All Origins,2,17,t2_dm,total,72.3414677785155,666,nvss,Deaths,age-adjusted rate
1992,A,All,65,74,All Origins,2,17,t2_dm,total,193.617121295367,666,nvss,Deaths,age-adjusted rate
1992,A,All,75,84,All Origins,2,17,t2_dm,total,146.628009575343,666,nvss,Deaths,age-adjusted rate
1992,A,All,85,150,All Origins,2,17,t2_dm,total,93.4940373179789,666,nvss,Deaths,age-adjusted rate
1992,A,All,25,34,All Origins,2,26,all-cause,overall,1280.48003978167,666,nvss,Deaths,age-adjusted rate
1992,A,All,35,44,All Origins,2,26,all-cause,overall,2414.86042429559,666,nvss,Deaths,age-adjusted rate
1992,A,All,45,54,All Origins,2,26,all-cause,overall,3940.53642035697,666,nvss,Deaths,age-adjusted rate
1992,A,All,55,64,All Origins,2,26,all-cause,overall,4594.67740027767,666,nvss,Deaths,age-adjusted rate
1992,A,All,65,74,All Origins,2,26,all-cause,overall,8223.45835985916,666,nvss,Deaths,age-adjusted rate
1992,A,All,75,84,All Origins,2,26,all-cause,overall,13739.7550918567,666,nvss,Deaths,age-adjusted rate
1992,A,All,85,150,All Origins,2,26,all-cause,overall,13068.9836247099,666,nvss,Deaths,age-adjusted rate
1992,A,All,25,34,All Origins,2,26,cvd_ihd,total,15.9395855574481,666,nvss,Deaths,age-adjusted rate
1992,A,All,35,44,All Origins,2,26,cvd_ihd,total,61.1357069441922,666,nvss,Deaths,age-adjusted rate
1992,A,All,45,54,All Origins,2,26,cvd_ihd,total,200.791664731565,666,nvss,Deaths,age-adjusted rate
1992,A,All,55,64,All Origins,2,26,cvd_ihd,total,381.252102503793,666,nvss,Deaths,age-adjusted rate
1992,A,All,65,74,All Origins,2,26,cvd_ihd,total,787.316905852641,666,nvss,Deaths,age-adjusted rate
1992,A,All,75,84,All Origins,2,26,cvd_ihd,total,1933.83923378944,666,nvss,Deaths,age-adjusted rate
1992,A,All,85,150,All Origins,2,26,cvd_ihd,total,2573.2190400792,666,nvss,Deaths,age-adjusted rate
1992,A,All,25,34,All Origins,2,26,cvd_stroke,total,15.9395855574481,666,nvss,Deaths,age-adjusted rate
1992,A,All,35,44,All Origins,2,26,cvd_stroke,total,55.022136249773,666,nvss,Deaths,age-adjusted rate
1992,A,All,45,54,All Origins,2,26,cvd_stroke,total,106.670571888644,666,nvss,Deaths,age-adjusted rate
1992,A,All,55,64,All Origins,2,26,cvd_stroke,total,51.0956426036011,666,nvss,Deaths,age-adjusted rate
1992,A,All,65,74,All Origins,2,26,cvd_stroke,total,126.771366196612,666,nvss,Deaths,age-adjusted rate
1992,A,All,75,84,All Origins,2,26,cvd_stroke,total,233.096693358549,666,nvss,Deaths,age-adjusted rate
1992,A,All,85,150,All Origins,2,26,cvd_stroke,total,262.270402161918,666,nvss,Deaths,age-adjusted rate
1992,A,All,25,34,All Origins,2,26,lri,total,5.31319518581604,666,nvss,Deaths,age-adjusted rate
1992,A,All,65,74,All Origins,2,26,lri,total,6.67217716824272,666,nvss,Deaths,age-adjusted rate
1992,A,All,75,84,All Origins,2,26,lri,total,8.63321086513143,666,nvss,Deaths,age-adjusted rate
1992,A,All,25,34,All Origins,2,26,ncd_lri,total,648.209812669557,666,nvss,Deaths,age-adjusted rate
1992,A,All,35,44,All Origins,2,26,ncd_lri,total,1669.00479957645,666,nvss,Deaths,age-adjusted rate
1992,A,All,45,54,All Origins,2,26,ncd_lri,total,3476.20569566522,666,nvss,Deaths,age-adjusted rate
1992,A,All,55,64,All Origins,2,26,ncd_lri,total,4323.47745107394,666,nvss,Deaths,age-adjusted rate
1992,A,All,65,74,All Origins,2,26,ncd_lri,total,7753.06986949804,666,nvss,Deaths,age-adjusted rate
1992,A,All,75,84,All Origins,2,26,ncd_lri,total,12854.8509781807,666,nvss,Deaths,age-adjusted rate
1992,A,All,85,150,All Origins,2,26,ncd_lri,total,11871.4470714423,666,nvss,Deaths,age-adjusted rate
1992,A,All,25,34,All Origins,2,26,neo_lung,total,15.9395855574481,666,nvss,Deaths,age-adjusted rate
1992,A,All,35,44,All Origins,2,26,neo_lung,total,79.4764190274499,666,nvss,Deaths,age-adjusted rate
1992,A,All,45,54,All Origins,2,26,neo_lung,total,389.033850417408,666,nvss,Deaths,age-adjusted rate
1992,A,All,55,64,All Origins,2,26,neo_lung,total,672.104221939676,666,nvss,Deaths,age-adjusted rate
1992,A,All,65,74,All Origins,2,26,neo_lung,total,1057.54008116647,666,nvss,Deaths,age-adjusted rate
1992,A,All,75,84,All Origins,2,26,neo_lung,total,820.155032187486,666,nvss,Deaths,age-adjusted rate
1992,A,All,85,150,All Origins,2,26,neo_lung,total,262.270402161918,666,nvss,Deaths,age-adjusted rate
1992,A,All,35,44,All Origins,2,26,resp_copd,total,18.3407120832577,666,nvss,Deaths,age-adjusted rate
1992,A,All,45,54,All Origins,2,26,resp_copd,total,56.4726557057527,666,nvss,Deaths,age-adjusted rate
1992,A,All,55,64,All Origins,2,26,resp_copd,total,216.173872553697,666,nvss,Deaths,age-adjusted rate
1992,A,All,65,74,All Origins,2,26,resp_copd,total,413.674984431049,666,nvss,Deaths,age-adjusted rate
1992,A,All,75,84,All Origins,2,26,resp_copd,total,694.97347464308,666,nvss,Deaths,age-adjusted rate
1992,A,All,85,150,All Origins,2,26,resp_copd,total,400.828350473875,666,nvss,Deaths,age-adjusted rate
1992,A,All,25,34,All Origins,2,26,t2_dm,total,26.5659759290802,666,nvss,Deaths,age-adjusted rate
1992,A,All,35,44,All Origins,2,26,t2_dm,total,61.1357069441922,666,nvss,Deaths,age-adjusted rate
1992,A,All,45,54,All Origins,2,26,t2_dm,total,87.8463533200598,666,nvss,Deaths,age-adjusted rate
1992,A,All,55,64,All Origins,2,26,t2_dm,total,94.3304171143405,666,nvss,Deaths,age-adjusted rate
1992,A,All,65,74,All Origins,2,26,t2_dm,total,256.878820977345,666,nvss,Deaths,age-adjusted rate
1992,A,All,75,84,All Origins,2,26,t2_dm,total,345.328434605257,666,nvss,Deaths,age-adjusted rate
1992,A,All,85,150,All Origins,2,26,t2_dm,total,163.300439081949,666,nvss,Deaths,age-adjusted rate
1992,A,All,25,34,All Origins,2,27,all-cause,overall,700.268905283596,666,nvss,Deaths,age-adjusted rate
1992,A,All,35,44,All Origins,2,27,all-cause,overall,1448.16852170173,666,nvss,Deaths,age-adjusted rate
1992,A,All,45,54,All Origins,2,27,all-cause,overall,2751.90695934557,666,nvss,Deaths,age-adjusted rate
1992,A,All,55,64,All Origins,2,27,all-cause,overall,3637.38391355199,666,nvss,Deaths,age-adjusted rate
1992,A,All,65,74,All Origins,2,27,all-cause,overall,6244.18474867577,666,nvss,Deaths,age-adjusted rate
1992,A,All,75,84,All Origins,2,27,all-cause,overall,10471.354446271,666,nvss,Deaths,age-adjusted rate
1992,A,All,85,150,All Origins,2,27,all-cause,overall,12490.5539535922,666,nvss,Deaths,age-adjusted rate
1992,A,All,25,34,All Origins,2,27,cvd_ihd,total,11.2946597626386,666,nvss,Deaths,age-adjusted rate
1992,A,All,35,44,All Origins,2,27,cvd_ihd,total,125.322275916496,666,nvss,Deaths,age-adjusted rate
1992,A,All,45,54,All Origins,2,27,cvd_ihd,total,243.839857157203,666,nvss,Deaths,age-adjusted rate
1992,A,All,55,64,All Origins,2,27,cvd_ihd,total,533.814021442783,666,nvss,Deaths,age-adjusted rate
1992,A,All,65,74,All Origins,2,27,cvd_ihd,total,746.727248295247,666,nvss,Deaths,age-adjusted rate
1992,A,All,75,84,All Origins,2,27,cvd_ihd,total,1770.06881209207,666,nvss,Deaths,age-adjusted rate
1992,A,All,85,150,All Origins,2,27,cvd_ihd,total,1772.676871143,666,nvss,Deaths,age-adjusted rate
1992,A,All,35,44,All Origins,2,27,cvd_stroke,total,27.8493946481102,666,nvss,Deaths,age-adjusted rate
1992,A,All,45,54,All Origins,2,27,cvd_stroke,total,34.8342653081718,666,nvss,Deaths,age-adjusted rate
1992,A,All,55,64,All Origins,2,27,cvd_stroke,total,24.8285591368736,666,nvss,Deaths,age-adjusted rate
1992,A,All,65,74,All Origins,2,27,cvd_stroke,total,12.8746077292284,666,nvss,Deaths,age-adjusted rate
1992,A,All,75,84,All Origins,2,27,cvd_stroke,total,37.2646065703594,666,nvss,Deaths,age-adjusted rate
1992,A,All,85,150,All Origins,2,27,cvd_stroke,total,136.359759318692,666,nvss,Deaths,age-adjusted rate
1992,A,All,25,34,All Origins,2,27,ncd_lri,total,316.250473353882,666,nvss,Deaths,age-adjusted rate
1992,A,All,35,44,All Origins,2,27,ncd_lri,total,932.954720711692,666,nvss,Deaths,age-adjusted rate
1992,A,All,45,54,All Origins,2,27,ncd_lri,total,2420.98143891794,666,nvss,Deaths,age-adjusted rate
1992,A,All,55,64,All Origins,2,27,ncd_lri,total,3475.99827916231,666,nvss,Deaths,age-adjusted rate
1992,A,All,65,74,All Origins,2,27,ncd_lri,total,5845.07190906969,666,nvss,Deaths,age-adjusted rate
1992,A,All,75,84,All Origins,2,27,ncd_lri,total,9577.00388858236,666,nvss,Deaths,age-adjusted rate
1992,A,All,85,150,All Origins,2,27,ncd_lri,total,10036.0782858557,666,nvss,Deaths,age-adjusted rate
1992,A,All,35,44,All Origins,2,27,neo_lung,total,41.7740919721653,666,nvss,Deaths,age-adjusted rate
1992,A,All,45,54,All Origins,2,27,neo_lung,total,296.09125511946,666,nvss,Deaths,age-adjusted rate
1992,A,All,55,64,All Origins,2,27,neo_lung,total,409.671225758415,666,nvss,Deaths,age-adjusted rate
1992,A,All,65,74,All Origins,2,27,neo_lung,total,708.103425107562,666,nvss,Deaths,age-adjusted rate
1992,A,All,75,84,All Origins,2,27,neo_lung,total,782.556737977547,666,nvss,Deaths,age-adjusted rate
1992,A,All,85,150,All Origins,2,27,neo_lung,total,163.631711182431,666,nvss,Deaths,age-adjusted rate
1992,A,All,55,64,All Origins,2,27,resp_copd,total,186.214193526552,666,nvss,Deaths,age-adjusted rate
1992,A,All,65,74,All Origins,2,27,resp_copd,total,437.736662793765,666,nvss,Deaths,age-adjusted rate
1992,A,All,75,84,All Origins,2,27,resp_copd,total,708.027524836828,666,nvss,Deaths,age-adjusted rate
1992,A,All,85,150,All Origins,2,27,resp_copd,total,463.623181683554,666,nvss,Deaths,age-adjusted rate
1992,A,All,25,34,All Origins,2,27,t2_dm,total,45.1786390505546,666,nvss,Deaths,age-adjusted rate
1992,A,All,35,44,All Origins,2,27,t2_dm,total,55.6987892962204,666,nvss,Deaths,age-adjusted rate
1992,A,All,45,54,All Origins,2,27,t2_dm,total,69.6685306163436,666,nvss,Deaths,age-adjusted rate
1992,A,All,55,64,All Origins,2,27,t2_dm,total,136.557075252805,666,nvss,Deaths,age-adjusted rate
1992,A,All,65,74,All Origins,2,27,t2_dm,total,193.119115938426,666,nvss,Deaths,age-adjusted rate
1992,A,All,75,84,All Origins,2,27,t2_dm,total,204.955336136976,666,nvss,Deaths,age-adjusted rate
1992,A,All,85,150,All Origins,2,27,t2_dm,total,245.447566773646,666,nvss,Deaths,age-adjusted rate
1992,A,All,25,34,All Origins,2,29,all-cause,overall,1604.54277246951,666,nvss,Deaths,age-adjusted rate
1992,A,All,35,44,All Origins,2,29,all-cause,overall,3061.57830921381,666,nvss,Deaths,age-adjusted rate
1992,A,All,45,54,All Origins,2,29,all-cause,overall,3762.25770961027,666,nvss,Deaths,age-adjusted rate
1992,A,All,55,64,All Origins,2,29,all-cause,overall,5413.0344886176,666,nvss,Deaths,age-adjusted rate
1992,A,All,65,74,All Origins,2,29,all-cause,overall,8512.25591955211,666,nvss,Deaths,age-adjusted rate
1992,A,All,75,84,All Origins,2,29,all-cause,overall,12574.4185562451,666,nvss,Deaths,age-adjusted rate
1992,A,All,85,150,All Origins,2,29,all-cause,overall,11858.3353444768,666,nvss,Deaths,age-adjusted rate
1992,A,All,25,34,All Origins,2,29,cvd_ihd,total,35.7359192086751,666,nvss,Deaths,age-adjusted rate
1992,A,All,35,44,All Origins,2,29,cvd_ihd,total,177.225951329309,666,nvss,Deaths,age-adjusted rate
1992,A,All,45,54,All Origins,2,29,cvd_ihd,total,336.062235498956,666,nvss,Deaths,age-adjusted rate
1992,A,All,55,64,All Origins,2,29,cvd_ihd,total,615.370690321239,666,nvss,Deaths,age-adjusted rate
1992,A,All,65,74,All Origins,2,29,cvd_ihd,total,1033.64730274785,666,nvss,Deaths,age-adjusted rate
1992,A,All,75,84,All Origins,2,29,cvd_ihd,total,1925.04876856171,666,nvss,Deaths,age-adjusted rate
1992,A,All,85,150,All Origins,2,29,cvd_ihd,total,2784.59374732105,666,nvss,Deaths,age-adjusted rate
1992,A,All,25,34,All Origins,2,29,cvd_stroke,total,14.29436768347,666,nvss,Deaths,age-adjusted rate
1992,A,All,35,44,All Origins,2,29,cvd_stroke,total,62.0290829652582,666,nvss,Deaths,age-adjusted rate
1992,A,All,45,54,All Origins,2,29,cvd_stroke,total,45.0815193962015,666,nvss,Deaths,age-adjusted rate
1992,A,All,55,64,All Origins,2,29,cvd_stroke,total,61.2586207559605,666,nvss,Deaths,age-adjusted rate
1992,A,All,65,74,All Origins,2,29,cvd_stroke,total,90.8700925492619,666,nvss,Deaths,age-adjusted rate
1992,A,All,75,84,All Origins,2,29,cvd_stroke,total,200.205071930417,666,nvss,Deaths,age-adjusted rate
1992,A,All,85,150,All Origins,2,29,cvd_stroke,total,212.906564181488,666,nvss,Deaths,age-adjusted rate
1992,A,All,25,34,All Origins,2,29,lri,total,7.14718384173502,666,nvss,Deaths,age-adjusted rate
1992,A,All,45,54,All Origins,2,29,lri,total,4.09831994510922,666,nvss,Deaths,age-adjusted rate
1992,A,All,65,74,All Origins,2,29,lri,total,4.5435046274631,666,nvss,Deaths,age-adjusted rate
1992,A,All,75,84,All Origins,2,29,lri,total,7.70019507424682,666,nvss,Deaths,age-adjusted rate
1992,A,All,85,150,All Origins,2,29,lri,total,2.80140216028274,666,nvss,Deaths,age-adjusted rate
1992,A,All,25,34,All Origins,2,29,ncd_lri,total,775.469446828249,666,nvss,Deaths,age-adjusted rate
1992,A,All,35,44,All Origins,2,29,ncd_lri,total,2069.11298176968,666,nvss,Deaths,age-adjusted rate
1992,A,All,45,54,All Origins,2,29,ncd_lri,total,3290.95091592271,666,nvss,Deaths,age-adjusted rate
1992,A,All,55,64,All Origins,2,29,ncd_lri,total,5106.7413848378,666,nvss,Deaths,age-adjusted rate
1992,A,All,65,74,All Origins,2,29,ncd_lri,total,7942.04608880549,666,nvss,Deaths,age-adjusted rate
1992,A,All,75,84,All Origins,2,29,ncd_lri,total,11468.1571972449,666,nvss,Deaths,age-adjusted rate
1992,A,All,85,150,All Origins,2,29,ncd_lri,total,10424.0174384121,666,nvss,Deaths,age-adjusted rate
1992,A,All,25,34,All Origins,2,29,neo_lung,total,3.57359192086751,666,nvss,Deaths,age-adjusted rate
1992,A,All,35,44,All Origins,2,29,neo_lung,total,106.335570797585,666,nvss,Deaths,age-adjusted rate
1992,A,All,45,54,All Origins,2,29,neo_lung,total,491.798393413107,666,nvss,Deaths,age-adjusted rate
1992,A,All,55,64,All Origins,2,29,neo_lung,total,879.896552676523,666,nvss,Deaths,age-adjusted rate
1992,A,All,65,74,All Origins,2,29,neo_lung,total,1006.38627498308,666,nvss,Deaths,age-adjusted rate
1992,A,All,75,84,All Origins,2,29,neo_lung,total,857.288384932813,666,nvss,Deaths,age-adjusted rate
1992,A,All,85,150,All Origins,2,29,neo_lung,total,238.119183624033,666,nvss,Deaths,age-adjusted rate
1992,A,All,25,34,All Origins,2,29,resp_copd,total,10.7207757626025,666,nvss,Deaths,age-adjusted rate
1992,A,All,35,44,All Origins,2,29,resp_copd,total,17.7225951329309,666,nvss,Deaths,age-adjusted rate
1992,A,All,45,54,All Origins,2,29,resp_copd,total,94.2613587375121,666,nvss,Deaths,age-adjusted rate
1992,A,All,55,64,All Origins,2,29,resp_copd,total,258.956896832015,666,nvss,Deaths,age-adjusted rate
1992,A,All,65,74,All Origins,2,29,resp_copd,total,454.35046274631,666,nvss,Deaths,age-adjusted rate
1992,A,All,75,84,All Origins,2,29,resp_copd,total,698.151020065045,666,nvss,Deaths,age-adjusted rate
1992,A,All,85,150,All Origins,2,29,resp_copd,total,305.352835470819,666,nvss,Deaths,age-adjusted rate
1992,A,All,25,34,All Origins,2,29,t2_dm,total,17.8679596043375,666,nvss,Deaths,age-adjusted rate
1992,A,All,35,44,All Origins,2,29,t2_dm,total,44.3064878323273,666,nvss,Deaths,age-adjusted rate
1992,A,All,45,54,All Origins,2,29,t2_dm,total,61.4747991766383,666,nvss,Deaths,age-adjusted rate
1992,A,All,55,64,All Origins,2,29,t2_dm,total,139.224138081728,666,nvss,Deaths,age-adjusted rate
1992,A,All,65,74,All Origins,2,29,t2_dm,total,288.512543843907,666,nvss,Deaths,age-adjusted rate
1992,A,All,75,84,All Origins,2,29,t2_dm,total,331.108388192613,666,nvss,Deaths,age-adjusted rate
1992,A,All,85,150,All Origins,2,29,t2_dm,total,176.488336097813,666,nvss,Deaths,age-adjusted rate
1992,A,All,25,34,All Origins,2,34,all-cause,overall,233558.633014679,666,nvss,Deaths,age-adjusted rate
1992,A,All,35,44,All Origins,2,34,all-cause,overall,2859546.10510762,666,nvss,Deaths,age-adjusted rate
1992,A,All,45,54,All Origins,2,34,all-cause,overall,2822387.94268451,666,nvss,Deaths,age-adjusted rate
1992,A,All,55,64,All Origins,2,34,all-cause,overall,3680452.97474592,666,nvss,Deaths,age-adjusted rate
1992,A,All,65,74,All Origins,2,34,all-cause,overall,4347588.93739918,666,nvss,Deaths,age-adjusted rate
1992,A,All,75,84,All Origins,2,34,all-cause,overall,2667241.11600519,666,nvss,Deaths,age-adjusted rate
1992,A,All,85,150,All Origins,2,34,all-cause,overall,2882654.08387514,666,nvss,Deaths,age-adjusted rate
1992,A,All,25,34,All Origins,2,34,cvd_ihd,total,1027.08281888601,666,nvss,Deaths,age-adjusted rate
1992,A,All,35,44,All Origins,2,34,cvd_ihd,total,81306.8366795622,666,nvss,Deaths,age-adjusted rate
1992,A,All,45,54,All Origins,2,34,cvd_ihd,total,169114.743124416,666,nvss,Deaths,age-adjusted rate
1992,A,All,55,64,All Origins,2,34,cvd_ihd,total,336635.663237329,666,nvss,Deaths,age-adjusted rate
1992,A,All,65,74,All Origins,2,34,cvd_ihd,total,484126.245476695,666,nvss,Deaths,age-adjusted rate
1992,A,All,75,84,All Origins,2,34,cvd_ihd,total,383900.210768481,666,nvss,Deaths,age-adjusted rate
1992,A,All,85,150,All Origins,2,34,cvd_ihd,total,632527.805511656,666,nvss,Deaths,age-adjusted rate
1992,A,All,25,34,All Origins,2,34,cvd_stroke,total,2054.16563777202,666,nvss,Deaths,age-adjusted rate
1992,A,All,35,44,All Origins,2,34,cvd_stroke,total,32215.9164202039,666,nvss,Deaths,age-adjusted rate
1992,A,All,45,54,All Origins,2,34,cvd_stroke,total,37708.0170480116,666,nvss,Deaths,age-adjusted rate
1992,A,All,55,64,All Origins,2,34,cvd_stroke,total,34172.5187303552,666,nvss,Deaths,age-adjusted rate
1992,A,All,65,74,All Origins,2,34,cvd_stroke,total,38189.0875643079,666,nvss,Deaths,age-adjusted rate
1992,A,All,75,84,All Origins,2,34,cvd_stroke,total,29107.1881115447,666,nvss,Deaths,age-adjusted rate
1992,A,All,85,150,All Origins,2,34,cvd_stroke,total,36832.8363104423,666,nvss,Deaths,age-adjusted rate
1992,A,All,35,44,All Origins,2,34,lri,total,1534.09125810495,666,nvss,Deaths,age-adjusted rate
1992,A,All,45,54,All Origins,2,34,lri,total,1142.66718327308,666,nvss,Deaths,age-adjusted rate
1992,A,All,65,74,All Origins,2,34,lri,total,795.605990923081,666,nvss,Deaths,age-adjusted rate
1992,A,All,75,84,All Origins,2,34,lri,total,590.010569828608,666,nvss,Deaths,age-adjusted rate
1992,A,All,85,150,All Origins,2,34,lri,total,553.877237751012,666,nvss,Deaths,age-adjusted rate
1992,A,All,25,34,All Origins,2,34,ncd_lri,total,131261.184253632,666,nvss,Deaths,age-adjusted rate
1992,A,All,35,44,All Origins,2,34,ncd_lri,total,2167670.94770229,666,nvss,Deaths,age-adjusted rate
1992,A,All,45,54,All Origins,2,34,ncd_lri,total,2475017.11896949,666,nvss,Deaths,age-adjusted rate
1992,A,All,55,64,All Origins,2,34,ncd_lri,total,3460149.29016512,666,nvss,Deaths,age-adjusted rate
1992,A,All,65,74,All Origins,2,34,ncd_lri,total,4146300.62169564,666,nvss,Deaths,age-adjusted rate
1992,A,All,75,84,All Origins,2,34,ncd_lri,total,2489844.60467673,666,nvss,Deaths,age-adjusted rate
1992,A,All,85,150,All Origins,2,34,ncd_lri,total,2599345.8767655,666,nvss,Deaths,age-adjusted rate
1992,A,All,25,34,All Origins,2,34,neo_lung,total,1643.33251021762,666,nvss,Deaths,age-adjusted rate
1992,A,All,35,44,All Origins,2,34,neo_lung,total,121193.209390291,666,nvss,Deaths,age-adjusted rate
1992,A,All,45,54,All Origins,2,34,neo_lung,total,297093.467651001,666,nvss,Deaths,age-adjusted rate
1992,A,All,55,64,All Origins,2,34,neo_lung,total,474779.887891957,666,nvss,Deaths,age-adjusted rate
1992,A,All,65,74,All Origins,2,34,neo_lung,total,495264.729349618,666,nvss,Deaths,age-adjusted rate
1992,A,All,75,84,All Origins,2,34,neo_lung,total,163826.26822241,666,nvss,Deaths,age-adjusted rate
1992,A,All,85,150,All Origins,2,34,neo_lung,total,50402.8286353421,666,nvss,Deaths,age-adjusted rate
1992,A,All,25,34,All Origins,2,34,resp_copd,total,821.666255108809,666,nvss,Deaths,age-adjusted rate
1992,A,All,35,44,All Origins,2,34,resp_copd,total,23011.3688715742,666,nvss,Deaths,age-adjusted rate
1992,A,All,45,54,All Origins,2,34,resp_copd,total,36565.3498647385,666,nvss,Deaths,age-adjusted rate
1992,A,All,55,64,All Origins,2,34,resp_copd,total,103971.705924272,666,nvss,Deaths,age-adjusted rate
1992,A,All,65,74,All Origins,2,34,resp_copd,total,205664.148653616,666,nvss,Deaths,age-adjusted rate
1992,A,All,75,84,All Origins,2,34,resp_copd,total,126655.602323208,666,nvss,Deaths,age-adjusted rate
1992,A,All,85,150,All Origins,2,34,resp_copd,total,72004.0409076315,666,nvss,Deaths,age-adjusted rate
1992,A,All,25,34,All Origins,2,34,t2_dm,total,2464.99876532643,666,nvss,Deaths,age-adjusted rate
1992,A,All,35,44,All Origins,2,34,t2_dm,total,59829.559066093,666,nvss,Deaths,age-adjusted rate
1992,A,All,45,54,All Origins,2,34,t2_dm,total,82272.0371956617,666,nvss,Deaths,age-adjusted rate
1992,A,All,55,64,All Origins,2,34,t2_dm,total,137417.149788024,666,nvss,Deaths,age-adjusted rate
1992,A,All,65,74,All Origins,2,34,t2_dm,total,169066.273071155,666,nvss,Deaths,age-adjusted rate
1992,A,All,75,84,All Origins,2,34,t2_dm,total,83388.1605357766,666,nvss,Deaths,age-adjusted rate
1992,A,All,85,150,All Origins,2,34,t2_dm,total,55110.7851562257,666,nvss,Deaths,age-adjusted rate
1992,A,All,25,34,All Origins,2,37,all-cause,overall,79.814085623644,666,nvss,Deaths,age-adjusted rate
1992,A,All,35,44,All Origins,2,37,all-cause,overall,174.031023769924,666,nvss,Deaths,age-adjusted rate
1992,A,All,45,54,All Origins,2,37,all-cause,overall,273.228680644975,666,nvss,Deaths,age-adjusted rate
1992,A,All,55,64,All Origins,2,37,all-cause,overall,443.28427166327,666,nvss,Deaths,age-adjusted rate
1992,A,All,65,74,All Origins,2,37,all-cause,overall,585.91795212498,666,nvss,Deaths,age-adjusted rate
1992,A,All,75,84,All Origins,2,37,all-cause,overall,878.038950747614,666,nvss,Deaths,age-adjusted rate
1992,A,All,85,150,All Origins,2,37,all-cause,overall,714.041138205189,666,nvss,Deaths,age-adjusted rate
1992,A,All,35,44,All Origins,2,37,cvd_ihd,total,2.28988189170952,666,nvss,Deaths,age-adjusted rate
1992,A,All,45,54,All Origins,2,37,cvd_ihd,total,26.597482186679,666,nvss,Deaths,age-adjusted rate
1992,A,All,55,64,All Origins,2,37,cvd_ihd,total,70.9254834661232,666,nvss,Deaths,age-adjusted rate
1992,A,All,65,74,All Origins,2,37,cvd_ihd,total,90.6219765953303,666,nvss,Deaths,age-adjusted rate
1992,A,All,75,84,All Origins,2,37,cvd_ihd,total,136.83723907755,666,nvss,Deaths,age-adjusted rate
1992,A,All,85,150,All Origins,2,37,cvd_ihd,total,71.9178124810981,666,nvss,Deaths,age-adjusted rate
1992,A,All,25,34,All Origins,2,37,cvd_stroke,total,1.94668501521083,666,nvss,Deaths,age-adjusted rate
1992,A,All,45,54,All Origins,2,37,cvd_stroke,total,2.41795292606173,666,nvss,Deaths,age-adjusted rate
1992,A,All,55,64,All Origins,2,37,cvd_stroke,total,5.31941125995924,666,nvss,Deaths,age-adjusted rate
1992,A,All,65,74,All Origins,2,37,cvd_stroke,total,3.12489574466656,666,nvss,Deaths,age-adjusted rate
1992,A,All,75,84,All Origins,2,37,cvd_stroke,total,11.4031032564625,666,nvss,Deaths,age-adjusted rate
1992,A,All,85,150,All Origins,2,37,cvd_stroke,total,10.2739732115854,666,nvss,Deaths,age-adjusted rate
1992,A,All,85,150,All Origins,2,37,lri,total,2.56849330289636,666,nvss,Deaths,age-adjusted rate
1992,A,All,25,34,All Origins,2,37,ncd_lri,total,42.8270703346383,666,nvss,Deaths,age-adjusted rate
1992,A,All,35,44,All Origins,2,37,ncd_lri,total,135.103031610862,666,nvss,Deaths,age-adjusted rate
1992,A,All,45,54,All Origins,2,37,ncd_lri,total,239.377339680111,666,nvss,Deaths,age-adjusted rate
1992,A,All,55,64,All Origins,2,37,ncd_lri,total,418.460352450127,666,nvss,Deaths,age-adjusted rate
1992,A,All,65,74,All Origins,2,37,ncd_lri,total,553.106546805981,666,nvss,Deaths,age-adjusted rate
1992,A,All,75,84,All Origins,2,37,ncd_lri,total,800.117745161787,666,nvss,Deaths,age-adjusted rate
1992,A,All,85,150,All Origins,2,37,ncd_lri,total,619.006885998023,666,nvss,Deaths,age-adjusted rate
1992,A,All,35,44,All Origins,2,37,neo_lung,total,6.86964567512856,666,nvss,Deaths,age-adjusted rate
1992,A,All,45,54,All Origins,2,37,neo_lung,total,14.5077175563704,666,nvss,Deaths,age-adjusted rate
1992,A,All,55,64,All Origins,2,37,neo_lung,total,67.379209292817,666,nvss,Deaths,age-adjusted rate
1992,A,All,65,74,All Origins,2,37,neo_lung,total,57.8105712763314,666,nvss,Deaths,age-adjusted rate
1992,A,All,75,84,All Origins,2,37,neo_lung,total,51.3139646540814,666,nvss,Deaths,age-adjusted rate
1992,A,All,85,150,All Origins,2,37,neo_lung,total,10.2739732115854,666,nvss,Deaths,age-adjusted rate
1992,A,All,35,44,All Origins,2,37,resp_copd,total,2.28988189170952,666,nvss,Deaths,age-adjusted rate
1992,A,All,45,54,All Origins,2,37,resp_copd,total,4.83590585212346,666,nvss,Deaths,age-adjusted rate
1992,A,All,55,64,All Origins,2,37,resp_copd,total,12.4119596065716,666,nvss,Deaths,age-adjusted rate
1992,A,All,65,74,All Origins,2,37,resp_copd,total,51.5607797869983,666,nvss,Deaths,age-adjusted rate
1992,A,All,75,84,All Origins,2,37,resp_copd,total,34.2093097693876,666,nvss,Deaths,age-adjusted rate
1992,A,All,85,150,All Origins,2,37,resp_copd,total,23.1164397260673,666,nvss,Deaths,age-adjusted rate
1992,A,All,35,44,All Origins,2,37,t2_dm,total,4.57976378341904,666,nvss,Deaths,age-adjusted rate
1992,A,All,45,54,All Origins,2,37,t2_dm,total,12.0897646303086,666,nvss,Deaths,age-adjusted rate
1992,A,All,55,64,All Origins,2,37,t2_dm,total,17.7313708665308,666,nvss,Deaths,age-adjusted rate
1992,A,All,65,74,All Origins,2,37,t2_dm,total,10.937135106333,666,nvss,Deaths,age-adjusted rate
1992,A,All,75,84,All Origins,2,37,t2_dm,total,30.4082753505667,666,nvss,Deaths,age-adjusted rate
1992,A,All,85,150,All Origins,2,37,t2_dm,total,5.13698660579272,666,nvss,Deaths,age-adjusted rate
1992,A,All,25,34,All Origins,2,39,all-cause,overall,247.141792546296,666,nvss,Deaths,age-adjusted rate
1992,A,All,35,44,All Origins,2,39,all-cause,overall,589.810721689857,666,nvss,Deaths,age-adjusted rate
1992,A,All,45,54,All Origins,2,39,all-cause,overall,1030.50409051745,666,nvss,Deaths,age-adjusted rate
1992,A,All,55,64,All Origins,2,39,all-cause,overall,1791.70582122132,666,nvss,Deaths,age-adjusted rate
1992,A,All,65,74,All Origins,2,39,all-cause,overall,3147.20441490214,666,nvss,Deaths,age-adjusted rate
1992,A,All,75,84,All Origins,2,39,all-cause,overall,4376.50087184548,666,nvss,Deaths,age-adjusted rate
1992,A,All,85,150,All Origins,2,39,all-cause,overall,3275.92454658851,666,nvss,Deaths,age-adjusted rate
1992,A,All,25,34,All Origins,2,39,cvd_ihd,total,7.31188735344071,666,nvss,Deaths,age-adjusted rate
1992,A,All,35,44,All Origins,2,39,cvd_ihd,total,21.7776266470101,666,nvss,Deaths,age-adjusted rate
1992,A,All,45,54,All Origins,2,39,cvd_ihd,total,80.477462307077,666,nvss,Deaths,age-adjusted rate
1992,A,All,55,64,All Origins,2,39,cvd_ihd,total,201.64386819587,666,nvss,Deaths,age-adjusted rate
1992,A,All,65,74,All Origins,2,39,cvd_ihd,total,368.119610249765,666,nvss,Deaths,age-adjusted rate
1992,A,All,75,84,All Origins,2,39,cvd_ihd,total,653.363874232855,666,nvss,Deaths,age-adjusted rate
1992,A,All,85,150,All Origins,2,39,cvd_ihd,total,604.732906806951,666,nvss,Deaths,age-adjusted rate
1992,A,All,25,34,All Origins,2,39,cvd_stroke,total,2.92475494137628,666,nvss,Deaths,age-adjusted rate
1992,A,All,35,44,All Origins,2,39,cvd_stroke,total,12.7036155440892,666,nvss,Deaths,age-adjusted rate
1992,A,All,45,54,All Origins,2,39,cvd_stroke,total,19.6286493431895,666,nvss,Deaths,age-adjusted rate
1992,A,All,55,64,All Origins,2,39,cvd_stroke,total,26.1675248803801,666,nvss,Deaths,age-adjusted rate
1992,A,All,65,74,All Origins,2,39,cvd_stroke,total,39.2854920029394,666,nvss,Deaths,age-adjusted rate
1992,A,All,75,84,All Origins,2,39,cvd_stroke,total,69.1390343103551,666,nvss,Deaths,age-adjusted rate
1992,A,All,85,150,All Origins,2,39,cvd_stroke,total,46.6508242393934,666,nvss,Deaths,age-adjusted rate
1992,A,All,45,54,All Origins,2,39,lri,total,1.96286493431895,666,nvss,Deaths,age-adjusted rate
1992,A,All,65,74,All Origins,2,39,lri,total,1.45501822233109,666,nvss,Deaths,age-adjusted rate
1992,A,All,25,34,All Origins,2,39,ncd_lri,total,116.990197655051,666,nvss,Deaths,age-adjusted rate
1992,A,All,35,44,All Origins,2,39,ncd_lri,total,393.812081866766,666,nvss,Deaths,age-adjusted rate
1992,A,All,45,54,All Origins,2,39,ncd_lri,total,883.289220443528,666,nvss,Deaths,age-adjusted rate
1992,A,All,55,64,All Origins,2,39,ncd_lri,total,1700.8891172247,666,nvss,Deaths,age-adjusted rate
1992,A,All,65,74,All Origins,2,39,ncd_lri,total,2979.87731933407,666,nvss,Deaths,age-adjusted rate
1992,A,All,75,84,All Origins,2,39,ncd_lri,total,4049.81893472905,666,nvss,Deaths,age-adjusted rate
1992,A,All,85,150,All Origins,2,39,ncd_lri,total,2875.07301979076,666,nvss,Deaths,age-adjusted rate
1992,A,All,35,44,All Origins,2,39,neo_lung,total,32.6664399705152,666,nvss,Deaths,age-adjusted rate
1992,A,All,45,54,All Origins,2,39,neo_lung,total,121.697625927775,666,nvss,Deaths,age-adjusted rate
1992,A,All,55,64,All Origins,2,39,neo_lung,total,284.764241345312,666,nvss,Deaths,age-adjusted rate
1992,A,All,65,74,All Origins,2,39,neo_lung,total,432.140412032333,666,nvss,Deaths,age-adjusted rate
1992,A,All,75,84,All Origins,2,39,neo_lung,total,288.655468245732,666,nvss,Deaths,age-adjusted rate
1992,A,All,85,150,All Origins,2,39,neo_lung,total,60.4732906806951,666,nvss,Deaths,age-adjusted rate
1992,A,All,35,44,All Origins,2,39,resp_copd,total,1.81480222058417,666,nvss,Deaths,age-adjusted rate
1992,A,All,45,54,All Origins,2,39,resp_copd,total,15.7029194745516,666,nvss,Deaths,age-adjusted rate
1992,A,All,55,64,All Origins,2,39,resp_copd,total,95.4345025049155,666,nvss,Deaths,age-adjusted rate
1992,A,All,65,74,All Origins,2,39,resp_copd,total,194.972441792366,666,nvss,Deaths,age-adjusted rate
1992,A,All,75,84,All Origins,2,39,resp_copd,total,276.55613724142,666,nvss,Deaths,age-adjusted rate
1992,A,All,85,150,All Origins,2,39,resp_copd,total,114.035348140739,666,nvss,Deaths,age-adjusted rate
1992,A,All,25,34,All Origins,2,39,t2_dm,total,5.84950988275257,666,nvss,Deaths,age-adjusted rate
1992,A,All,35,44,All Origins,2,39,t2_dm,total,12.7036155440892,666,nvss,Deaths,age-adjusted rate
1992,A,All,45,54,All Origins,2,39,t2_dm,total,37.2944337520601,666,nvss,Deaths,age-adjusted rate
1992,A,All,55,64,All Origins,2,39,t2_dm,total,56.9528482690625,666,nvss,Deaths,age-adjusted rate
1992,A,All,65,74,All Origins,2,39,t2_dm,total,107.671348452501,666,nvss,Deaths,age-adjusted rate
1992,A,All,75,84,All Origins,2,39,t2_dm,total,138.27806862071,666,nvss,Deaths,age-adjusted rate
1992,A,All,85,150,All Origins,2,39,t2_dm,total,60.4732906806951,666,nvss,Deaths,age-adjusted rate
1992,A,All,25,34,All Origins,2,48,all-cause,overall,10.099323110859,666,nvss,Deaths,age-adjusted rate
1992,A,All,35,44,All Origins,2,48,all-cause,overall,19.9321375718064,666,nvss,Deaths,age-adjusted rate
1992,A,All,45,54,All Origins,2,48,all-cause,overall,32.8662660364103,666,nvss,Deaths,age-adjusted rate
1992,A,All,55,64,All Origins,2,48,all-cause,overall,44.8134605683201,666,nvss,Deaths,age-adjusted rate
1992,A,All,65,74,All Origins,2,48,all-cause,overall,79.4022657326358,666,nvss,Deaths,age-adjusted rate
1992,A,All,75,84,All Origins,2,48,all-cause,overall,98.0554788515229,666,nvss,Deaths,age-adjusted rate
1992,A,All,85,150,All Origins,2,48,all-cause,overall,77.3525349551824,666,nvss,Deaths,age-adjusted rate
1992,A,All,25,34,All Origins,2,48,cvd_ihd,total,0.120949977375557,666,nvss,Deaths,age-adjusted rate
1992,A,All,35,44,All Origins,2,48,cvd_ihd,total,1.94253883115062,666,nvss,Deaths,age-adjusted rate
1992,A,All,45,54,All Origins,2,48,cvd_ihd,total,3.82406240046283,666,nvss,Deaths,age-adjusted rate
1992,A,All,55,64,All Origins,2,48,cvd_ihd,total,5.01772338409762,666,nvss,Deaths,age-adjusted rate
1992,A,All,65,74,All Origins,2,48,cvd_ihd,total,9.94583245719351,666,nvss,Deaths,age-adjusted rate
1992,A,All,75,84,All Origins,2,48,cvd_ihd,total,13.1287670428817,666,nvss,Deaths,age-adjusted rate
1992,A,All,85,150,All Origins,2,48,cvd_ihd,total,14.3752498589277,666,nvss,Deaths,age-adjusted rate
1992,A,All,25,34,All Origins,2,48,cvd_stroke,total,0.0604749886877787,666,nvss,Deaths,age-adjusted rate
1992,A,All,35,44,All Origins,2,48,cvd_stroke,total,0.253374630150081,666,nvss,Deaths,age-adjusted rate
1992,A,All,45,54,All Origins,2,48,cvd_stroke,total,0.826824302802774,666,nvss,Deaths,age-adjusted rate
1992,A,All,55,64,All Origins,2,48,cvd_stroke,total,0.692099777116913,666,nvss,Deaths,age-adjusted rate
1992,A,All,65,74,All Origins,2,48,cvd_stroke,total,0.493181774736868,666,nvss,Deaths,age-adjusted rate
1992,A,All,75,84,All Origins,2,48,cvd_stroke,total,1.33339040279268,666,nvss,Deaths,age-adjusted rate
1992,A,All,85,150,All Origins,2,48,cvd_stroke,total,0.79862499216265,666,nvss,Deaths,age-adjusted rate
1992,A,All,55,64,All Origins,2,48,lri,total,0.0865124721396142,666,nvss,Deaths,age-adjusted rate
1992,A,All,25,34,All Origins,2,48,ncd_lri,total,4.41467417420784,666,nvss,Deaths,age-adjusted rate
1992,A,All,35,44,All Origins,2,48,ncd_lri,total,13.6822300281044,666,nvss,Deaths,age-adjusted rate
1992,A,All,45,54,All Origins,2,48,ncd_lri,total,28.628791484546,666,nvss,Deaths,age-adjusted rate
1992,A,All,55,64,All Origins,2,48,ncd_lri,total,41.5259866270148,666,nvss,Deaths,age-adjusted rate
1992,A,All,65,74,All Origins,2,48,ncd_lri,total,75.1280236849163,666,nvss,Deaths,age-adjusted rate
1992,A,All,75,84,All Origins,2,48,ncd_lri,total,90.4654104048569,666,nvss,Deaths,age-adjusted rate
1992,A,All,85,150,All Origins,2,48,ncd_lri,total,69.3662850335559,666,nvss,Deaths,age-adjusted rate
1992,A,All,35,44,All Origins,2,48,neo_lung,total,0.337832840200108,666,nvss,Deaths,age-adjusted rate
1992,A,All,45,54,All Origins,2,48,neo_lung,total,3.61735632476213,666,nvss,Deaths,age-adjusted rate
1992,A,All,55,64,All Origins,2,48,neo_lung,total,7.9591474368445,666,nvss,Deaths,age-adjusted rate
1992,A,All,65,74,All Origins,2,48,neo_lung,total,10.6034081568427,666,nvss,Deaths,age-adjusted rate
1992,A,All,75,84,All Origins,2,48,neo_lung,total,6.46181502891835,666,nvss,Deaths,age-adjusted rate
1992,A,All,85,150,All Origins,2,48,neo_lung,total,1.82542855351463,666,nvss,Deaths,age-adjusted rate
1992,A,All,25,34,All Origins,2,48,resp_copd,total,0.0604749886877787,666,nvss,Deaths,age-adjusted rate
1992,A,All,35,44,All Origins,2,48,resp_copd,total,0.253374630150081,666,nvss,Deaths,age-adjusted rate
1992,A,All,45,54,All Origins,2,48,resp_copd,total,0.826824302802774,666,nvss,Deaths,age-adjusted rate
1992,A,All,55,64,All Origins,2,48,resp_copd,total,1.73024944279228,666,nvss,Deaths,age-adjusted rate
1992,A,All,65,74,All Origins,2,48,resp_copd,total,4.76742382245639,666,nvss,Deaths,age-adjusted rate
1992,A,All,75,84,All Origins,2,48,resp_copd,total,5.02585613360316,666,nvss,Deaths,age-adjusted rate
1992,A,All,85,150,All Origins,2,48,resp_copd,total,1.36907141513597,666,nvss,Deaths,age-adjusted rate
1992,A,All,25,34,All Origins,2,48,t2_dm,total,0.181424966063336,666,nvss,Deaths,age-adjusted rate
1992,A,All,35,44,All Origins,2,48,t2_dm,total,0.422291050250136,666,nvss,Deaths,age-adjusted rate
1992,A,All,45,54,All Origins,2,48,t2_dm,total,1.03353037850347,666,nvss,Deaths,age-adjusted rate
1992,A,All,55,64,All Origins,2,48,t2_dm,total,0.951637193535756,666,nvss,Deaths,age-adjusted rate
1992,A,All,65,74,All Origins,2,48,t2_dm,total,3.94545419789495,666,nvss,Deaths,age-adjusted rate
1992,A,All,75,84,All Origins,2,48,t2_dm,total,4.51301367099059,666,nvss,Deaths,age-adjusted rate
1992,A,All,85,150,All Origins,2,48,t2_dm,total,2.28178569189329,666,nvss,Deaths,age-adjusted rate
1992,A,All,25,34,All Origins,2,51,all-cause,overall,739.234342342281,666,nvss,Deaths,age-adjusted rate
1992,A,All,35,44,All Origins,2,51,all-cause,overall,1381.42902681569,666,nvss,Deaths,age-adjusted rate
1992,A,All,45,54,All Origins,2,51,all-cause,overall,2024.6138372339,666,nvss,Deaths,age-adjusted rate
1992,A,All,55,64,All Origins,2,51,all-cause,overall,2647.49256099493,666,nvss,Deaths,age-adjusted rate
1992,A,All,65,74,All Origins,2,51,all-cause,overall,5015.97589891138,666,nvss,Deaths,age-adjusted rate
1992,A,All,75,84,All Origins,2,51,all-cause,overall,7087.08610257505,666,nvss,Deaths,age-adjusted rate
1992,A,All,85,150,All Origins,2,51,all-cause,overall,6844.61714583844,666,nvss,Deaths,age-adjusted rate
1992,A,All,25,34,All Origins,2,51,cvd_ihd,total,4.55380498362801,666,nvss,Deaths,age-adjusted rate
1992,A,All,35,44,All Origins,2,51,cvd_ihd,total,35.1956439953042,666,nvss,Deaths,age-adjusted rate
1992,A,All,45,54,All Origins,2,51,cvd_ihd,total,118.883018912311,666,nvss,Deaths,age-adjusted rate
1992,A,All,55,64,All Origins,2,51,cvd_ihd,total,227.443048718266,666,nvss,Deaths,age-adjusted rate
1992,A,All,65,74,All Origins,2,51,cvd_ihd,total,403.771155557966,666,nvss,Deaths,age-adjusted rate
1992,A,All,75,84,All Origins,2,51,cvd_ihd,total,723.892701060231,666,nvss,Deaths,age-adjusted rate
1992,A,All,85,150,All Origins,2,51,cvd_ihd,total,856.994130880069,666,nvss,Deaths,age-adjusted rate
1992,A,All,25,34,All Origins,2,51,cvd_stroke,total,3.03586998908534,666,nvss,Deaths,age-adjusted rate
1992,A,All,35,44,All Origins,2,51,cvd_stroke,total,19.3576041974173,666,nvss,Deaths,age-adjusted rate
1992,A,All,45,54,All Origins,2,51,cvd_stroke,total,48.6339622823091,666,nvss,Deaths,age-adjusted rate
1992,A,All,55,64,All Origins,2,51,cvd_stroke,total,27.7369571607641,666,nvss,Deaths,age-adjusted rate
1992,A,All,65,74,All Origins,2,51,cvd_stroke,total,55.5524073083108,666,nvss,Deaths,age-adjusted rate
1992,A,All,75,84,All Origins,2,51,cvd_stroke,total,98.8731494131048,666,nvss,Deaths,age-adjusted rate
1992,A,All,85,150,All Origins,2,51,cvd_stroke,total,83.8856688956682,666,nvss,Deaths,age-adjusted rate
1992,A,All,25,34,All Origins,2,51,lri,total,1.51793499454267,666,nvss,Deaths,age-adjusted rate
1992,A,All,55,64,All Origins,2,51,lri,total,1.38684785803821,666,nvss,Deaths,age-adjusted rate
1992,A,All,65,74,All Origins,2,51,lri,total,1.35493676361734,666,nvss,Deaths,age-adjusted rate
1992,A,All,75,84,All Origins,2,51,lri,total,5.29677586141633,666,nvss,Deaths,age-adjusted rate
1992,A,All,25,34,All Origins,2,51,ncd_lri,total,370.376138668412,666,nvss,Deaths,age-adjusted rate
1992,A,All,35,44,All Origins,2,51,ncd_lri,total,997.796507266874,666,nvss,Deaths,age-adjusted rate
1992,A,All,45,54,All Origins,2,51,ncd_lri,total,1767.0339629239,666,nvss,Deaths,age-adjusted rate
1992,A,All,55,64,All Origins,2,51,ncd_lri,total,2467.20233944997,666,nvss,Deaths,age-adjusted rate
1992,A,All,65,74,All Origins,2,51,ncd_lri,total,4707.05031680663,666,nvss,Deaths,age-adjusted rate
1992,A,All,75,84,All Origins,2,51,ncd_lri,total,6485.01924632739,666,nvss,Deaths,age-adjusted rate
1992,A,All,85,150,All Origins,2,51,ncd_lri,total,5985.35583471794,666,nvss,Deaths,age-adjusted rate
1992,A,All,25,34,All Origins,2,51,neo_lung,total,4.55380498362801,666,nvss,Deaths,age-adjusted rate
1992,A,All,35,44,All Origins,2,51,neo_lung,total,49.2739015934259,666,nvss,Deaths,age-adjusted rate
1992,A,All,45,54,All Origins,2,51,neo_lung,total,178.324528368467,666,nvss,Deaths,age-adjusted rate
1992,A,All,55,64,All Origins,2,51,neo_lung,total,373.062073812277,666,nvss,Deaths,age-adjusted rate
1992,A,All,65,74,All Origins,2,51,neo_lung,total,574.493187773751,666,nvss,Deaths,age-adjusted rate
1992,A,All,75,84,All Origins,2,51,neo_lung,total,464.350683850831,666,nvss,Deaths,age-adjusted rate
1992,A,All,85,150,All Origins,2,51,neo_lung,total,131.496453944561,666,nvss,Deaths,age-adjusted rate
1992,A,All,25,34,All Origins,2,51,resp_copd,total,6.07173997817068,666,nvss,Deaths,age-adjusted rate
1992,A,All,35,44,All Origins,2,51,resp_copd,total,8.79891099882605,666,nvss,Deaths,age-adjusted rate
1992,A,All,45,54,All Origins,2,51,resp_copd,total,23.4163522100007,666,nvss,Deaths,age-adjusted rate
1992,A,All,55,64,All Origins,2,51,resp_copd,total,142.845329377935,666,nvss,Deaths,age-adjusted rate
1992,A,All,65,74,All Origins,2,51,resp_copd,total,280.471910068789,666,nvss,Deaths,age-adjusted rate
1992,A,All,75,84,All Origins,2,51,resp_copd,total,338.993655130645,666,nvss,Deaths,age-adjusted rate
1992,A,All,85,150,All Origins,2,51,resp_copd,total,201.779041397688,666,nvss,Deaths,age-adjusted rate
1992,A,All,25,34,All Origins,2,51,t2_dm,total,3.03586998908534,666,nvss,Deaths,age-adjusted rate
1992,A,All,35,44,All Origins,2,51,t2_dm,total,22.8771685969477,666,nvss,Deaths,age-adjusted rate
1992,A,All,45,54,All Origins,2,51,t2_dm,total,50.4352201446168,666,nvss,Deaths,age-adjusted rate
1992,A,All,55,64,All Origins,2,51,t2_dm,total,80.4371757662159,666,nvss,Deaths,age-adjusted rate
1992,A,All,65,74,All Origins,2,51,t2_dm,total,119.234435198326,666,nvss,Deaths,age-adjusted rate
1992,A,All,75,84,All Origins,2,51,t2_dm,total,158.90327584249,666,nvss,Deaths,age-adjusted rate
1992,A,All,85,150,All Origins,2,51,t2_dm,total,102.023110819056,666,nvss,Deaths,age-adjusted rate
1992,A,All,25,34,All Origins,3,4,all-cause,overall,239.183982484589,666,nvss,Deaths,age-adjusted rate
1992,A,All,35,44,All Origins,3,4,all-cause,overall,523.370126612563,666,nvss,Deaths,age-adjusted rate
1992,A,All,45,54,All Origins,3,4,all-cause,overall,800.916920942026,666,nvss,Deaths,age-adjusted rate
1992,A,All,55,64,All Origins,3,4,all-cause,overall,1343.62138191699,666,nvss,Deaths,age-adjusted rate
1992,A,All,65,74,All Origins,3,4,all-cause,overall,3416.9918734491,666,nvss,Deaths,age-adjusted rate
1992,A,All,75,84,All Origins,3,4,all-cause,overall,5956.2714962622,666,nvss,Deaths,age-adjusted rate
1992,A,All,85,150,All Origins,3,4,all-cause,overall,4181.45586923853,666,nvss,Deaths,age-adjusted rate
1992,A,All,25,34,All Origins,3,4,cvd_ihd,total,1.51382267395309,666,nvss,Deaths,age-adjusted rate
1992,A,All,35,44,All Origins,3,4,cvd_ihd,total,30.0294334941635,666,nvss,Deaths,age-adjusted rate
1992,A,All,45,54,All Origins,3,4,cvd_ihd,total,79.849723235912,666,nvss,Deaths,age-adjusted rate
1992,A,All,55,64,All Origins,3,4,cvd_ihd,total,118.808964638963,666,nvss,Deaths,age-adjusted rate
1992,A,All,65,74,All Origins,3,4,cvd_ihd,total,335.975165998273,666,nvss,Deaths,age-adjusted rate
1992,A,All,75,84,All Origins,3,4,cvd_ihd,total,729.61768757877,666,nvss,Deaths,age-adjusted rate
1992,A,All,85,150,All Origins,3,4,cvd_ihd,total,750.095938777643,666,nvss,Deaths,age-adjusted rate
1992,A,All,25,34,All Origins,3,4,cvd_stroke,total,4.54146802185928,666,nvss,Deaths,age-adjusted rate
1992,A,All,35,44,All Origins,3,4,cvd_stroke,total,4.28991907059478,666,nvss,Deaths,age-adjusted rate
1992,A,All,45,54,All Origins,3,4,cvd_stroke,total,7.25906574871927,666,nvss,Deaths,age-adjusted rate
1992,A,All,55,64,All Origins,3,4,cvd_stroke,total,23.7617929277925,666,nvss,Deaths,age-adjusted rate
1992,A,All,65,74,All Origins,3,4,cvd_stroke,total,19.9096394665643,666,nvss,Deaths,age-adjusted rate
1992,A,All,75,84,All Origins,3,4,cvd_stroke,total,44.322569806187,666,nvss,Deaths,age-adjusted rate
1992,A,All,85,150,All Origins,3,4,cvd_stroke,total,46.0585225565219,666,nvss,Deaths,age-adjusted rate
1992,A,All,45,54,All Origins,3,4,lri,total,2.41968858290642,666,nvss,Deaths,age-adjusted rate
1992,A,All,75,84,All Origins,3,4,lri,total,3.40942844662977,666,nvss,Deaths,age-adjusted rate
1992,A,All,25,34,All Origins,3,4,ncd_lri,total,95.3708284590448,666,nvss,Deaths,age-adjusted rate
1992,A,All,35,44,All Origins,3,4,ncd_lri,total,315.309051688716,666,nvss,Deaths,age-adjusted rate
1992,A,All,45,54,All Origins,3,4,ncd_lri,total,655.735605967641,666,nvss,Deaths,age-adjusted rate
1992,A,All,55,64,All Origins,3,4,ncd_lri,total,1226.97258027147,666,nvss,Deaths,age-adjusted rate
1992,A,All,65,74,All Origins,3,4,ncd_lri,total,3160.65526531708,666,nvss,Deaths,age-adjusted rate
1992,A,All,75,84,All Origins,3,4,ncd_lri,total,5455.08551460763,666,nvss,Deaths,age-adjusted rate
1992,A,All,85,150,All Origins,3,4,ncd_lri,total,3743.89990495157,666,nvss,Deaths,age-adjusted rate
1992,A,All,35,44,All Origins,3,4,neo_lung,total,12.8697572117843,666,nvss,Deaths,age-adjusted rate
1992,A,All,45,54,All Origins,3,4,neo_lung,total,60.4922145726606,666,nvss,Deaths,age-adjusted rate
1992,A,All,55,64,All Origins,3,4,neo_lung,total,183.613854442033,666,nvss,Deaths,age-adjusted rate
1992,A,All,65,74,All Origins,3,4,neo_lung,total,378.283149864722,666,nvss,Deaths,age-adjusted rate
1992,A,All,75,84,All Origins,3,4,neo_lung,total,381.855986022534,666,nvss,Deaths,age-adjusted rate
1992,A,All,85,150,All Origins,3,4,neo_lung,total,92.1170451130439,666,nvss,Deaths,age-adjusted rate
1992,A,All,25,34,All Origins,3,4,resp_copd,total,3.02764534790619,666,nvss,Deaths,age-adjusted rate
1992,A,All,35,44,All Origins,3,4,resp_copd,total,2.14495953529739,666,nvss,Deaths,age-adjusted rate
1992,A,All,45,54,All Origins,3,4,resp_copd,total,31.4559515777835,666,nvss,Deaths,age-adjusted rate
1992,A,All,55,64,All Origins,3,4,resp_copd,total,66.9650527965062,666,nvss,Deaths,age-adjusted rate
1992,A,All,65,74,All Origins,3,4,resp_copd,total,281.223657465221,666,nvss,Deaths,age-adjusted rate
1992,A,All,75,84,All Origins,3,4,resp_copd,total,375.037129129275,666,nvss,Deaths,age-adjusted rate
1992,A,All,85,150,All Origins,3,4,resp_copd,total,180.944195757765,666,nvss,Deaths,age-adjusted rate
1992,A,All,25,34,All Origins,3,4,t2_dm,total,3.02764534790619,666,nvss,Deaths,age-adjusted rate
1992,A,All,35,44,All Origins,3,4,t2_dm,total,8.57983814118956,666,nvss,Deaths,age-adjusted rate
1992,A,All,45,54,All Origins,3,4,t2_dm,total,24.1968858290642,666,nvss,Deaths,age-adjusted rate
1992,A,All,55,64,All Origins,3,4,t2_dm,total,41.043096875278,666,nvss,Deaths,age-adjusted rate
1992,A,All,65,74,All Origins,3,4,t2_dm,total,97.059492399501,666,nvss,Deaths,age-adjusted rate
1992,A,All,75,84,All Origins,3,4,t2_dm,total,143.19599475845,666,nvss,Deaths,age-adjusted rate
1992,A,All,85,150,All Origins,3,4,t2_dm,total,42.7686280881989,666,nvss,Deaths,age-adjusted rate
1992,A,All,25,34,All Origins,3,5,all-cause,overall,583.05964462103,666,nvss,Deaths,age-adjusted rate
1992,A,All,35,44,All Origins,3,5,all-cause,overall,1133.65011349622,666,nvss,Deaths,age-adjusted rate
1992,A,All,45,54,All Origins,3,5,all-cause,overall,1411.04795535243,666,nvss,Deaths,age-adjusted rate
1992,A,All,55,64,All Origins,3,5,all-cause,overall,1947.94515567235,666,nvss,Deaths,age-adjusted rate
1992,A,All,65,74,All Origins,3,5,all-cause,overall,3218.60121257714,666,nvss,Deaths,age-adjusted rate
1992,A,All,75,84,All Origins,3,5,all-cause,overall,4044.88086606034,666,nvss,Deaths,age-adjusted rate
1992,A,All,85,150,All Origins,3,5,all-cause,overall,3661.86267283713,666,nvss,Deaths,age-adjusted rate
1992,A,All,35,44,All Origins,3,5,cvd_ihd,total,6.1948093633673,666,nvss,Deaths,age-adjusted rate
1992,A,All,45,54,All Origins,3,5,cvd_ihd,total,35.4237980423205,666,nvss,Deaths,age-adjusted rate
1992,A,All,55,64,All Origins,3,5,cvd_ihd,total,90.3020933093143,666,nvss,Deaths,age-adjusted rate
1992,A,All,65,74,All Origins,3,5,cvd_ihd,total,226.814179409799,666,nvss,Deaths,age-adjusted rate
1992,A,All,75,84,All Origins,3,5,cvd_ihd,total,426.372703232106,666,nvss,Deaths,age-adjusted rate
1992,A,All,85,150,All Origins,3,5,cvd_ihd,total,526.706274860136,666,nvss,Deaths,age-adjusted rate
1992,A,All,25,34,All Origins,3,5,cvd_stroke,total,5.44915555720589,666,nvss,Deaths,age-adjusted rate
1992,A,All,35,44,All Origins,3,5,cvd_stroke,total,6.1948093633673,666,nvss,Deaths,age-adjusted rate
1992,A,All,45,54,All Origins,3,5,cvd_stroke,total,17.7118990211602,666,nvss,Deaths,age-adjusted rate
1992,A,All,55,64,All Origins,3,5,cvd_stroke,total,25.8005980883755,666,nvss,Deaths,age-adjusted rate
1992,A,All,65,74,All Origins,3,5,cvd_stroke,total,57.6036011199488,666,nvss,Deaths,age-adjusted rate
1992,A,All,75,84,All Origins,3,5,cvd_stroke,total,33.9588878680439,666,nvss,Deaths,age-adjusted rate
1992,A,All,85,150,All Origins,3,5,cvd_stroke,total,54.342710898268,666,nvss,Deaths,age-adjusted rate
1992,A,All,25,34,All Origins,3,5,ncd_lri,total,201.618755616618,666,nvss,Deaths,age-adjusted rate
1992,A,All,35,44,All Origins,3,5,ncd_lri,total,730.987504877342,666,nvss,Deaths,age-adjusted rate
1992,A,All,45,54,All Origins,3,5,ncd_lri,total,1163.08136905619,666,nvss,Deaths,age-adjusted rate
1992,A,All,55,64,All Origins,3,5,ncd_lri,total,1672.73877606301,666,nvss,Deaths,age-adjusted rate
1992,A,All,65,74,All Origins,3,5,ncd_lri,total,2905.38163148742,666,nvss,Deaths,age-adjusted rate
1992,A,All,75,84,All Origins,3,5,ncd_lri,total,3543.04396756591,666,nvss,Deaths,age-adjusted rate
1992,A,All,85,150,All Origins,3,5,ncd_lri,total,3059.91264442555,666,nvss,Deaths,age-adjusted rate
1992,A,All,25,34,All Origins,3,5,neo_lung,total,5.44915555720589,666,nvss,Deaths,age-adjusted rate
1992,A,All,35,44,All Origins,3,5,neo_lung,total,49.5584749069384,666,nvss,Deaths,age-adjusted rate
1992,A,All,45,54,All Origins,3,5,neo_lung,total,177.118990211602,666,nvss,Deaths,age-adjusted rate
1992,A,All,55,64,All Origins,3,5,neo_lung,total,270.906279927943,666,nvss,Deaths,age-adjusted rate
1992,A,All,65,74,All Origins,3,5,neo_lung,total,439.22745853961,666,nvss,Deaths,age-adjusted rate
1992,A,All,75,84,All Origins,3,5,neo_lung,total,279.217522470583,666,nvss,Deaths,age-adjusted rate
1992,A,All,85,150,All Origins,3,5,neo_lung,total,29.261459714452,666,nvss,Deaths,age-adjusted rate
1992,A,All,35,44,All Origins,3,5,resp_copd,total,24.7792374534692,666,nvss,Deaths,age-adjusted rate
1992,A,All,45,54,All Origins,3,5,resp_copd,total,17.7118990211602,666,nvss,Deaths,age-adjusted rate
1992,A,All,55,64,All Origins,3,5,resp_copd,total,81.7018939465225,666,nvss,Deaths,age-adjusted rate
1992,A,All,65,74,All Origins,3,5,resp_copd,total,205.212828989818,666,nvss,Deaths,age-adjusted rate
1992,A,All,75,84,All Origins,3,5,resp_copd,total,181.114068629567,666,nvss,Deaths,age-adjusted rate
1992,A,All,85,150,All Origins,3,5,resp_copd,total,125.40625591908,666,nvss,Deaths,age-adjusted rate
1992,A,All,35,44,All Origins,3,5,t2_dm,total,6.1948093633673,666,nvss,Deaths,age-adjusted rate
1992,A,All,45,54,All Origins,3,5,t2_dm,total,23.615865361547,666,nvss,Deaths,age-adjusted rate
1992,A,All,55,64,All Origins,3,5,t2_dm,total,81.7018939465225,666,nvss,Deaths,age-adjusted rate
1992,A,All,65,74,All Origins,3,5,t2_dm,total,75.6047264699329,666,nvss,Deaths,age-adjusted rate
1992,A,All,75,84,All Origins,3,5,t2_dm,total,116.969502656596,666,nvss,Deaths,age-adjusted rate
1992,A,All,85,150,All Origins,3,5,t2_dm,total,62.70312795954,666,nvss,Deaths,age-adjusted rate
1992,A,All,25,34,All Origins,3,6,all-cause,overall,621380.096219269,666,nvss,Deaths,age-adjusted rate
1992,A,All,35,44,All Origins,3,6,all-cause,overall,1012586.046367,666,nvss,Deaths,age-adjusted rate
1992,A,All,45,54,All Origins,3,6,all-cause,overall,1773792.0832564,666,nvss,Deaths,age-adjusted rate
1992,A,All,55,64,All Origins,3,6,all-cause,overall,3208293.35591867,666,nvss,Deaths,age-adjusted rate
1992,A,All,65,74,All Origins,3,6,all-cause,overall,4864453.59073062,666,nvss,Deaths,age-adjusted rate
1992,A,All,75,84,All Origins,3,6,all-cause,overall,12804330.5919738,666,nvss,Deaths,age-adjusted rate
1992,A,All,85,150,All Origins,3,6,all-cause,overall,28680317.529409,666,nvss,Deaths,age-adjusted rate
1992,A,All,25,34,All Origins,3,6,cvd_ihd,total,2443.17206901416,666,nvss,Deaths,age-adjusted rate
1992,A,All,35,44,All Origins,3,6,cvd_ihd,total,35220.3842214607,666,nvss,Deaths,age-adjusted rate
1992,A,All,45,54,All Origins,3,6,cvd_ihd,total,133328.513258771,666,nvss,Deaths,age-adjusted rate
1992,A,All,55,64,All Origins,3,6,cvd_ihd,total,292133.077533287,666,nvss,Deaths,age-adjusted rate
1992,A,All,65,74,All Origins,3,6,cvd_ihd,total,570006.525048803,666,nvss,Deaths,age-adjusted rate
1992,A,All,75,84,All Origins,3,6,cvd_ihd,total,1856951.82278203,666,nvss,Deaths,age-adjusted rate
1992,A,All,85,150,All Origins,3,6,cvd_ihd,total,5476249.61807147,666,nvss,Deaths,age-adjusted rate
1992,A,All,25,34,All Origins,3,6,cvd_stroke,total,4071.95344835694,666,nvss,Deaths,age-adjusted rate
1992,A,All,35,44,All Origins,3,6,cvd_stroke,total,12327.1344775113,666,nvss,Deaths,age-adjusted rate
1992,A,All,45,54,All Origins,3,6,cvd_stroke,total,26142.8457370139,666,nvss,Deaths,age-adjusted rate
1992,A,All,55,64,All Origins,3,6,cvd_stroke,total,41363.9755799345,666,nvss,Deaths,age-adjusted rate
1992,A,All,65,74,All Origins,3,6,cvd_stroke,total,61676.0986963801,666,nvss,Deaths,age-adjusted rate
1992,A,All,75,84,All Origins,3,6,cvd_stroke,total,217887.581742923,666,nvss,Deaths,age-adjusted rate
1992,A,All,85,150,All Origins,3,6,cvd_stroke,total,487151.039644394,666,nvss,Deaths,age-adjusted rate
1992,A,All,35,44,All Origins,3,6,lri,total,880.509605536518,666,nvss,Deaths,age-adjusted rate
1992,A,All,65,74,All Origins,3,6,lri,total,2984.32735627646,666,nvss,Deaths,age-adjusted rate
1992,A,All,75,84,All Origins,3,6,lri,total,1962.95118687318,666,nvss,Deaths,age-adjusted rate
1992,A,All,85,150,All Origins,3,6,lri,total,44795.4978983351,666,nvss,Deaths,age-adjusted rate
1992,A,All,25,34,All Origins,3,6,ncd_lri,total,248389.160349773,666,nvss,Deaths,age-adjusted rate
1992,A,All,35,44,All Origins,3,6,ncd_lri,total,660382.204152389,666,nvss,Deaths,age-adjusted rate
1992,A,All,45,54,All Origins,3,6,ncd_lri,total,1436549.37324892,666,nvss,Deaths,age-adjusted rate
1992,A,All,55,64,All Origins,3,6,ncd_lri,total,2929086.52075411,666,nvss,Deaths,age-adjusted rate
1992,A,All,65,74,All Origins,3,6,ncd_lri,total,4531203.70261309,666,nvss,Deaths,age-adjusted rate
1992,A,All,75,84,All Origins,3,6,ncd_lri,total,11720781.5368198,666,nvss,Deaths,age-adjusted rate
1992,A,All,85,150,All Origins,3,6,ncd_lri,total,25152672.0699152,666,nvss,Deaths,age-adjusted rate
1992,A,All,25,34,All Origins,3,6,neo_lung,total,814.390689671387,666,nvss,Deaths,age-adjusted rate
1992,A,All,35,44,All Origins,3,6,neo_lung,total,17610.1921107304,666,nvss,Deaths,age-adjusted rate
1992,A,All,45,54,All Origins,3,6,neo_lung,total,146399.936127278,666,nvss,Deaths,age-adjusted rate
1992,A,All,55,64,All Origins,3,6,neo_lung,total,398128.264956869,666,nvss,Deaths,age-adjusted rate
1992,A,All,65,74,All Origins,3,6,neo_lung,total,559063.991409123,666,nvss,Deaths,age-adjusted rate
1992,A,All,75,84,All Origins,3,6,neo_lung,total,747884.402198683,666,nvss,Deaths,age-adjusted rate
1992,A,All,85,150,All Origins,3,6,neo_lung,total,548744.849254605,666,nvss,Deaths,age-adjusted rate
1992,A,All,25,34,All Origins,3,6,resp_copd,total,4071.95344835694,666,nvss,Deaths,age-adjusted rate
1992,A,All,35,44,All Origins,3,6,resp_copd,total,7924.58644982866,666,nvss,Deaths,age-adjusted rate
1992,A,All,45,54,All Origins,3,6,resp_copd,total,45749.9800397744,666,nvss,Deaths,age-adjusted rate
1992,A,All,55,64,All Origins,3,6,resp_copd,total,158992.781135373,666,nvss,Deaths,age-adjusted rate
1992,A,All,65,74,All Origins,3,6,resp_copd,total,315343.923979879,666,nvss,Deaths,age-adjusted rate
1992,A,All,75,84,All Origins,3,6,resp_copd,total,914735.253082904,666,nvss,Deaths,age-adjusted rate
1992,A,All,85,150,All Origins,3,6,resp_copd,total,963103.204814205,666,nvss,Deaths,age-adjusted rate
1992,A,All,25,34,All Origins,3,6,t2_dm,total,4071.95344835694,666,nvss,Deaths,age-adjusted rate
1992,A,All,35,44,All Origins,3,6,t2_dm,total,13207.6440830478,666,nvss,Deaths,age-adjusted rate
1992,A,All,45,54,All Origins,3,6,t2_dm,total,40521.4108923716,666,nvss,Deaths,age-adjusted rate
1992,A,All,55,64,All Origins,3,6,t2_dm,total,84020.5753967419,666,nvss,Deaths,age-adjusted rate
1992,A,All,65,74,All Origins,3,6,t2_dm,total,112409.66375308,666,nvss,Deaths,age-adjusted rate
1992,A,All,75,84,All Origins,3,6,t2_dm,total,237517.093611655,666,nvss,Deaths,age-adjusted rate
1992,A,All,85,150,All Origins,3,6,t2_dm,total,347165.108712097,666,nvss,Deaths,age-adjusted rate
1992,A,All,25,34,All Origins,3,8,all-cause,overall,3741.5159544468,666,nvss,Deaths,age-adjusted rate
1992,A,All,35,44,All Origins,3,8,all-cause,overall,5622.73267113524,666,nvss,Deaths,age-adjusted rate
1992,A,All,45,54,All Origins,3,8,all-cause,overall,7488.16841186114,666,nvss,Deaths,age-adjusted rate
1992,A,All,55,64,All Origins,3,8,all-cause,overall,9231.80263861709,666,nvss,Deaths,age-adjusted rate
1992,A,All,65,74,All Origins,3,8,all-cause,overall,14631.5457240744,666,nvss,Deaths,age-adjusted rate
1992,A,All,75,84,All Origins,3,8,all-cause,overall,20942.5972389648,666,nvss,Deaths,age-adjusted rate
1992,A,All,85,150,All Origins,3,8,all-cause,overall,21925.8987456975,666,nvss,Deaths,age-adjusted rate
1992,A,All,25,34,All Origins,3,8,cvd_ihd,total,22.0089173790988,666,nvss,Deaths,age-adjusted rate
1992,A,All,35,44,All Origins,3,8,cvd_ihd,total,169.742873090875,666,nvss,Deaths,age-adjusted rate
1992,A,All,45,54,All Origins,3,8,cvd_ihd,total,310.019711319092,666,nvss,Deaths,age-adjusted rate
1992,A,All,55,64,All Origins,3,8,cvd_ihd,total,921.644190211357,666,nvss,Deaths,age-adjusted rate
1992,A,All,65,74,All Origins,3,8,cvd_ihd,total,1372.09721197628,666,nvss,Deaths,age-adjusted rate
1992,A,All,75,84,All Origins,3,8,cvd_ihd,total,2561.52735046478,666,nvss,Deaths,age-adjusted rate
1992,A,All,85,150,All Origins,3,8,cvd_ihd,total,2957.99091310096,666,nvss,Deaths,age-adjusted rate
1992,A,All,35,44,All Origins,3,8,cvd_stroke,total,63.6535774090782,666,nvss,Deaths,age-adjusted rate
1992,A,All,45,54,All Origins,3,8,cvd_stroke,total,23.8476701014686,666,nvss,Deaths,age-adjusted rate
1992,A,All,55,64,All Origins,3,8,cvd_stroke,total,92.1644190211357,666,nvss,Deaths,age-adjusted rate
1992,A,All,65,74,All Origins,3,8,cvd_stroke,total,112.262499161696,666,nvss,Deaths,age-adjusted rate
1992,A,All,75,84,All Origins,3,8,cvd_stroke,total,154.817587116003,666,nvss,Deaths,age-adjusted rate
1992,A,All,85,150,All Origins,3,8,cvd_stroke,total,250.677196025505,666,nvss,Deaths,age-adjusted rate
1992,A,All,65,74,All Origins,3,8,lri,total,12.4736110179662,666,nvss,Deaths,age-adjusted rate
1992,A,All,75,84,All Origins,3,8,lri,total,28.1486522029097,666,nvss,Deaths,age-adjusted rate
1992,A,All,25,34,All Origins,3,8,ncd_lri,total,1518.61529915782,666,nvss,Deaths,age-adjusted rate
1992,A,All,35,44,All Origins,3,8,ncd_lri,total,3734.34320799925,666,nvss,Deaths,age-adjusted rate
1992,A,All,45,54,All Origins,3,8,ncd_lri,total,5914.22218516421,666,nvss,Deaths,age-adjusted rate
1992,A,All,55,64,All Origins,3,8,ncd_lri,total,8417.68360393039,666,nvss,Deaths,age-adjusted rate
1992,A,All,65,74,All Origins,3,8,ncd_lri,total,13459.0262883855,666,nvss,Deaths,age-adjusted rate
1992,A,All,75,84,All Origins,3,8,ncd_lri,total,19028.488889167,666,nvss,Deaths,age-adjusted rate
1992,A,All,85,150,All Origins,3,8,ncd_lri,total,18917.7723933914,666,nvss,Deaths,age-adjusted rate
1992,A,All,25,34,All Origins,3,8,neo_lung,total,22.0089173790988,666,nvss,Deaths,age-adjusted rate
1992,A,All,35,44,All Origins,3,8,neo_lung,total,169.742873090875,666,nvss,Deaths,age-adjusted rate
1992,A,All,45,54,All Origins,3,8,neo_lung,total,596.191752536715,666,nvss,Deaths,age-adjusted rate
1992,A,All,55,64,All Origins,3,8,neo_lung,total,1182.77671077124,666,nvss,Deaths,age-adjusted rate
1992,A,All,65,74,All Origins,3,8,neo_lung,total,1247.36110179662,666,nvss,Deaths,age-adjusted rate
1992,A,All,75,84,All Origins,3,8,neo_lung,total,886.682544391655,666,nvss,Deaths,age-adjusted rate
1992,A,All,85,150,All Origins,3,8,neo_lung,total,267.389009093872,666,nvss,Deaths,age-adjusted rate
1992,A,All,35,44,All Origins,3,8,resp_copd,total,42.4357182727188,666,nvss,Deaths,age-adjusted rate
1992,A,All,45,54,All Origins,3,8,resp_copd,total,143.086020608812,666,nvss,Deaths,age-adjusted rate
1992,A,All,55,64,All Origins,3,8,resp_copd,total,660.511669651472,666,nvss,Deaths,age-adjusted rate
1992,A,All,65,74,All Origins,3,8,resp_copd,total,1559.20137724578,666,nvss,Deaths,age-adjusted rate
1992,A,All,75,84,All Origins,3,8,resp_copd,total,1871.8853714935,666,nvss,Deaths,age-adjusted rate
1992,A,All,85,150,All Origins,3,8,resp_copd,total,852.302466486717,666,nvss,Deaths,age-adjusted rate
1992,A,All,25,34,All Origins,3,8,t2_dm,total,22.0089173790988,666,nvss,Deaths,age-adjusted rate
1992,A,All,35,44,All Origins,3,8,t2_dm,total,190.960732227234,666,nvss,Deaths,age-adjusted rate
1992,A,All,45,54,All Origins,3,8,t2_dm,total,214.629030913217,666,nvss,Deaths,age-adjusted rate
1992,A,All,55,64,All Origins,3,8,t2_dm,total,107.525155524658,666,nvss,Deaths,age-adjusted rate
1992,A,All,65,74,All Origins,3,8,t2_dm,total,361.73471952102,666,nvss,Deaths,age-adjusted rate
1992,A,All,75,84,All Origins,3,8,t2_dm,total,506.675739652375,666,nvss,Deaths,age-adjusted rate
1992,A,All,85,150,All Origins,3,8,t2_dm,total,250.677196025505,666,nvss,Deaths,age-adjusted rate
1992,A,All,25,34,All Origins,3,9,all-cause,overall,668.267618672418,666,nvss,Deaths,age-adjusted rate
1992,A,All,35,44,All Origins,3,9,all-cause,overall,1081.49656663503,666,nvss,Deaths,age-adjusted rate
1992,A,All,45,54,All Origins,3,9,all-cause,overall,1622.99502754142,666,nvss,Deaths,age-adjusted rate
1992,A,All,55,64,All Origins,3,9,all-cause,overall,2824.52877051837,666,nvss,Deaths,age-adjusted rate
1992,A,All,65,74,All Origins,3,9,all-cause,overall,6658.39064038156,666,nvss,Deaths,age-adjusted rate
1992,A,All,75,84,All Origins,3,9,all-cause,overall,11656.4569889968,666,nvss,Deaths,age-adjusted rate
1992,A,All,85,150,All Origins,3,9,all-cause,overall,9687.24570052856,666,nvss,Deaths,age-adjusted rate
1992,A,All,25,34,All Origins,3,9,cvd_ihd,total,4.64074735189179,666,nvss,Deaths,age-adjusted rate
1992,A,All,35,44,All Origins,3,9,cvd_ihd,total,41.7148675702083,666,nvss,Deaths,age-adjusted rate
1992,A,All,45,54,All Origins,3,9,cvd_ihd,total,99.2297477978693,666,nvss,Deaths,age-adjusted rate
1992,A,All,55,64,All Origins,3,9,cvd_ihd,total,274.819015509895,666,nvss,Deaths,age-adjusted rate
1992,A,All,65,74,All Origins,3,9,cvd_ihd,total,812.395148899654,666,nvss,Deaths,age-adjusted rate
1992,A,All,75,84,All Origins,3,9,cvd_ihd,total,1574.68821541345,666,nvss,Deaths,age-adjusted rate
1992,A,All,85,150,All Origins,3,9,cvd_ihd,total,1857.80146042865,666,nvss,Deaths,age-adjusted rate
1992,A,All,25,34,All Origins,3,9,cvd_stroke,total,6.18766313585572,666,nvss,Deaths,age-adjusted rate
1992,A,All,35,44,All Origins,3,9,cvd_stroke,total,13.9049558567361,666,nvss,Deaths,age-adjusted rate
1992,A,All,45,54,All Origins,3,9,cvd_stroke,total,25.2279019825092,666,nvss,Deaths,age-adjusted rate
1992,A,All,55,64,All Origins,3,9,cvd_stroke,total,24.4283569342129,666,nvss,Deaths,age-adjusted rate
1992,A,All,65,74,All Origins,3,9,cvd_stroke,total,69.8659828053702,666,nvss,Deaths,age-adjusted rate
1992,A,All,75,84,All Origins,3,9,cvd_stroke,total,129.655603393936,666,nvss,Deaths,age-adjusted rate
1992,A,All,85,150,All Origins,3,9,cvd_stroke,total,144.989708149998,666,nvss,Deaths,age-adjusted rate
1992,A,All,45,54,All Origins,3,9,lri,total,1.68186013216728,666,nvss,Deaths,age-adjusted rate
1992,A,All,65,74,All Origins,3,9,lri,total,4.87437089339792,666,nvss,Deaths,age-adjusted rate
1992,A,All,75,84,All Origins,3,9,lri,total,8.36487763831847,666,nvss,Deaths,age-adjusted rate
1992,A,All,85,150,All Origins,3,9,lri,total,17.3987649779998,666,nvss,Deaths,age-adjusted rate
1992,A,All,25,34,All Origins,3,9,ncd_lri,total,340.321472472065,666,nvss,Deaths,age-adjusted rate
1992,A,All,35,44,All Origins,3,9,ncd_lri,total,777.132532882028,666,nvss,Deaths,age-adjusted rate
1992,A,All,45,54,All Origins,3,9,ncd_lri,total,1419.48995154918,666,nvss,Deaths,age-adjusted rate
1992,A,All,55,64,All Origins,3,9,ncd_lri,total,2642.84286582016,666,nvss,Deaths,age-adjusted rate
1992,A,All,65,74,All Origins,3,9,ncd_lri,total,6240.81953384714,666,nvss,Deaths,age-adjusted rate
1992,A,All,75,84,All Origins,3,9,ncd_lri,total,10759.3238622871,666,nvss,Deaths,age-adjusted rate
1992,A,All,85,150,All Origins,3,9,ncd_lri,total,8577.59113415391,666,nvss,Deaths,age-adjusted rate
1992,A,All,25,34,All Origins,3,9,neo_lung,total,7.73457891981965,666,nvss,Deaths,age-adjusted rate
1992,A,All,35,44,All Origins,3,9,neo_lung,total,29.3549068086651,666,nvss,Deaths,age-adjusted rate
1992,A,All,45,54,All Origins,3,9,neo_lung,total,164.822292952393,666,nvss,Deaths,age-adjusted rate
1992,A,All,55,64,All Origins,3,9,neo_lung,total,393.907255564183,666,nvss,Deaths,age-adjusted rate
1992,A,All,65,74,All Origins,3,9,neo_lung,total,753.902698178879,666,nvss,Deaths,age-adjusted rate
1992,A,All,75,84,All Origins,3,9,neo_lung,total,736.109232172025,666,nvss,Deaths,age-adjusted rate
1992,A,All,85,150,All Origins,3,9,neo_lung,total,144.989708149998,666,nvss,Deaths,age-adjusted rate
1992,A,All,25,34,All Origins,3,9,resp_copd,total,4.64074735189179,666,nvss,Deaths,age-adjusted rate
1992,A,All,35,44,All Origins,3,9,resp_copd,total,4.6349852855787,666,nvss,Deaths,age-adjusted rate
1992,A,All,45,54,All Origins,3,9,resp_copd,total,15.1367411895055,666,nvss,Deaths,age-adjusted rate
1992,A,All,55,64,All Origins,3,9,resp_copd,total,76.3386154194154,666,nvss,Deaths,age-adjusted rate
1992,A,All,65,74,All Origins,3,9,resp_copd,total,359.078655813647,666,nvss,Deaths,age-adjusted rate
1992,A,All,75,84,All Origins,3,9,resp_copd,total,627.365822873885,666,nvss,Deaths,age-adjusted rate
1992,A,All,85,150,All Origins,3,9,resp_copd,total,332.509730690663,666,nvss,Deaths,age-adjusted rate
1992,A,All,25,34,All Origins,3,9,t2_dm,total,7.73457891981965,666,nvss,Deaths,age-adjusted rate
1992,A,All,35,44,All Origins,3,9,t2_dm,total,13.9049558567361,666,nvss,Deaths,age-adjusted rate
1992,A,All,45,54,All Origins,3,9,t2_dm,total,23.5460418503419,666,nvss,Deaths,age-adjusted rate
1992,A,All,55,64,All Origins,3,9,t2_dm,total,71.7582984942505,666,nvss,Deaths,age-adjusted rate
1992,A,All,65,74,All Origins,3,9,t2_dm,total,154.355078290934,666,nvss,Deaths,age-adjusted rate
1992,A,All,75,84,All Origins,3,9,t2_dm,total,253.037548559134,666,nvss,Deaths,age-adjusted rate
1992,A,All,85,150,All Origins,3,9,t2_dm,total,139.190119823998,666,nvss,Deaths,age-adjusted rate
1992,A,All,25,34,All Origins,3,12,all-cause,overall,255.777289691923,666,nvss,Deaths,age-adjusted rate
1992,A,All,35,44,All Origins,3,12,all-cause,overall,531.792414353049,666,nvss,Deaths,age-adjusted rate
1992,A,All,45,54,All Origins,3,12,all-cause,overall,913.662176058051,666,nvss,Deaths,age-adjusted rate
1992,A,All,55,64,All Origins,3,12,all-cause,overall,1483.46978244765,666,nvss,Deaths,age-adjusted rate
1992,A,All,65,74,All Origins,3,12,all-cause,overall,2403.60097003295,666,nvss,Deaths,age-adjusted rate
1992,A,All,75,84,All Origins,3,12,all-cause,overall,2715.25298645634,666,nvss,Deaths,age-adjusted rate
1992,A,All,85,150,All Origins,3,12,all-cause,overall,2612.3747458822,666,nvss,Deaths,age-adjusted rate
1992,A,All,25,34,All Origins,3,12,cvd_ihd,total,3.40388028107122,666,nvss,Deaths,age-adjusted rate
1992,A,All,35,44,All Origins,3,12,cvd_ihd,total,22.6562448718459,666,nvss,Deaths,age-adjusted rate
1992,A,All,45,54,All Origins,3,12,cvd_ihd,total,65.8563457473492,666,nvss,Deaths,age-adjusted rate
1992,A,All,55,64,All Origins,3,12,cvd_ihd,total,133.951374136337,666,nvss,Deaths,age-adjusted rate
1992,A,All,65,74,All Origins,3,12,cvd_ihd,total,286.265780765727,666,nvss,Deaths,age-adjusted rate
1992,A,All,75,84,All Origins,3,12,cvd_ihd,total,374.328322981194,666,nvss,Deaths,age-adjusted rate
1992,A,All,85,150,All Origins,3,12,cvd_ihd,total,507.105555164785,666,nvss,Deaths,age-adjusted rate
1992,A,All,35,44,All Origins,3,12,cvd_stroke,total,8.18142175927768,666,nvss,Deaths,age-adjusted rate
1992,A,All,45,54,All Origins,3,12,cvd_stroke,total,14.382420335628,666,nvss,Deaths,age-adjusted rate
1992,A,All,55,64,All Origins,3,12,cvd_stroke,total,13.3395559305896,666,nvss,Deaths,age-adjusted rate
1992,A,All,65,74,All Origins,3,12,cvd_stroke,total,28.7371054050536,666,nvss,Deaths,age-adjusted rate
1992,A,All,75,84,All Origins,3,12,cvd_stroke,total,44.8935607371752,666,nvss,Deaths,age-adjusted rate
1992,A,All,85,150,All Origins,3,12,cvd_stroke,total,56.5796372956546,666,nvss,Deaths,age-adjusted rate
1992,A,All,35,44,All Origins,3,12,lri,total,1.2586802706581,666,nvss,Deaths,age-adjusted rate
1992,A,All,55,64,All Origins,3,12,lri,total,0.555814830441234,666,nvss,Deaths,age-adjusted rate
1992,A,All,65,74,All Origins,3,12,lri,total,1.47369771307967,666,nvss,Deaths,age-adjusted rate
1992,A,All,75,84,All Origins,3,12,lri,total,1.6148762855099,666,nvss,Deaths,age-adjusted rate
1992,A,All,85,150,All Origins,3,12,lri,total,1.68894439688521,666,nvss,Deaths,age-adjusted rate
1992,A,All,25,34,All Origins,3,12,ncd_lri,total,126.916107622798,666,nvss,Deaths,age-adjusted rate
1992,A,All,35,44,All Origins,3,12,ncd_lri,total,365.01727849085,666,nvss,Deaths,age-adjusted rate
1992,A,All,45,54,All Origins,3,12,ncd_lri,total,765.296155753678,666,nvss,Deaths,age-adjusted rate
1992,A,All,55,64,All Origins,3,12,ncd_lri,total,1373.97426085073,666,nvss,Deaths,age-adjusted rate
1992,A,All,65,74,All Origins,3,12,ncd_lri,total,2259.54701857941,666,nvss,Deaths,age-adjusted rate
1992,A,All,75,84,All Origins,3,12,ncd_lri,total,2523.08270848067,666,nvss,Deaths,age-adjusted rate
1992,A,All,85,150,All Origins,3,12,ncd_lri,total,2361.14426684553,666,nvss,Deaths,age-adjusted rate
1992,A,All,25,34,All Origins,3,12,neo_lung,total,3.40388028107122,666,nvss,Deaths,age-adjusted rate
1992,A,All,35,44,All Origins,3,12,neo_lung,total,20.7682244658587,666,nvss,Deaths,age-adjusted rate
1992,A,All,45,54,All Origins,3,12,neo_lung,total,109.003606754233,666,nvss,Deaths,age-adjusted rate
1992,A,All,55,64,All Origins,3,12,neo_lung,total,247.337599546349,666,nvss,Deaths,age-adjusted rate
1992,A,All,65,74,All Origins,3,12,neo_lung,total,329.739863301577,666,nvss,Deaths,age-adjusted rate
1992,A,All,75,84,All Origins,3,12,neo_lung,total,206.381189288165,666,nvss,Deaths,age-adjusted rate
1992,A,All,85,150,All Origins,3,12,neo_lung,total,62.0687065855315,666,nvss,Deaths,age-adjusted rate
1992,A,All,25,34,All Origins,3,12,resp_copd,total,0.486268611581602,666,nvss,Deaths,age-adjusted rate
1992,A,All,35,44,All Origins,3,12,resp_copd,total,4.40538094730336,666,nvss,Deaths,age-adjusted rate
1992,A,All,45,54,All Origins,3,12,resp_copd,total,20.4381762664187,666,nvss,Deaths,age-adjusted rate
1992,A,All,55,64,All Origins,3,12,resp_copd,total,67.2535944833893,666,nvss,Deaths,age-adjusted rate
1992,A,All,65,74,All Origins,3,12,resp_copd,total,158.422504156065,666,nvss,Deaths,age-adjusted rate
1992,A,All,75,84,All Origins,3,12,resp_copd,total,180.220193462905,666,nvss,Deaths,age-adjusted rate
1992,A,All,85,150,All Origins,3,12,resp_copd,total,103.870080408441,666,nvss,Deaths,age-adjusted rate
1992,A,All,25,34,All Origins,3,12,t2_dm,total,4.86268611581602,666,nvss,Deaths,age-adjusted rate
1992,A,All,35,44,All Origins,3,12,t2_dm,total,7.55208162394862,666,nvss,Deaths,age-adjusted rate
1992,A,All,45,54,All Origins,3,12,t2_dm,total,24.9799932145117,666,nvss,Deaths,age-adjusted rate
1992,A,All,55,64,All Origins,3,12,t2_dm,total,45.5768160961812,666,nvss,Deaths,age-adjusted rate
1992,A,All,65,74,All Origins,3,12,t2_dm,total,63.000577234156,666,nvss,Deaths,age-adjusted rate
1992,A,All,75,84,All Origins,3,12,t2_dm,total,65.8869524488038,666,nvss,Deaths,age-adjusted rate
1992,A,All,85,150,All Origins,3,12,t2_dm,total,47.2904431127859,666,nvss,Deaths,age-adjusted rate
1992,A,All,25,34,All Origins,3,17,all-cause,overall,830.605892575272,666,nvss,Deaths,age-adjusted rate
1992,A,All,35,44,All Origins,3,17,all-cause,overall,1773.55835130592,666,nvss,Deaths,age-adjusted rate
1992,A,All,45,54,All Origins,3,17,all-cause,overall,2876.79076407537,666,nvss,Deaths,age-adjusted rate
1992,A,All,55,64,All Origins,3,17,all-cause,overall,4560.68141815071,666,nvss,Deaths,age-adjusted rate
1992,A,All,65,74,All Origins,3,17,all-cause,overall,7710.37755253597,666,nvss,Deaths,age-adjusted rate
1992,A,All,75,84,All Origins,3,17,all-cause,overall,10749.9833340073,666,nvss,Deaths,age-adjusted rate
1992,A,All,85,150,All Origins,3,17,all-cause,overall,8089.40643006354,666,nvss,Deaths,age-adjusted rate
1992,A,All,25,34,All Origins,3,17,cvd_ihd,total,7.1603956256489,666,nvss,Deaths,age-adjusted rate
1992,A,All,35,44,All Origins,3,17,cvd_ihd,total,138.424066443389,666,nvss,Deaths,age-adjusted rate
1992,A,All,45,54,All Origins,3,17,cvd_ihd,total,210.051389122964,666,nvss,Deaths,age-adjusted rate
1992,A,All,55,64,All Origins,3,17,cvd_ihd,total,301.366613534188,666,nvss,Deaths,age-adjusted rate
1992,A,All,65,74,All Origins,3,17,cvd_ihd,total,872.664508095046,666,nvss,Deaths,age-adjusted rate
1992,A,All,75,84,All Origins,3,17,cvd_ihd,total,1314.07981519637,666,nvss,Deaths,age-adjusted rate
1992,A,All,85,150,All Origins,3,17,cvd_ihd,total,1407.52578419844,666,nvss,Deaths,age-adjusted rate
1992,A,All,35,44,All Origins,3,17,cvd_stroke,total,25.9545124581355,666,nvss,Deaths,age-adjusted rate
1992,A,All,45,54,All Origins,3,17,cvd_stroke,total,36.5306763692111,666,nvss,Deaths,age-adjusted rate
1992,A,All,55,64,All Origins,3,17,cvd_stroke,total,40.1822151378917,666,nvss,Deaths,age-adjusted rate
1992,A,All,65,74,All Origins,3,17,cvd_stroke,total,66.2783170705098,666,nvss,Deaths,age-adjusted rate
1992,A,All,75,84,All Origins,3,17,cvd_stroke,total,156.300242336132,666,nvss,Deaths,age-adjusted rate
1992,A,All,85,150,All Origins,3,17,cvd_stroke,total,128.894302582274,666,nvss,Deaths,age-adjusted rate
1992,A,All,55,64,All Origins,3,17,lri,total,13.3940717126306,666,nvss,Deaths,age-adjusted rate
1992,A,All,85,150,All Origins,3,17,lri,total,20.6230884131639,666,nvss,Deaths,age-adjusted rate
1992,A,All,25,34,All Origins,3,17,ncd_lri,total,429.623737538934,666,nvss,Deaths,age-adjusted rate
1992,A,All,35,44,All Origins,3,17,ncd_lri,total,1211.21058137965,666,nvss,Deaths,age-adjusted rate
1992,A,All,45,54,All Origins,3,17,ncd_lri,total,2575.41268402938,666,nvss,Deaths,age-adjusted rate
1992,A,All,55,64,All Origins,3,17,ncd_lri,total,4252.6177687602,666,nvss,Deaths,age-adjusted rate
1992,A,All,65,74,All Origins,3,17,ncd_lri,total,7268.52210539924,666,nvss,Deaths,age-adjusted rate
1992,A,All,75,84,All Origins,3,17,ncd_lri,total,10061.1044881554,666,nvss,Deaths,age-adjusted rate
1992,A,All,85,150,All Origins,3,17,ncd_lri,total,7295.41752615673,666,nvss,Deaths,age-adjusted rate
1992,A,All,35,44,All Origins,3,17,neo_lung,total,60.5605290689827,666,nvss,Deaths,age-adjusted rate
1992,A,All,45,54,All Origins,3,17,neo_lung,total,310.510749138294,666,nvss,Deaths,age-adjusted rate
1992,A,All,55,64,All Origins,3,17,neo_lung,total,689.794693200474,666,nvss,Deaths,age-adjusted rate
1992,A,All,65,74,All Origins,3,17,neo_lung,total,1071.49945930658,666,nvss,Deaths,age-adjusted rate
1992,A,All,75,84,All Origins,3,17,neo_lung,total,625.200969344526,666,nvss,Deaths,age-adjusted rate
1992,A,All,85,150,All Origins,3,17,neo_lung,total,108.27121416911,666,nvss,Deaths,age-adjusted rate
1992,A,All,25,34,All Origins,3,17,resp_copd,total,21.4811868769467,666,nvss,Deaths,age-adjusted rate
1992,A,All,45,54,All Origins,3,17,resp_copd,total,54.7960145538167,666,nvss,Deaths,age-adjusted rate
1992,A,All,55,64,All Origins,3,17,resp_copd,total,174.122932264197,666,nvss,Deaths,age-adjusted rate
1992,A,All,65,74,All Origins,3,17,resp_copd,total,419.762674779895,666,nvss,Deaths,age-adjusted rate
1992,A,All,75,84,All Origins,3,17,resp_copd,total,602.045377887321,666,nvss,Deaths,age-adjusted rate
1992,A,All,85,150,All Origins,3,17,resp_copd,total,293.879009887585,666,nvss,Deaths,age-adjusted rate
1992,A,All,25,34,All Origins,3,17,t2_dm,total,7.1603956256489,666,nvss,Deaths,age-adjusted rate
1992,A,All,35,44,All Origins,3,17,t2_dm,total,34.6060166108473,666,nvss,Deaths,age-adjusted rate
1992,A,All,45,54,All Origins,3,17,t2_dm,total,54.7960145538167,666,nvss,Deaths,age-adjusted rate
1992,A,All,55,64,All Origins,3,17,t2_dm,total,147.334788838936,666,nvss,Deaths,age-adjusted rate
1992,A,All,65,74,All Origins,3,17,t2_dm,total,209.881337389948,666,nvss,Deaths,age-adjusted rate
1992,A,All,75,84,All Origins,3,17,t2_dm,total,254.711506029251,666,nvss,Deaths,age-adjusted rate
1992,A,All,85,150,All Origins,3,17,t2_dm,total,149.517390995438,666,nvss,Deaths,age-adjusted rate
1992,A,All,25,34,All Origins,3,18,all-cause,overall,305.671655831715,666,nvss,Deaths,age-adjusted rate
1992,A,All,35,44,All Origins,3,18,all-cause,overall,578.635180636518,666,nvss,Deaths,age-adjusted rate
1992,A,All,45,54,All Origins,3,18,all-cause,overall,919.020320912093,666,nvss,Deaths,age-adjusted rate
1992,A,All,55,64,All Origins,3,18,all-cause,overall,1430.70081076671,666,nvss,Deaths,age-adjusted rate
1992,A,All,65,74,All Origins,3,18,all-cause,overall,2928.66621314836,666,nvss,Deaths,age-adjusted rate
1992,A,All,75,84,All Origins,3,18,all-cause,overall,4650.80275791848,666,nvss,Deaths,age-adjusted rate
1992,A,All,85,150,All Origins,3,18,all-cause,overall,4020.36618645417,666,nvss,Deaths,age-adjusted rate
1992,A,All,25,34,All Origins,3,18,cvd_ihd,total,7.16417943355581,666,nvss,Deaths,age-adjusted rate
1992,A,All,35,44,All Origins,3,18,cvd_ihd,total,20.0517141804734,666,nvss,Deaths,age-adjusted rate
1992,A,All,45,54,All Origins,3,18,cvd_ihd,total,76.8411639558606,666,nvss,Deaths,age-adjusted rate
1992,A,All,55,64,All Origins,3,18,cvd_ihd,total,130.711868093304,666,nvss,Deaths,age-adjusted rate
1992,A,All,65,74,All Origins,3,18,cvd_ihd,total,302.352179899932,666,nvss,Deaths,age-adjusted rate
1992,A,All,75,84,All Origins,3,18,cvd_ihd,total,621.676925615432,666,nvss,Deaths,age-adjusted rate
1992,A,All,85,150,All Origins,3,18,cvd_ihd,total,763.869575426292,666,nvss,Deaths,age-adjusted rate
1992,A,All,35,44,All Origins,3,18,cvd_stroke,total,8.59359179163146,666,nvss,Deaths,age-adjusted rate
1992,A,All,45,54,All Origins,3,18,cvd_stroke,total,18.4418793494065,666,nvss,Deaths,age-adjusted rate
1992,A,All,55,64,All Origins,3,18,cvd_stroke,total,16.6360559391478,666,nvss,Deaths,age-adjusted rate
1992,A,All,65,74,All Origins,3,18,cvd_stroke,total,37.5470027326713,666,nvss,Deaths,age-adjusted rate
1992,A,All,75,84,All Origins,3,18,cvd_stroke,total,96.5483104175482,666,nvss,Deaths,age-adjusted rate
1992,A,All,85,150,All Origins,3,18,cvd_stroke,total,67.8436793964141,666,nvss,Deaths,age-adjusted rate
1992,A,All,65,74,All Origins,3,18,lri,total,1.97615803856165,666,nvss,Deaths,age-adjusted rate
1992,A,All,25,34,All Origins,3,18,ncd_lri,total,140.895528859931,666,nvss,Deaths,age-adjusted rate
1992,A,All,35,44,All Origins,3,18,ncd_lri,total,389.576161220626,666,nvss,Deaths,age-adjusted rate
1992,A,All,45,54,All Origins,3,18,ncd_lri,total,777.632579233309,666,nvss,Deaths,age-adjusted rate
1992,A,All,55,64,All Origins,3,18,ncd_lri,total,1328.50789571195,666,nvss,Deaths,age-adjusted rate
1992,A,All,65,74,All Origins,3,18,ncd_lri,total,2812.07288887322,666,nvss,Deaths,age-adjusted rate
1992,A,All,75,84,All Origins,3,18,ncd_lri,total,4354.09331614748,666,nvss,Deaths,age-adjusted rate
1992,A,All,85,150,All Origins,3,18,ncd_lri,total,3598.22773687648,666,nvss,Deaths,age-adjusted rate
1992,A,All,35,44,All Origins,3,18,neo_lung,total,14.3226529860524,666,nvss,Deaths,age-adjusted rate
1992,A,All,45,54,All Origins,3,18,neo_lung,total,98.3566898635015,666,nvss,Deaths,age-adjusted rate
1992,A,All,55,64,All Origins,3,18,neo_lung,total,247.164259667339,666,nvss,Deaths,age-adjusted rate
1992,A,All,65,74,All Origins,3,18,neo_lung,total,379.422343403836,666,nvss,Deaths,age-adjusted rate
1992,A,All,75,84,All Origins,3,18,neo_lung,total,346.161015399502,666,nvss,Deaths,age-adjusted rate
1992,A,All,85,150,All Origins,3,18,neo_lung,total,70.3564082629479,666,nvss,Deaths,age-adjusted rate
1992,A,All,45,54,All Origins,3,18,resp_copd,total,12.2945862329377,666,nvss,Deaths,age-adjusted rate
1992,A,All,55,64,All Origins,3,18,resp_copd,total,59.4144854969565,666,nvss,Deaths,age-adjusted rate
1992,A,All,65,74,All Origins,3,18,resp_copd,total,189.711171701918,666,nvss,Deaths,age-adjusted rate
1992,A,All,75,84,All Origins,3,18,resp_copd,total,282.580420734287,666,nvss,Deaths,age-adjusted rate
1992,A,All,85,150,All Origins,3,18,resp_copd,total,82.9200525956172,666,nvss,Deaths,age-adjusted rate
1992,A,All,25,34,All Origins,3,18,t2_dm,total,2.38805981118527,666,nvss,Deaths,age-adjusted rate
1992,A,All,35,44,All Origins,3,18,t2_dm,total,8.59359179163146,666,nvss,Deaths,age-adjusted rate
1992,A,All,45,54,All Origins,3,18,t2_dm,total,33.8101121405787,666,nvss,Deaths,age-adjusted rate
1992,A,All,55,64,All Origins,3,18,t2_dm,total,42.7784295578087,666,nvss,Deaths,age-adjusted rate
1992,A,All,65,74,All Origins,3,18,t2_dm,total,77.0701635039042,666,nvss,Deaths,age-adjusted rate
1992,A,All,75,84,All Origins,3,18,t2_dm,total,124.806352490977,666,nvss,Deaths,age-adjusted rate
1992,A,All,85,150,All Origins,3,18,t2_dm,total,77.8945948625495,666,nvss,Deaths,age-adjusted rate
1992,A,All,25,34,All Origins,3,20,all-cause,overall,1691.57060743234,666,nvss,Deaths,age-adjusted rate
1992,A,All,35,44,All Origins,3,20,all-cause,overall,3171.46625921704,666,nvss,Deaths,age-adjusted rate
1992,A,All,45,54,All Origins,3,20,all-cause,overall,4358.67708151924,666,nvss,Deaths,age-adjusted rate
1992,A,All,55,64,All Origins,3,20,all-cause,overall,5001.81115819722,666,nvss,Deaths,age-adjusted rate
1992,A,All,65,74,All Origins,3,20,all-cause,overall,7391.85809286911,666,nvss,Deaths,age-adjusted rate
1992,A,All,75,84,All Origins,3,20,all-cause,overall,8396.24268881706,666,nvss,Deaths,age-adjusted rate
1992,A,All,85,150,All Origins,3,20,all-cause,overall,7421.80175950889,666,nvss,Deaths,age-adjusted rate
1992,A,All,25,34,All Origins,3,20,cvd_ihd,total,17.8060063940247,666,nvss,Deaths,age-adjusted rate
1992,A,All,35,44,All Origins,3,20,cvd_ihd,total,43.4447432769457,666,nvss,Deaths,age-adjusted rate
1992,A,All,45,54,All Origins,3,20,cvd_ihd,total,213.19616159605,666,nvss,Deaths,age-adjusted rate
1992,A,All,55,64,All Origins,3,20,cvd_ihd,total,275.462063784774,666,nvss,Deaths,age-adjusted rate
1992,A,All,65,74,All Origins,3,20,cvd_ihd,total,665.47198897021,666,nvss,Deaths,age-adjusted rate
1992,A,All,75,84,All Origins,3,20,cvd_ihd,total,851.792736546658,666,nvss,Deaths,age-adjusted rate
1992,A,All,85,150,All Origins,3,20,cvd_ihd,total,815.111175899821,666,nvss,Deaths,age-adjusted rate
1992,A,All,35,44,All Origins,3,20,cvd_stroke,total,43.4447432769457,666,nvss,Deaths,age-adjusted rate
1992,A,All,45,54,All Origins,3,20,cvd_stroke,total,94.7538495982444,666,nvss,Deaths,age-adjusted rate
1992,A,All,55,64,All Origins,3,20,cvd_stroke,total,57.9920134283736,666,nvss,Deaths,age-adjusted rate
1992,A,All,65,74,All Origins,3,20,cvd_stroke,total,61.4281835972502,666,nvss,Deaths,age-adjusted rate
1992,A,All,75,84,All Origins,3,20,cvd_stroke,total,172.38662525349,666,nvss,Deaths,age-adjusted rate
1992,A,All,85,150,All Origins,3,20,cvd_stroke,total,150.152058718388,666,nvss,Deaths,age-adjusted rate
1992,A,All,25,34,All Origins,3,20,ncd_lri,total,783.464281337085,666,nvss,Deaths,age-adjusted rate
1992,A,All,35,44,All Origins,3,20,ncd_lri,total,2128.79242057034,666,nvss,Deaths,age-adjusted rate
1992,A,All,45,54,All Origins,3,20,ncd_lri,total,3884.90783352802,666,nvss,Deaths,age-adjusted rate
1992,A,All,55,64,All Origins,3,20,ncd_lri,total,4624.86307091279,666,nvss,Deaths,age-adjusted rate
1992,A,All,65,74,All Origins,3,20,ncd_lri,total,6982.33686888744,666,nvss,Deaths,age-adjusted rate
1992,A,All,75,84,All Origins,3,20,ncd_lri,total,7696.5557980823,666,nvss,Deaths,age-adjusted rate
1992,A,All,85,150,All Origins,3,20,ncd_lri,total,6467.263671942,666,nvss,Deaths,age-adjusted rate
1992,A,All,35,44,All Origins,3,20,neo_lung,total,195.501344746256,666,nvss,Deaths,age-adjusted rate
1992,A,All,45,54,All Origins,3,20,neo_lung,total,521.146172790344,666,nvss,Deaths,age-adjusted rate
1992,A,All,55,64,All Origins,3,20,neo_lung,total,840.884194711417,666,nvss,Deaths,age-adjusted rate
1992,A,All,65,74,All Origins,3,20,neo_lung,total,900.946692759669,666,nvss,Deaths,age-adjusted rate
1992,A,All,75,84,All Origins,3,20,neo_lung,total,486.73870659809,666,nvss,Deaths,age-adjusted rate
1992,A,All,85,150,All Origins,3,20,neo_lung,total,139.426911667075,666,nvss,Deaths,age-adjusted rate
1992,A,All,35,44,All Origins,3,20,resp_copd,total,21.7223716384729,666,nvss,Deaths,age-adjusted rate
1992,A,All,45,54,All Origins,3,20,resp_copd,total,142.130774397367,666,nvss,Deaths,age-adjusted rate
1992,A,All,55,64,All Origins,3,20,resp_copd,total,347.952080570241,666,nvss,Deaths,age-adjusted rate
1992,A,All,65,74,All Origins,3,20,resp_copd,total,583.567744173877,666,nvss,Deaths,age-adjusted rate
1992,A,All,75,84,All Origins,3,20,resp_copd,total,578.002214085232,666,nvss,Deaths,age-adjusted rate
1992,A,All,85,150,All Origins,3,20,resp_copd,total,246.678382180209,666,nvss,Deaths,age-adjusted rate
1992,A,All,25,34,All Origins,3,20,t2_dm,total,17.8060063940247,666,nvss,Deaths,age-adjusted rate
1992,A,All,35,44,All Origins,3,20,t2_dm,total,86.8894865538915,666,nvss,Deaths,age-adjusted rate
1992,A,All,45,54,All Origins,3,20,t2_dm,total,213.19616159605,666,nvss,Deaths,age-adjusted rate
1992,A,All,55,64,All Origins,3,20,t2_dm,total,217.470050356401,666,nvss,Deaths,age-adjusted rate
1992,A,All,65,74,All Origins,3,20,t2_dm,total,174.046520192209,666,nvss,Deaths,age-adjusted rate
1992,A,All,75,84,All Origins,3,20,t2_dm,total,131.825066370316,666,nvss,Deaths,age-adjusted rate
1992,A,All,85,150,All Origins,3,20,t2_dm,total,160.877205769701,666,nvss,Deaths,age-adjusted rate
1992,A,All,25,34,All Origins,3,21,all-cause,overall,189.400847708237,666,nvss,Deaths,age-adjusted rate
1992,A,All,35,44,All Origins,3,21,all-cause,overall,403.830531807295,666,nvss,Deaths,age-adjusted rate
1992,A,All,45,54,All Origins,3,21,all-cause,overall,445.101557712908,666,nvss,Deaths,age-adjusted rate
1992,A,All,55,64,All Origins,3,21,all-cause,overall,798.145570040267,666,nvss,Deaths,age-adjusted rate
1992,A,All,65,74,All Origins,3,21,all-cause,overall,1289.66108221278,666,nvss,Deaths,age-adjusted rate
1992,A,All,75,84,All Origins,3,21,all-cause,overall,1654.91136198835,666,nvss,Deaths,age-adjusted rate
1992,A,All,85,150,All Origins,3,21,all-cause,overall,1737.11567478137,666,nvss,Deaths,age-adjusted rate
1992,A,All,25,34,All Origins,3,21,cvd_ihd,total,8.05961054077602,666,nvss,Deaths,age-adjusted rate
1992,A,All,35,44,All Origins,3,21,cvd_ihd,total,24.9278106053886,666,nvss,Deaths,age-adjusted rate
1992,A,All,45,54,All Origins,3,21,cvd_ihd,total,30.006846587387,666,nvss,Deaths,age-adjusted rate
1992,A,All,55,64,All Origins,3,21,cvd_ihd,total,52.7077263234139,666,nvss,Deaths,age-adjusted rate
1992,A,All,65,74,All Origins,3,21,cvd_ihd,total,82.4591484790777,666,nvss,Deaths,age-adjusted rate
1992,A,All,75,84,All Origins,3,21,cvd_ihd,total,160.497869158352,666,nvss,Deaths,age-adjusted rate
1992,A,All,85,150,All Origins,3,21,cvd_ihd,total,184.512286699575,666,nvss,Deaths,age-adjusted rate
1992,A,All,35,44,All Origins,3,21,cvd_stroke,total,9.97112424215543,666,nvss,Deaths,age-adjusted rate
1992,A,All,45,54,All Origins,3,21,cvd_stroke,total,15.0034232936935,666,nvss,Deaths,age-adjusted rate
1992,A,All,55,64,All Origins,3,21,cvd_stroke,total,7.52967518905912,666,nvss,Deaths,age-adjusted rate
1992,A,All,65,74,All Origins,3,21,cvd_stroke,total,3.29836593916311,666,nvss,Deaths,age-adjusted rate
1992,A,All,75,84,All Origins,3,21,cvd_stroke,total,14.2664772585202,666,nvss,Deaths,age-adjusted rate
1992,A,All,85,150,All Origins,3,21,cvd_stroke,total,49.5032964315933,666,nvss,Deaths,age-adjusted rate
1992,A,All,75,84,All Origins,3,21,lri,total,3.56661931463005,666,nvss,Deaths,age-adjusted rate
1992,A,All,85,150,All Origins,3,21,lri,total,4.50029967559939,666,nvss,Deaths,age-adjusted rate
1992,A,All,25,34,All Origins,3,21,ncd_lri,total,100.7451317597,666,nvss,Deaths,age-adjusted rate
1992,A,All,35,44,All Origins,3,21,ncd_lri,total,264.234792417119,666,nvss,Deaths,age-adjusted rate
1992,A,All,45,54,All Origins,3,21,ncd_lri,total,385.087864538133,666,nvss,Deaths,age-adjusted rate
1992,A,All,55,64,All Origins,3,21,ncd_lri,total,719.083980555146,666,nvss,Deaths,age-adjusted rate
1992,A,All,65,74,All Origins,3,21,ncd_lri,total,1203.90356779453,666,nvss,Deaths,age-adjusted rate
1992,A,All,75,84,All Origins,3,21,ncd_lri,total,1497.98011214462,666,nvss,Deaths,age-adjusted rate
1992,A,All,85,150,All Origins,3,21,ncd_lri,total,1471.597993921,666,nvss,Deaths,age-adjusted rate
1992,A,All,35,44,All Origins,3,21,neo_lung,total,29.9133727264663,666,nvss,Deaths,age-adjusted rate
1992,A,All,45,54,All Origins,3,21,neo_lung,total,45.0102698810805,666,nvss,Deaths,age-adjusted rate
1992,A,All,55,64,All Origins,3,21,neo_lung,total,158.123178970242,666,nvss,Deaths,age-adjusted rate
1992,A,All,65,74,All Origins,3,21,neo_lung,total,161.619931018992,666,nvss,Deaths,age-adjusted rate
1992,A,All,75,84,All Origins,3,21,neo_lung,total,121.265056697422,666,nvss,Deaths,age-adjusted rate
1992,A,All,85,150,All Origins,3,21,neo_lung,total,31.5020977291958,666,nvss,Deaths,age-adjusted rate
1992,A,All,35,44,All Origins,3,21,resp_copd,total,9.97112424215543,666,nvss,Deaths,age-adjusted rate
1992,A,All,45,54,All Origins,3,21,resp_copd,total,5.00114109789784,666,nvss,Deaths,age-adjusted rate
1992,A,All,55,64,All Origins,3,21,resp_copd,total,37.6483759452956,666,nvss,Deaths,age-adjusted rate
1992,A,All,65,74,All Origins,3,21,resp_copd,total,95.6526122357301,666,nvss,Deaths,age-adjusted rate
1992,A,All,75,84,All Origins,3,21,resp_copd,total,121.265056697422,666,nvss,Deaths,age-adjusted rate
1992,A,All,85,150,All Origins,3,21,resp_copd,total,58.5038957827921,666,nvss,Deaths,age-adjusted rate
1992,A,All,45,54,All Origins,3,21,t2_dm,total,20.0045643915914,666,nvss,Deaths,age-adjusted rate
1992,A,All,55,64,All Origins,3,21,t2_dm,total,30.1187007562365,666,nvss,Deaths,age-adjusted rate
1992,A,All,65,74,All Origins,3,21,t2_dm,total,13.1934637566524,666,nvss,Deaths,age-adjusted rate
1992,A,All,75,84,All Origins,3,21,t2_dm,total,39.2328124609306,666,nvss,Deaths,age-adjusted rate
1992,A,All,85,150,All Origins,3,21,t2_dm,total,27.0017980535964,666,nvss,Deaths,age-adjusted rate
1992,A,All,25,34,All Origins,3,22,all-cause,overall,627.002850115343,666,nvss,Deaths,age-adjusted rate
1992,A,All,35,44,All Origins,3,22,all-cause,overall,1141.93134711902,666,nvss,Deaths,age-adjusted rate
1992,A,All,45,54,All Origins,3,22,all-cause,overall,1658.77076706575,666,nvss,Deaths,age-adjusted rate
1992,A,All,55,64,All Origins,3,22,all-cause,overall,2628.56565870321,666,nvss,Deaths,age-adjusted rate
1992,A,All,65,74,All Origins,3,22,all-cause,overall,4512.77852688009,666,nvss,Deaths,age-adjusted rate
1992,A,All,75,84,All Origins,3,22,all-cause,overall,6471.71989730651,666,nvss,Deaths,age-adjusted rate
1992,A,All,85,150,All Origins,3,22,all-cause,overall,6340.40008748949,666,nvss,Deaths,age-adjusted rate
1992,A,All,35,44,All Origins,3,22,cvd_ihd,total,28.727832631925,666,nvss,Deaths,age-adjusted rate
1992,A,All,45,54,All Origins,3,22,cvd_ihd,total,73.0021364478816,666,nvss,Deaths,age-adjusted rate
1992,A,All,55,64,All Origins,3,22,cvd_ihd,total,266.062133746789,666,nvss,Deaths,age-adjusted rate
1992,A,All,65,74,All Origins,3,22,cvd_ihd,total,539.790002100813,666,nvss,Deaths,age-adjusted rate
1992,A,All,75,84,All Origins,3,22,cvd_ihd,total,977.913448855897,666,nvss,Deaths,age-adjusted rate
1992,A,All,85,150,All Origins,3,22,cvd_ihd,total,1310.44788133039,666,nvss,Deaths,age-adjusted rate
1992,A,All,25,34,All Origins,3,22,cvd_stroke,total,2.85001295506974,666,nvss,Deaths,age-adjusted rate
1992,A,All,35,44,All Origins,3,22,cvd_stroke,total,17.9548953949531,666,nvss,Deaths,age-adjusted rate
1992,A,All,45,54,All Origins,3,22,cvd_stroke,total,16.2226969884181,666,nvss,Deaths,age-adjusted rate
1992,A,All,55,64,All Origins,3,22,cvd_stroke,total,32.0556787646733,666,nvss,Deaths,age-adjusted rate
1992,A,All,65,74,All Origins,3,22,cvd_stroke,total,36.8800622553351,666,nvss,Deaths,age-adjusted rate
1992,A,All,75,84,All Origins,3,22,cvd_stroke,total,59.6288688326767,666,nvss,Deaths,age-adjusted rate
1992,A,All,85,150,All Origins,3,22,cvd_stroke,total,88.6769243005524,666,nvss,Deaths,age-adjusted rate
1992,A,All,25,34,All Origins,3,22,ncd_lri,total,267.901217776556,666,nvss,Deaths,age-adjusted rate
1992,A,All,35,44,All Origins,3,22,ncd_lri,total,800.78833461491,666,nvss,Deaths,age-adjusted rate
1992,A,All,45,54,All Origins,3,22,ncd_lri,total,1411.37463799238,666,nvss,Deaths,age-adjusted rate
1992,A,All,55,64,All Origins,3,22,ncd_lri,total,2484.31510426218,666,nvss,Deaths,age-adjusted rate
1992,A,All,65,74,All Origins,3,22,ncd_lri,total,4241.20715936353,666,nvss,Deaths,age-adjusted rate
1992,A,All,75,84,All Origins,3,22,ncd_lri,total,5879.40646690192,666,nvss,Deaths,age-adjusted rate
1992,A,All,85,150,All Origins,3,22,ncd_lri,total,5660.54366785193,666,nvss,Deaths,age-adjusted rate
1992,A,All,25,34,All Origins,3,22,neo_lung,total,5.70002591013948,666,nvss,Deaths,age-adjusted rate
1992,A,All,35,44,All Origins,3,22,neo_lung,total,39.5007698688969,666,nvss,Deaths,age-adjusted rate
1992,A,All,45,54,All Origins,3,22,neo_lung,total,154.115621389972,666,nvss,Deaths,age-adjusted rate
1992,A,All,55,64,All Origins,3,22,neo_lung,total,378.257009423146,666,nvss,Deaths,age-adjusted rate
1992,A,All,65,74,All Origins,3,22,neo_lung,total,546.495467965419,666,nvss,Deaths,age-adjusted rate
1992,A,All,75,84,All Origins,3,22,neo_lung,total,425.352597673094,666,nvss,Deaths,age-adjusted rate
1992,A,All,85,150,All Origins,3,22,neo_lung,total,113.309403272928,666,nvss,Deaths,age-adjusted rate
1992,A,All,25,34,All Origins,3,22,resp_copd,total,2.85001295506974,666,nvss,Deaths,age-adjusted rate
1992,A,All,35,44,All Origins,3,22,resp_copd,total,3.59097907899063,666,nvss,Deaths,age-adjusted rate
1992,A,All,45,54,All Origins,3,22,resp_copd,total,24.3340454826272,666,nvss,Deaths,age-adjusted rate
1992,A,All,55,64,All Origins,3,22,resp_copd,total,83.3447647881507,666,nvss,Deaths,age-adjusted rate
1992,A,All,65,74,All Origins,3,22,resp_copd,total,231.33857232892,666,nvss,Deaths,age-adjusted rate
1992,A,All,75,84,All Origins,3,22,resp_copd,total,302.119602085562,666,nvss,Deaths,age-adjusted rate
1992,A,All,85,150,All Origins,3,22,resp_copd,total,152.721369628729,666,nvss,Deaths,age-adjusted rate
1992,A,All,25,34,All Origins,3,22,t2_dm,total,2.85001295506974,666,nvss,Deaths,age-adjusted rate
1992,A,All,35,44,All Origins,3,22,t2_dm,total,32.3188117109157,666,nvss,Deaths,age-adjusted rate
1992,A,All,45,54,All Origins,3,22,t2_dm,total,77.0578106949861,666,nvss,Deaths,age-adjusted rate
1992,A,All,55,64,All Origins,3,22,t2_dm,total,83.3447647881507,666,nvss,Deaths,age-adjusted rate
1992,A,All,65,74,All Origins,3,22,t2_dm,total,211.222174735101,666,nvss,Deaths,age-adjusted rate
1992,A,All,75,84,All Origins,3,22,t2_dm,total,246.465991175064,666,nvss,Deaths,age-adjusted rate
1992,A,All,85,150,All Origins,3,22,t2_dm,total,231.545302340331,666,nvss,Deaths,age-adjusted rate
1992,A,All,25,34,All Origins,3,24,all-cause,overall,340974.893955194,666,nvss,Deaths,age-adjusted rate
1992,A,All,35,44,All Origins,3,24,all-cause,overall,812620.650752059,666,nvss,Deaths,age-adjusted rate
1992,A,All,45,54,All Origins,3,24,all-cause,overall,1378621.20855219,666,nvss,Deaths,age-adjusted rate
1992,A,All,55,64,All Origins,3,24,all-cause,overall,2048729.01001556,666,nvss,Deaths,age-adjusted rate
1992,A,All,65,74,All Origins,3,24,all-cause,overall,4652163.93851233,666,nvss,Deaths,age-adjusted rate
1992,A,All,75,84,All Origins,3,24,all-cause,overall,7783090.60160045,666,nvss,Deaths,age-adjusted rate
1992,A,All,85,150,All Origins,3,24,all-cause,overall,6563834.31198175,666,nvss,Deaths,age-adjusted rate
1992,A,All,35,44,All Origins,3,24,cvd_ihd,total,87850.8811623848,666,nvss,Deaths,age-adjusted rate
1992,A,All,45,54,All Origins,3,24,cvd_ihd,total,212095.570546491,666,nvss,Deaths,age-adjusted rate
1992,A,All,55,64,All Origins,3,24,cvd_ihd,total,189378.311850177,666,nvss,Deaths,age-adjusted rate
1992,A,All,65,74,All Origins,3,24,cvd_ihd,total,471958.660428787,666,nvss,Deaths,age-adjusted rate
1992,A,All,75,84,All Origins,3,24,cvd_ihd,total,572286.073647092,666,nvss,Deaths,age-adjusted rate
1992,A,All,85,150,All Origins,3,24,cvd_ihd,total,732220.560699159,666,nvss,Deaths,age-adjusted rate
1992,A,All,45,54,All Origins,3,24,cvd_stroke,total,26511.9463183114,666,nvss,Deaths,age-adjusted rate
1992,A,All,55,64,All Origins,3,24,cvd_stroke,total,17216.2101681979,666,nvss,Deaths,age-adjusted rate
1992,A,All,65,74,All Origins,3,24,cvd_stroke,total,16855.6664438852,666,nvss,Deaths,age-adjusted rate
1992,A,All,75,84,All Origins,3,24,cvd_stroke,total,45782.8858917674,666,nvss,Deaths,age-adjusted rate
1992,A,All,85,150,All Origins,3,24,cvd_stroke,total,130753.671553421,666,nvss,Deaths,age-adjusted rate
1992,A,All,25,34,All Origins,3,24,ncd_lri,total,234420.239594196,666,nvss,Deaths,age-adjusted rate
1992,A,All,35,44,All Origins,3,24,ncd_lri,total,658881.608717886,666,nvss,Deaths,age-adjusted rate
1992,A,All,45,54,All Origins,3,24,ncd_lri,total,1166525.6380057,666,nvss,Deaths,age-adjusted rate
1992,A,All,55,64,All Origins,3,24,ncd_lri,total,1928215.53883817,666,nvss,Deaths,age-adjusted rate
1992,A,All,65,74,All Origins,3,24,ncd_lri,total,4331906.27607851,666,nvss,Deaths,age-adjusted rate
1992,A,All,75,84,All Origins,3,24,ncd_lri,total,7119238.75616982,666,nvss,Deaths,age-adjusted rate
1992,A,All,85,150,All Origins,3,24,ncd_lri,total,5753161.54835054,666,nvss,Deaths,age-adjusted rate
1992,A,All,35,44,All Origins,3,24,neo_lung,total,43925.4405811924,666,nvss,Deaths,age-adjusted rate
1992,A,All,45,54,All Origins,3,24,neo_lung,total,185583.62422818,666,nvss,Deaths,age-adjusted rate
1992,A,All,55,64,All Origins,3,24,neo_lung,total,275459.362691167,666,nvss,Deaths,age-adjusted rate
1992,A,All,65,74,All Origins,3,24,neo_lung,total,573092.659092098,666,nvss,Deaths,age-adjusted rate
1992,A,All,75,84,All Origins,3,24,neo_lung,total,412045.973025906,666,nvss,Deaths,age-adjusted rate
1992,A,All,55,64,All Origins,3,24,resp_copd,total,137729.681345584,666,nvss,Deaths,age-adjusted rate
1992,A,All,65,74,All Origins,3,24,resp_copd,total,353968.99532159,666,nvss,Deaths,age-adjusted rate
1992,A,All,75,84,All Origins,3,24,resp_copd,total,549394.630701208,666,nvss,Deaths,age-adjusted rate
1992,A,All,85,150,All Origins,3,24,resp_copd,total,183055.14017479,666,nvss,Deaths,age-adjusted rate
1992,A,All,25,34,All Origins,3,24,t2_dm,total,21310.9308721996,666,nvss,Deaths,age-adjusted rate
1992,A,All,45,54,All Origins,3,24,t2_dm,total,53023.8926366227,666,nvss,Deaths,age-adjusted rate
1992,A,All,55,64,All Origins,3,24,t2_dm,total,86081.0508409897,666,nvss,Deaths,age-adjusted rate
1992,A,All,65,74,All Origins,3,24,t2_dm,total,117989.665107197,666,nvss,Deaths,age-adjusted rate
1992,A,All,75,84,All Origins,3,24,t2_dm,total,183131.543567069,666,nvss,Deaths,age-adjusted rate
1992,A,All,85,150,All Origins,3,24,t2_dm,total,183055.14017479,666,nvss,Deaths,age-adjusted rate
1992,A,All,25,34,All Origins,3,27,all-cause,overall,246.430702206456,666,nvss,Deaths,age-adjusted rate
1992,A,All,35,44,All Origins,3,27,all-cause,overall,564.231602754467,666,nvss,Deaths,age-adjusted rate
1992,A,All,45,54,All Origins,3,27,all-cause,overall,672.499918849993,666,nvss,Deaths,age-adjusted rate
1992,A,All,55,64,All Origins,3,27,all-cause,overall,952.555447267422,666,nvss,Deaths,age-adjusted rate
1992,A,All,65,74,All Origins,3,27,all-cause,overall,1705.01669381039,666,nvss,Deaths,age-adjusted rate
1992,A,All,75,84,All Origins,3,27,all-cause,overall,3348.84198763478,666,nvss,Deaths,age-adjusted rate
1992,A,All,85,150,All Origins,3,27,all-cause,overall,2730.80682294463,666,nvss,Deaths,age-adjusted rate
1992,A,All,35,44,All Origins,3,27,cvd_ihd,total,19.4562621639472,666,nvss,Deaths,age-adjusted rate
1992,A,All,45,54,All Origins,3,27,cvd_ihd,total,26.5460494282892,666,nvss,Deaths,age-adjusted rate
1992,A,All,55,64,All Origins,3,27,cvd_ihd,total,101.335685879513,666,nvss,Deaths,age-adjusted rate
1992,A,All,65,74,All Origins,3,27,cvd_ihd,total,137.142647110836,666,nvss,Deaths,age-adjusted rate
1992,A,All,75,84,All Origins,3,27,cvd_ihd,total,446.51226501797,666,nvss,Deaths,age-adjusted rate
1992,A,All,85,150,All Origins,3,27,cvd_ihd,total,287.197152502199,666,nvss,Deaths,age-adjusted rate
1992,A,All,35,44,All Origins,3,27,cvd_stroke,total,9.72813108197357,666,nvss,Deaths,age-adjusted rate
1992,A,All,45,54,All Origins,3,27,cvd_stroke,total,8.84868314276307,666,nvss,Deaths,age-adjusted rate
1992,A,All,55,64,All Origins,3,27,cvd_stroke,total,10.1335685879513,666,nvss,Deaths,age-adjusted rate
1992,A,All,65,74,All Origins,3,27,cvd_stroke,total,14.8262321200903,666,nvss,Deaths,age-adjusted rate
1992,A,All,75,84,All Origins,3,27,cvd_stroke,total,23.7506523945729,666,nvss,Deaths,age-adjusted rate
1992,A,All,85,150,All Origins,3,27,cvd_stroke,total,34.0742384324642,666,nvss,Deaths,age-adjusted rate
1992,A,All,25,34,All Origins,3,27,ncd_lri,total,88.715052794324,666,nvss,Deaths,age-adjusted rate
1992,A,All,35,44,All Origins,3,27,ncd_lri,total,437.765898688811,666,nvss,Deaths,age-adjusted rate
1992,A,All,45,54,All Origins,3,27,ncd_lri,total,592.861770565126,666,nvss,Deaths,age-adjusted rate
1992,A,All,55,64,All Origins,3,27,ncd_lri,total,891.754035739714,666,nvss,Deaths,age-adjusted rate
1992,A,All,65,74,All Origins,3,27,ncd_lri,total,1612.35274305982,666,nvss,Deaths,age-adjusted rate
1992,A,All,75,84,All Origins,3,27,ncd_lri,total,3059.08402842099,666,nvss,Deaths,age-adjusted rate
1992,A,All,85,150,All Origins,3,27,ncd_lri,total,2370.59344523001,666,nvss,Deaths,age-adjusted rate
1992,A,All,35,44,All Origins,3,27,neo_lung,total,9.72813108197357,666,nvss,Deaths,age-adjusted rate
1992,A,All,45,54,All Origins,3,27,neo_lung,total,53.0920988565784,666,nvss,Deaths,age-adjusted rate
1992,A,All,55,64,All Origins,3,27,neo_lung,total,86.135332997586,666,nvss,Deaths,age-adjusted rate
1992,A,All,65,74,All Origins,3,27,neo_lung,total,159.381995290971,666,nvss,Deaths,age-adjusted rate
1992,A,All,75,84,All Origins,3,27,neo_lung,total,175.754827719839,666,nvss,Deaths,age-adjusted rate
1992,A,All,85,150,All Origins,3,27,neo_lung,total,34.0742384324642,666,nvss,Deaths,age-adjusted rate
1992,A,All,45,54,All Origins,3,27,resp_copd,total,8.84868314276307,666,nvss,Deaths,age-adjusted rate
1992,A,All,55,64,All Origins,3,27,resp_copd,total,60.8014115277078,666,nvss,Deaths,age-adjusted rate
1992,A,All,65,74,All Origins,3,27,resp_copd,total,70.4246025704291,666,nvss,Deaths,age-adjusted rate
1992,A,All,75,84,All Origins,3,27,resp_copd,total,242.256654424643,666,nvss,Deaths,age-adjusted rate
1992,A,All,85,150,All Origins,3,27,resp_copd,total,77.8839735599183,666,nvss,Deaths,age-adjusted rate
1992,A,All,25,34,All Origins,3,27,t2_dm,total,9.85722808825822,666,nvss,Deaths,age-adjusted rate
1992,A,All,35,44,All Origins,3,27,t2_dm,total,19.4562621639472,666,nvss,Deaths,age-adjusted rate
1992,A,All,45,54,All Origins,3,27,t2_dm,total,53.0920988565784,666,nvss,Deaths,age-adjusted rate
1992,A,All,55,64,All Origins,3,27,t2_dm,total,25.3339214698782,666,nvss,Deaths,age-adjusted rate
1992,A,All,65,74,All Origins,3,27,t2_dm,total,44.478696360271,666,nvss,Deaths,age-adjusted rate
1992,A,All,75,84,All Origins,3,27,t2_dm,total,114.00313149395,666,nvss,Deaths,age-adjusted rate
1992,A,All,85,150,All Origins,3,27,t2_dm,total,63.2807285174336,666,nvss,Deaths,age-adjusted rate
1992,A,All,25,34,All Origins,3,28,all-cause,overall,1423.84452280863,666,nvss,Deaths,age-adjusted rate
1992,A,All,35,44,All Origins,3,28,all-cause,overall,2168.28662891229,666,nvss,Deaths,age-adjusted rate
1992,A,All,45,54,All Origins,3,28,all-cause,overall,2579.40664571074,666,nvss,Deaths,age-adjusted rate
1992,A,All,55,64,All Origins,3,28,all-cause,overall,4028.62576913024,666,nvss,Deaths,age-adjusted rate
1992,A,All,65,74,All Origins,3,28,all-cause,overall,5754.23388723041,666,nvss,Deaths,age-adjusted rate
1992,A,All,75,84,All Origins,3,28,all-cause,overall,7534.99541242005,666,nvss,Deaths,age-adjusted rate
1992,A,All,85,150,All Origins,3,28,all-cause,overall,6774.03922860542,666,nvss,Deaths,age-adjusted rate
1992,A,All,25,34,All Origins,3,28,cvd_ihd,total,7.53356890374938,666,nvss,Deaths,age-adjusted rate
1992,A,All,35,44,All Origins,3,28,cvd_ihd,total,9.55192347538456,666,nvss,Deaths,age-adjusted rate
1992,A,All,45,54,All Origins,3,28,cvd_ihd,total,73.9614808805946,666,nvss,Deaths,age-adjusted rate
1992,A,All,55,64,All Origins,3,28,cvd_ihd,total,263.618129188053,666,nvss,Deaths,age-adjusted rate
1992,A,All,65,74,All Origins,3,28,cvd_ihd,total,406.979214028084,666,nvss,Deaths,age-adjusted rate
1992,A,All,75,84,All Origins,3,28,cvd_ihd,total,574.756565406726,666,nvss,Deaths,age-adjusted rate
1992,A,All,85,150,All Origins,3,28,cvd_ihd,total,718.332150012412,666,nvss,Deaths,age-adjusted rate
1992,A,All,35,44,All Origins,3,28,cvd_stroke,total,47.7596173769228,666,nvss,Deaths,age-adjusted rate
1992,A,All,45,54,All Origins,3,28,cvd_stroke,total,18.4903702201486,666,nvss,Deaths,age-adjusted rate
1992,A,All,55,64,All Origins,3,28,cvd_stroke,total,40.5566352597005,666,nvss,Deaths,age-adjusted rate
1992,A,All,65,74,All Origins,3,28,cvd_stroke,total,39.5674235860638,666,nvss,Deaths,age-adjusted rate
1992,A,All,75,84,All Origins,3,28,cvd_stroke,total,63.1600621326073,666,nvss,Deaths,age-adjusted rate
1992,A,All,85,150,All Origins,3,28,cvd_stroke,total,50.1161965124939,666,nvss,Deaths,age-adjusted rate
1992,A,All,45,54,All Origins,3,28,lri,total,9.24518511007432,666,nvss,Deaths,age-adjusted rate
1992,A,All,25,34,All Origins,3,28,ncd_lri,total,693.088339144943,666,nvss,Deaths,age-adjusted rate
1992,A,All,35,44,All Origins,3,28,ncd_lri,total,1509.20390911076,666,nvss,Deaths,age-adjusted rate
1992,A,All,45,54,All Origins,3,28,ncd_lri,total,2135.63776042717,666,nvss,Deaths,age-adjusted rate
1992,A,All,55,64,All Origins,3,28,ncd_lri,total,3690.65380863274,666,nvss,Deaths,age-adjusted rate
1992,A,All,65,74,All Origins,3,28,ncd_lri,total,5415.08454220701,666,nvss,Deaths,age-adjusted rate
1992,A,All,75,84,All Origins,3,28,ncd_lri,total,6928.65881594702,666,nvss,Deaths,age-adjusted rate
1992,A,All,85,150,All Origins,3,28,ncd_lri,total,6039.00167975551,666,nvss,Deaths,age-adjusted rate
1992,A,All,25,34,All Origins,3,28,neo_lung,total,7.53356890374938,666,nvss,Deaths,age-adjusted rate
1992,A,All,35,44,All Origins,3,28,neo_lung,total,85.967311278461,666,nvss,Deaths,age-adjusted rate
1992,A,All,45,54,All Origins,3,28,neo_lung,total,277.35555330223,666,nvss,Deaths,age-adjusted rate
1992,A,All,55,64,All Origins,3,28,neo_lung,total,493.439062326355,666,nvss,Deaths,age-adjusted rate
1992,A,All,65,74,All Origins,3,28,neo_lung,total,633.07877737702,666,nvss,Deaths,age-adjusted rate
1992,A,All,75,84,All Origins,3,28,neo_lung,total,562.124552980205,666,nvss,Deaths,age-adjusted rate
1992,A,All,85,150,All Origins,3,28,neo_lung,total,58.4688959312429,666,nvss,Deaths,age-adjusted rate
1992,A,All,25,34,All Origins,3,28,resp_copd,total,7.53356890374938,666,nvss,Deaths,age-adjusted rate
1992,A,All,35,44,All Origins,3,28,resp_copd,total,9.55192347538456,666,nvss,Deaths,age-adjusted rate
1992,A,All,45,54,All Origins,3,28,resp_copd,total,83.2066659906689,666,nvss,Deaths,age-adjusted rate
1992,A,All,55,64,All Origins,3,28,resp_copd,total,162.226541038802,666,nvss,Deaths,age-adjusted rate
1992,A,All,65,74,All Origins,3,28,resp_copd,total,327.844366855957,666,nvss,Deaths,age-adjusted rate
1992,A,All,75,84,All Origins,3,28,resp_copd,total,315.800310663036,666,nvss,Deaths,age-adjusted rate
1992,A,All,85,150,All Origins,3,28,resp_copd,total,275.639080818716,666,nvss,Deaths,age-adjusted rate
1992,A,All,25,34,All Origins,3,28,t2_dm,total,7.53356890374938,666,nvss,Deaths,age-adjusted rate
1992,A,All,35,44,All Origins,3,28,t2_dm,total,38.2076939015382,666,nvss,Deaths,age-adjusted rate
1992,A,All,45,54,All Origins,3,28,t2_dm,total,83.2066659906689,666,nvss,Deaths,age-adjusted rate
1992,A,All,55,64,All Origins,3,28,t2_dm,total,81.1132705194009,666,nvss,Deaths,age-adjusted rate
1992,A,All,65,74,All Origins,3,28,t2_dm,total,101.744803507021,666,nvss,Deaths,age-adjusted rate
1992,A,All,75,84,All Origins,3,28,t2_dm,total,145.268142904997,666,nvss,Deaths,age-adjusted rate
1992,A,All,85,150,All Origins,3,28,t2_dm,total,66.8215953499918,666,nvss,Deaths,age-adjusted rate
1992,A,All,25,34,All Origins,3,29,all-cause,overall,220.214291256507,666,nvss,Deaths,age-adjusted rate
1992,A,All,35,44,All Origins,3,29,all-cause,overall,442.911537610934,666,nvss,Deaths,age-adjusted rate
1992,A,All,45,54,All Origins,3,29,all-cause,overall,646.26354817436,666,nvss,Deaths,age-adjusted rate
1992,A,All,55,64,All Origins,3,29,all-cause,overall,908.449251210634,666,nvss,Deaths,age-adjusted rate
1992,A,All,65,74,All Origins,3,29,all-cause,overall,1410.40783380121,666,nvss,Deaths,age-adjusted rate
1992,A,All,75,84,All Origins,3,29,all-cause,overall,1949.89445637129,666,nvss,Deaths,age-adjusted rate
1992,A,All,85,150,All Origins,3,29,all-cause,overall,1623.26513577825,666,nvss,Deaths,age-adjusted rate
1992,A,All,35,44,All Origins,3,29,cvd_ihd,total,6.51340496486667,666,nvss,Deaths,age-adjusted rate
1992,A,All,45,54,All Origins,3,29,cvd_ihd,total,7.10179723268527,666,nvss,Deaths,age-adjusted rate
1992,A,All,55,64,All Origins,3,29,cvd_ihd,total,37.8520521337764,666,nvss,Deaths,age-adjusted rate
1992,A,All,65,74,All Origins,3,29,cvd_ihd,total,123.410685457606,666,nvss,Deaths,age-adjusted rate
1992,A,All,75,84,All Origins,3,29,cvd_ihd,total,192.958305578409,666,nvss,Deaths,age-adjusted rate
1992,A,All,85,150,All Origins,3,29,cvd_ihd,total,249.276547358999,666,nvss,Deaths,age-adjusted rate
1992,A,All,45,54,All Origins,3,29,cvd_stroke,total,7.10179723268527,666,nvss,Deaths,age-adjusted rate
1992,A,All,55,64,All Origins,3,29,cvd_stroke,total,4.73150651672205,666,nvss,Deaths,age-adjusted rate
1992,A,All,65,74,All Origins,3,29,cvd_stroke,total,7.05203916900606,666,nvss,Deaths,age-adjusted rate
1992,A,All,75,84,All Origins,3,29,cvd_stroke,total,13.5409337248006,666,nvss,Deaths,age-adjusted rate
1992,A,All,85,150,All Origins,3,29,cvd_stroke,total,20.77304561325,666,nvss,Deaths,age-adjusted rate
1992,A,All,35,44,All Origins,3,29,lri,total,6.51340496486667,666,nvss,Deaths,age-adjusted rate
1992,A,All,65,74,All Origins,3,29,lri,total,3.52601958450303,666,nvss,Deaths,age-adjusted rate
1992,A,All,25,34,All Origins,3,29,ncd_lri,total,143.13928931673,666,nvss,Deaths,age-adjusted rate
1992,A,All,35,44,All Origins,3,29,ncd_lri,total,338.697058173067,666,nvss,Deaths,age-adjusted rate
1992,A,All,45,54,All Origins,3,29,ncd_lri,total,582.347373080192,666,nvss,Deaths,age-adjusted rate
1992,A,All,55,64,All Origins,3,29,ncd_lri,total,856.402679526692,666,nvss,Deaths,age-adjusted rate
1992,A,All,65,74,All Origins,3,29,ncd_lri,total,1322.25734418864,666,nvss,Deaths,age-adjusted rate
1992,A,All,75,84,All Origins,3,29,ncd_lri,total,1807.71465226089,666,nvss,Deaths,age-adjusted rate
1992,A,All,85,150,All Origins,3,29,ncd_lri,total,1445.21045909325,666,nvss,Deaths,age-adjusted rate
1992,A,All,35,44,All Origins,3,29,neo_lung,total,19.5402148946,666,nvss,Deaths,age-adjusted rate
1992,A,All,45,54,All Origins,3,29,neo_lung,total,92.3233640249085,666,nvss,Deaths,age-adjusted rate
1992,A,All,55,64,All Origins,3,29,neo_lung,total,127.750675951495,666,nvss,Deaths,age-adjusted rate
1992,A,All,65,74,All Origins,3,29,neo_lung,total,193.931077147667,666,nvss,Deaths,age-adjusted rate
1992,A,All,75,84,All Origins,3,29,neo_lung,total,111.712703229605,666,nvss,Deaths,age-adjusted rate
1992,A,All,85,150,All Origins,3,29,neo_lung,total,35.6109353369999,666,nvss,Deaths,age-adjusted rate
1992,A,All,35,44,All Origins,3,29,resp_copd,total,6.51340496486667,666,nvss,Deaths,age-adjusted rate
1992,A,All,45,54,All Origins,3,29,resp_copd,total,7.10179723268527,666,nvss,Deaths,age-adjusted rate
1992,A,All,55,64,All Origins,3,29,resp_copd,total,52.0465716839426,666,nvss,Deaths,age-adjusted rate
1992,A,All,65,74,All Origins,3,29,resp_copd,total,116.3586462886,666,nvss,Deaths,age-adjusted rate
1992,A,All,75,84,All Origins,3,29,resp_copd,total,142.179804110407,666,nvss,Deaths,age-adjusted rate
1992,A,All,85,150,All Origins,3,29,resp_copd,total,65.2867147844999,666,nvss,Deaths,age-adjusted rate
1992,A,All,35,44,All Origins,3,29,t2_dm,total,19.5402148946,666,nvss,Deaths,age-adjusted rate
1992,A,All,45,54,All Origins,3,29,t2_dm,total,7.10179723268527,666,nvss,Deaths,age-adjusted rate
1992,A,All,55,64,All Origins,3,29,t2_dm,total,42.5835586504985,666,nvss,Deaths,age-adjusted rate
1992,A,All,65,74,All Origins,3,29,t2_dm,total,42.3122350140363,666,nvss,Deaths,age-adjusted rate
1992,A,All,75,84,All Origins,3,29,t2_dm,total,44.0080346056021,666,nvss,Deaths,age-adjusted rate
1992,A,All,85,150,All Origins,3,29,t2_dm,total,32.6433573922499,666,nvss,Deaths,age-adjusted rate
1992,A,All,25,34,All Origins,3,31,all-cause,overall,5210.87423717573,666,nvss,Deaths,age-adjusted rate
1992,A,All,35,44,All Origins,3,31,all-cause,overall,8428.42863235252,666,nvss,Deaths,age-adjusted rate
1992,A,All,45,54,All Origins,3,31,all-cause,overall,12717.4803793782,666,nvss,Deaths,age-adjusted rate
1992,A,All,55,64,All Origins,3,31,all-cause,overall,15271.4565149926,666,nvss,Deaths,age-adjusted rate
1992,A,All,65,74,All Origins,3,31,all-cause,overall,21984.3750774979,666,nvss,Deaths,age-adjusted rate
1992,A,All,75,84,All Origins,3,31,all-cause,overall,24927.3664582299,666,nvss,Deaths,age-adjusted rate
1992,A,All,85,150,All Origins,3,31,all-cause,overall,16521.7558581509,666,nvss,Deaths,age-adjusted rate
1992,A,All,25,34,All Origins,3,31,cvd_ihd,total,138.34179390732,666,nvss,Deaths,age-adjusted rate
1992,A,All,35,44,All Origins,3,31,cvd_ihd,total,366.453418797936,666,nvss,Deaths,age-adjusted rate
1992,A,All,45,54,All Origins,3,31,cvd_ihd,total,1178.45378032848,666,nvss,Deaths,age-adjusted rate
1992,A,All,55,64,All Origins,3,31,cvd_ihd,total,1844.1004093576,666,nvss,Deaths,age-adjusted rate
1992,A,All,65,74,All Origins,3,31,cvd_ihd,total,3205.1986094296,666,nvss,Deaths,age-adjusted rate
1992,A,All,75,84,All Origins,3,31,cvd_ihd,total,3698.21128624239,666,nvss,Deaths,age-adjusted rate
1992,A,All,85,150,All Origins,3,31,cvd_ihd,total,3107.11680079698,666,nvss,Deaths,age-adjusted rate
1992,A,All,35,44,All Origins,3,31,cvd_stroke,total,183.226709398968,666,nvss,Deaths,age-adjusted rate
1992,A,All,45,54,All Origins,3,31,cvd_stroke,total,294.61344508212,666,nvss,Deaths,age-adjusted rate
1992,A,All,55,64,All Origins,3,31,cvd_stroke,total,86.4422066886376,666,nvss,Deaths,age-adjusted rate
1992,A,All,65,74,All Origins,3,31,cvd_stroke,total,143.823014525687,666,nvss,Deaths,age-adjusted rate
1992,A,All,75,84,All Origins,3,31,cvd_stroke,total,320.037515155591,666,nvss,Deaths,age-adjusted rate
1992,A,All,85,150,All Origins,3,31,cvd_stroke,total,270.18406963452,666,nvss,Deaths,age-adjusted rate
1992,A,All,25,34,All Origins,3,31,ncd_lri,total,1936.78511470249,666,nvss,Deaths,age-adjusted rate
1992,A,All,35,44,All Origins,3,31,ncd_lri,total,5359.38124991981,666,nvss,Deaths,age-adjusted rate
1992,A,All,45,54,All Origins,3,31,ncd_lri,total,10851.5952271914,666,nvss,Deaths,age-adjusted rate
1992,A,All,55,64,All Origins,3,31,ncd_lri,total,14032.4515524555,666,nvss,Deaths,age-adjusted rate
1992,A,All,65,74,All Origins,3,31,ncd_lri,total,20648.8756569023,666,nvss,Deaths,age-adjusted rate
1992,A,All,75,84,All Origins,3,31,ncd_lri,total,22793.7830238593,666,nvss,Deaths,age-adjusted rate
1992,A,All,85,150,All Origins,3,31,ncd_lri,total,14454.8477254468,666,nvss,Deaths,age-adjusted rate
1992,A,All,35,44,All Origins,3,31,neo_lung,total,274.840064098452,666,nvss,Deaths,age-adjusted rate
1992,A,All,45,54,All Origins,3,31,neo_lung,total,1080.24929863444,666,nvss,Deaths,age-adjusted rate
1992,A,All,55,64,All Origins,3,31,neo_lung,total,2132.24109831973,666,nvss,Deaths,age-adjusted rate
1992,A,All,65,74,All Origins,3,31,neo_lung,total,2712.09113105582,666,nvss,Deaths,age-adjusted rate
1992,A,All,75,84,All Origins,3,31,neo_lung,total,1849.10564312119,666,nvss,Deaths,age-adjusted rate
1992,A,All,85,150,All Origins,3,31,neo_lung,total,283.693273116246,666,nvss,Deaths,age-adjusted rate
1992,A,All,25,34,All Origins,3,31,resp_copd,total,92.2278626048803,666,nvss,Deaths,age-adjusted rate
1992,A,All,35,44,All Origins,3,31,resp_copd,total,45.806677349742,666,nvss,Deaths,age-adjusted rate
1992,A,All,45,54,All Origins,3,31,resp_copd,total,343.71568592914,666,nvss,Deaths,age-adjusted rate
1992,A,All,55,64,All Origins,3,31,resp_copd,total,922.050204678801,666,nvss,Deaths,age-adjusted rate
1992,A,All,65,74,All Origins,3,31,resp_copd,total,1582.05315978256,666,nvss,Deaths,age-adjusted rate
1992,A,All,75,84,All Origins,3,31,resp_copd,total,1386.8292323409,666,nvss,Deaths,age-adjusted rate
1992,A,All,85,150,All Origins,3,31,resp_copd,total,553.877342750766,666,nvss,Deaths,age-adjusted rate
1992,A,All,35,44,All Origins,3,31,t2_dm,total,91.6133546994839,666,nvss,Deaths,age-adjusted rate
1992,A,All,45,54,All Origins,3,31,t2_dm,total,343.71568592914,666,nvss,Deaths,age-adjusted rate
1992,A,All,55,64,All Origins,3,31,t2_dm,total,345.768826754551,666,nvss,Deaths,age-adjusted rate
1992,A,All,65,74,All Origins,3,31,t2_dm,total,493.107478373785,666,nvss,Deaths,age-adjusted rate
1992,A,All,75,84,All Origins,3,31,t2_dm,total,551.17572054574,666,nvss,Deaths,age-adjusted rate
1992,A,All,85,150,All Origins,3,31,t2_dm,total,162.110441780712,666,nvss,Deaths,age-adjusted rate
1992,A,All,25,34,All Origins,3,37,all-cause,overall,3337.96740104687,666,nvss,Deaths,age-adjusted rate
1992,A,All,35,44,All Origins,3,37,all-cause,overall,6538.00221332465,666,nvss,Deaths,age-adjusted rate
1992,A,All,45,54,All Origins,3,37,all-cause,overall,8609.25959276443,666,nvss,Deaths,age-adjusted rate
1992,A,All,55,64,All Origins,3,37,all-cause,overall,12029.5415521734,666,nvss,Deaths,age-adjusted rate
1992,A,All,65,74,All Origins,3,37,all-cause,overall,18460.48958372,666,nvss,Deaths,age-adjusted rate
1992,A,All,75,84,All Origins,3,37,all-cause,overall,24603.7764028962,666,nvss,Deaths,age-adjusted rate
1992,A,All,85,150,All Origins,3,37,all-cause,overall,18600.0692024498,666,nvss,Deaths,age-adjusted rate
1992,A,All,25,34,All Origins,3,37,cvd_ihd,total,40.5831902862841,666,nvss,Deaths,age-adjusted rate
1992,A,All,35,44,All Origins,3,37,cvd_ihd,total,202.821236544743,666,nvss,Deaths,age-adjusted rate
1992,A,All,45,54,All Origins,3,37,cvd_ihd,total,867.431697003973,666,nvss,Deaths,age-adjusted rate
1992,A,All,55,64,All Origins,3,37,cvd_ihd,total,1321.03554468653,666,nvss,Deaths,age-adjusted rate
1992,A,All,65,74,All Origins,3,37,cvd_ihd,total,2290.67071864912,666,nvss,Deaths,age-adjusted rate
1992,A,All,75,84,All Origins,3,37,cvd_ihd,total,2872.67322792436,666,nvss,Deaths,age-adjusted rate
1992,A,All,85,150,All Origins,3,37,cvd_ihd,total,2620.57655160021,666,nvss,Deaths,age-adjusted rate
1992,A,All,25,34,All Origins,3,37,cvd_stroke,total,50.7289878578552,666,nvss,Deaths,age-adjusted rate
1992,A,All,35,44,All Origins,3,37,cvd_stroke,total,95.4452877857613,666,nvss,Deaths,age-adjusted rate
1992,A,All,45,54,All Origins,3,37,cvd_stroke,total,227.700820463543,666,nvss,Deaths,age-adjusted rate
1992,A,All,55,64,All Origins,3,37,cvd_stroke,total,177.12208420378,666,nvss,Deaths,age-adjusted rate
1992,A,All,65,74,All Origins,3,37,cvd_stroke,total,199.468517635176,666,nvss,Deaths,age-adjusted rate
1992,A,All,75,84,All Origins,3,37,cvd_stroke,total,401.876565564548,666,nvss,Deaths,age-adjusted rate
1992,A,All,85,150,All Origins,3,37,cvd_stroke,total,338.86765753451,666,nvss,Deaths,age-adjusted rate
1992,A,All,65,74,All Origins,3,37,lri,total,6.43446831081213,666,nvss,Deaths,age-adjusted rate
1992,A,All,75,84,All Origins,3,37,lri,total,14.8843172431314,666,nvss,Deaths,age-adjusted rate
1992,A,All,85,150,All Origins,3,37,lri,total,7.53039238965579,666,nvss,Deaths,age-adjusted rate
1992,A,All,25,34,All Origins,3,37,ncd_lri,total,1532.01543330723,666,nvss,Deaths,age-adjusted rate
1992,A,All,35,44,All Origins,3,37,ncd_lri,total,4676.8191015023,666,nvss,Deaths,age-adjusted rate
1992,A,All,45,54,All Origins,3,37,ncd_lri,total,7351.48363210867,666,nvss,Deaths,age-adjusted rate
1992,A,All,55,64,All Origins,3,37,ncd_lri,total,10996.329394318,666,nvss,Deaths,age-adjusted rate
1992,A,All,65,74,All Origins,3,37,ncd_lri,total,17308.7197560846,666,nvss,Deaths,age-adjusted rate
1992,A,All,75,84,All Origins,3,37,ncd_lri,total,22356.2444991833,666,nvss,Deaths,age-adjusted rate
1992,A,All,85,150,All Origins,3,37,ncd_lri,total,16303.2995236048,666,nvss,Deaths,age-adjusted rate
1992,A,All,25,34,All Origins,3,37,neo_lung,total,30.4373927147131,666,nvss,Deaths,age-adjusted rate
1992,A,All,35,44,All Origins,3,37,neo_lung,total,190.890575571523,666,nvss,Deaths,age-adjusted rate
1992,A,All,45,54,All Origins,3,37,neo_lung,total,791.531423516125,666,nvss,Deaths,age-adjusted rate
1992,A,All,55,64,All Origins,3,37,neo_lung,total,1638.37927888497,666,nvss,Deaths,age-adjusted rate
1992,A,All,65,74,All Origins,3,37,neo_lung,total,2316.40859189237,666,nvss,Deaths,age-adjusted rate
1992,A,All,75,84,All Origins,3,37,neo_lung,total,1391.68366223279,666,nvss,Deaths,age-adjusted rate
1992,A,All,85,150,All Origins,3,37,neo_lung,total,331.337265144855,666,nvss,Deaths,age-adjusted rate
1992,A,All,25,34,All Origins,3,37,resp_copd,total,10.145797571571,666,nvss,Deaths,age-adjusted rate
1992,A,All,35,44,All Origins,3,37,resp_copd,total,23.8613219464403,666,nvss,Deaths,age-adjusted rate
1992,A,All,45,54,All Origins,3,37,resp_copd,total,151.800546975695,666,nvss,Deaths,age-adjusted rate
1992,A,All,55,64,All Origins,3,37,resp_copd,total,642.067555238704,666,nvss,Deaths,age-adjusted rate
1992,A,All,65,74,All Origins,3,37,resp_copd,total,1132.46642270294,666,nvss,Deaths,age-adjusted rate
1992,A,All,75,84,All Origins,3,37,resp_copd,total,1480.98956569157,666,nvss,Deaths,age-adjusted rate
1992,A,All,85,150,All Origins,3,37,resp_copd,total,466.884328158659,666,nvss,Deaths,age-adjusted rate
1992,A,All,25,34,All Origins,3,37,t2_dm,total,10.145797571571,666,nvss,Deaths,age-adjusted rate
1992,A,All,35,44,All Origins,3,37,t2_dm,total,214.751897517963,666,nvss,Deaths,age-adjusted rate
1992,A,All,45,54,All Origins,3,37,t2_dm,total,314.44399016394,666,nvss,Deaths,age-adjusted rate
1992,A,All,55,64,All Origins,3,37,t2_dm,total,398.524689458506,666,nvss,Deaths,age-adjusted rate
1992,A,All,65,74,All Origins,3,37,t2_dm,total,527.626401486595,666,nvss,Deaths,age-adjusted rate
1992,A,All,75,84,All Origins,3,37,t2_dm,total,580.488372482124,666,nvss,Deaths,age-adjusted rate
1992,A,All,85,150,All Origins,3,37,t2_dm,total,256.033341248297,666,nvss,Deaths,age-adjusted rate
1992,A,All,25,34,All Origins,3,39,all-cause,overall,697.570771003618,666,nvss,Deaths,age-adjusted rate
1992,A,All,35,44,All Origins,3,39,all-cause,overall,1563.89899461867,666,nvss,Deaths,age-adjusted rate
1992,A,All,45,54,All Origins,3,39,all-cause,overall,2737.37606329519,666,nvss,Deaths,age-adjusted rate
1992,A,All,55,64,All Origins,3,39,all-cause,overall,5344.42375997809,666,nvss,Deaths,age-adjusted rate
1992,A,All,65,74,All Origins,3,39,all-cause,overall,10366.0762525413,666,nvss,Deaths,age-adjusted rate
1992,A,All,75,84,All Origins,3,39,all-cause,overall,14191.2872071879,666,nvss,Deaths,age-adjusted rate
1992,A,All,85,150,All Origins,3,39,all-cause,overall,10800.6060409353,666,nvss,Deaths,age-adjusted rate
1992,A,All,25,34,All Origins,3,39,cvd_ihd,total,1.64134299059675,666,nvss,Deaths,age-adjusted rate
1992,A,All,35,44,All Origins,3,39,cvd_ihd,total,50.0083980837365,666,nvss,Deaths,age-adjusted rate
1992,A,All,45,54,All Origins,3,39,cvd_ihd,total,188.243626129182,666,nvss,Deaths,age-adjusted rate
1992,A,All,55,64,All Origins,3,39,cvd_ihd,total,420.249048232118,666,nvss,Deaths,age-adjusted rate
1992,A,All,65,74,All Origins,3,39,cvd_ihd,total,1081.81792666708,666,nvss,Deaths,age-adjusted rate
1992,A,All,75,84,All Origins,3,39,cvd_ihd,total,1905.17032362678,666,nvss,Deaths,age-adjusted rate
1992,A,All,85,150,All Origins,3,39,cvd_ihd,total,1892.81523928096,666,nvss,Deaths,age-adjusted rate
1992,A,All,25,34,All Origins,3,39,cvd_stroke,total,8.20671495298374,666,nvss,Deaths,age-adjusted rate
1992,A,All,35,44,All Origins,3,39,cvd_stroke,total,40.9159620685117,666,nvss,Deaths,age-adjusted rate
1992,A,All,45,54,All Origins,3,39,cvd_stroke,total,73.2058546057932,666,nvss,Deaths,age-adjusted rate
1992,A,All,55,64,All Origins,3,39,cvd_stroke,total,57.2066767226967,666,nvss,Deaths,age-adjusted rate
1992,A,All,65,74,All Origins,3,39,cvd_stroke,total,127.15397272393,666,nvss,Deaths,age-adjusted rate
1992,A,All,75,84,All Origins,3,39,cvd_stroke,total,246.662002442431,666,nvss,Deaths,age-adjusted rate
1992,A,All,85,150,All Origins,3,39,cvd_stroke,total,187.836626798874,666,nvss,Deaths,age-adjusted rate
1992,A,All,25,34,All Origins,3,39,lri,total,1.64134299059675,666,nvss,Deaths,age-adjusted rate
1992,A,All,35,44,All Origins,3,39,lri,total,2.2731090038062,666,nvss,Deaths,age-adjusted rate
1992,A,All,65,74,All Origins,3,39,lri,total,4.03663405472793,666,nvss,Deaths,age-adjusted rate
1992,A,All,25,34,All Origins,3,39,ncd_lri,total,300.365767279205,666,nvss,Deaths,age-adjusted rate
1992,A,All,35,44,All Origins,3,39,ncd_lri,total,1038.81081473944,666,nvss,Deaths,age-adjusted rate
1992,A,All,45,54,All Origins,3,39,ncd_lri,total,2324.28588373393,666,nvss,Deaths,age-adjusted rate
1992,A,All,55,64,All Origins,3,39,ncd_lri,total,4943.97702291921,666,nvss,Deaths,age-adjusted rate
1992,A,All,65,74,All Origins,3,39,ncd_lri,total,9823.14897218041,666,nvss,Deaths,age-adjusted rate
1992,A,All,75,84,All Origins,3,39,ncd_lri,total,13160.0051207857,666,nvss,Deaths,age-adjusted rate
1992,A,All,85,150,All Origins,3,39,ncd_lri,total,9724.15767966479,666,nvss,Deaths,age-adjusted rate
1992,A,All,25,34,All Origins,3,39,neo_lung,total,8.20671495298374,666,nvss,Deaths,age-adjusted rate
1992,A,All,35,44,All Origins,3,39,neo_lung,total,65.9201611103799,666,nvss,Deaths,age-adjusted rate
1992,A,All,45,54,All Origins,3,39,neo_lung,total,222.232058624729,666,nvss,Deaths,age-adjusted rate
1992,A,All,55,64,All Origins,3,39,neo_lung,total,737.086027003977,666,nvss,Deaths,age-adjusted rate
1992,A,All,65,74,All Origins,3,39,neo_lung,total,1259.42982507511,666,nvss,Deaths,age-adjusted rate
1992,A,All,75,84,All Origins,3,39,neo_lung,total,899.729018432867,666,nvss,Deaths,age-adjusted rate
1992,A,All,85,150,All Origins,3,39,neo_lung,total,207.101921855169,666,nvss,Deaths,age-adjusted rate
1992,A,All,35,44,All Origins,3,39,resp_copd,total,18.1848720304496,666,nvss,Deaths,age-adjusted rate
1992,A,All,45,54,All Origins,3,39,resp_copd,total,78.4348442204927,666,nvss,Deaths,age-adjusted rate
1992,A,All,55,64,All Origins,3,39,resp_copd,total,215.625166108626,666,nvss,Deaths,age-adjusted rate
1992,A,All,65,74,All Origins,3,39,resp_copd,total,639.806497674377,666,nvss,Deaths,age-adjusted rate
1992,A,All,75,84,All Origins,3,39,resp_copd,total,859.793265656474,666,nvss,Deaths,age-adjusted rate
1992,A,All,85,150,All Origins,3,39,resp_copd,total,339.550825367196,666,nvss,Deaths,age-adjusted rate
1992,A,All,25,34,All Origins,3,39,t2_dm,total,9.84805794358049,666,nvss,Deaths,age-adjusted rate
1992,A,All,35,44,All Origins,3,39,t2_dm,total,20.4579810342558,666,nvss,Deaths,age-adjusted rate
1992,A,All,45,54,All Origins,3,39,t2_dm,total,86.2783286425419,666,nvss,Deaths,age-adjusted rate
1992,A,All,55,64,All Origins,3,39,t2_dm,total,215.625166108626,666,nvss,Deaths,age-adjusted rate
1992,A,All,65,74,All Origins,3,39,t2_dm,total,377.425284117061,666,nvss,Deaths,age-adjusted rate
1992,A,All,75,84,All Origins,3,39,t2_dm,total,446.340766324399,666,nvss,Deaths,age-adjusted rate
1992,A,All,85,150,All Origins,3,39,t2_dm,total,255.265159495906,666,nvss,Deaths,age-adjusted rate
1992,A,All,25,34,All Origins,3,40,all-cause,overall,2079.58436927308,666,nvss,Deaths,age-adjusted rate
1992,A,All,35,44,All Origins,3,40,all-cause,overall,3229.20745895468,666,nvss,Deaths,age-adjusted rate
1992,A,All,45,54,All Origins,3,40,all-cause,overall,4972.9321818269,666,nvss,Deaths,age-adjusted rate
1992,A,All,55,64,All Origins,3,40,all-cause,overall,7209.13162055093,666,nvss,Deaths,age-adjusted rate
1992,A,All,65,74,All Origins,3,40,all-cause,overall,12278.1670190949,666,nvss,Deaths,age-adjusted rate
1992,A,All,75,84,All Origins,3,40,all-cause,overall,13361.1684763109,666,nvss,Deaths,age-adjusted rate
1992,A,All,85,150,All Origins,3,40,all-cause,overall,14778.1986014611,666,nvss,Deaths,age-adjusted rate
1992,A,All,25,34,All Origins,3,40,cvd_ihd,total,87.3774945072721,666,nvss,Deaths,age-adjusted rate
1992,A,All,35,44,All Origins,3,40,cvd_ihd,total,365.207986429398,666,nvss,Deaths,age-adjusted rate
1992,A,All,45,54,All Origins,3,40,cvd_ihd,total,721.562708735668,666,nvss,Deaths,age-adjusted rate
1992,A,All,55,64,All Origins,3,40,cvd_ihd,total,981.124421731783,666,nvss,Deaths,age-adjusted rate
1992,A,All,65,74,All Origins,3,40,cvd_ihd,total,1754.0238598707,666,nvss,Deaths,age-adjusted rate
1992,A,All,75,84,All Origins,3,40,cvd_ihd,total,2037.12882598461,666,nvss,Deaths,age-adjusted rate
1992,A,All,85,150,All Origins,3,40,cvd_ihd,total,2766.05609995802,666,nvss,Deaths,age-adjusted rate
1992,A,All,25,34,All Origins,3,40,cvd_stroke,total,34.9509978029088,666,nvss,Deaths,age-adjusted rate
1992,A,All,35,44,All Origins,3,40,cvd_stroke,total,38.4429459399367,666,nvss,Deaths,age-adjusted rate
1992,A,All,45,54,All Origins,3,40,cvd_stroke,total,58.5050844920812,666,nvss,Deaths,age-adjusted rate
1992,A,All,55,64,All Origins,3,40,cvd_stroke,total,99.5343616249635,666,nvss,Deaths,age-adjusted rate
1992,A,All,65,74,All Origins,3,40,cvd_stroke,total,74.1136842198888,666,nvss,Deaths,age-adjusted rate
1992,A,All,75,84,All Origins,3,40,cvd_stroke,total,155.780439634118,666,nvss,Deaths,age-adjusted rate
1992,A,All,85,150,All Origins,3,40,cvd_stroke,total,124.317128088001,666,nvss,Deaths,age-adjusted rate
1992,A,All,75,84,All Origins,3,40,lri,total,11.983110741086,666,nvss,Deaths,age-adjusted rate
1992,A,All,85,150,All Origins,3,40,lri,total,31.0792820220002,666,nvss,Deaths,age-adjusted rate
1992,A,All,25,34,All Origins,3,40,ncd_lri,total,996.103437382902,666,nvss,Deaths,age-adjusted rate
1992,A,All,35,44,All Origins,3,40,ncd_lri,total,2172.02644560642,666,nvss,Deaths,age-adjusted rate
1992,A,All,45,54,All Origins,3,40,ncd_lri,total,4387.88133690609,666,nvss,Deaths,age-adjusted rate
1992,A,All,55,64,All Origins,3,40,ncd_lri,total,6711.45981242611,666,nvss,Deaths,age-adjusted rate
1992,A,All,65,74,All Origins,3,40,ncd_lri,total,11388.8028084562,666,nvss,Deaths,age-adjusted rate
1992,A,All,75,84,All Origins,3,40,ncd_lri,total,12426.4858385061,666,nvss,Deaths,age-adjusted rate
1992,A,All,85,150,All Origins,3,40,ncd_lri,total,12851.2831160971,666,nvss,Deaths,age-adjusted rate
1992,A,All,35,44,All Origins,3,40,neo_lung,total,57.664418909905,666,nvss,Deaths,age-adjusted rate
1992,A,All,45,54,All Origins,3,40,neo_lung,total,643.555929412893,666,nvss,Deaths,age-adjusted rate
1992,A,All,55,64,All Origins,3,40,neo_lung,total,995.343616249635,666,nvss,Deaths,age-adjusted rate
1992,A,All,65,74,All Origins,3,40,neo_lung,total,1531.68280721104,666,nvss,Deaths,age-adjusted rate
1992,A,All,75,84,All Origins,3,40,neo_lung,total,766.919087429502,666,nvss,Deaths,age-adjusted rate
1992,A,All,85,150,All Origins,3,40,neo_lung,total,233.094615165001,666,nvss,Deaths,age-adjusted rate
1992,A,All,25,34,All Origins,3,40,resp_copd,total,17.4754989014544,666,nvss,Deaths,age-adjusted rate
1992,A,All,35,44,All Origins,3,40,resp_copd,total,57.664418909905,666,nvss,Deaths,age-adjusted rate
1992,A,All,45,54,All Origins,3,40,resp_copd,total,175.515253476244,666,nvss,Deaths,age-adjusted rate
1992,A,All,55,64,All Origins,3,40,resp_copd,total,312.822279392742,666,nvss,Deaths,age-adjusted rate
1992,A,All,65,74,All Origins,3,40,resp_copd,total,802.898245715462,666,nvss,Deaths,age-adjusted rate
1992,A,All,75,84,All Origins,3,40,resp_copd,total,1090.46307743882,666,nvss,Deaths,age-adjusted rate
1992,A,All,85,150,All Origins,3,40,resp_copd,total,435.109948308002,666,nvss,Deaths,age-adjusted rate
1992,A,All,25,34,All Origins,3,40,t2_dm,total,69.9019956058177,666,nvss,Deaths,age-adjusted rate
1992,A,All,35,44,All Origins,3,40,t2_dm,total,57.664418909905,666,nvss,Deaths,age-adjusted rate
1992,A,All,45,54,All Origins,3,40,t2_dm,total,175.515253476244,666,nvss,Deaths,age-adjusted rate
1992,A,All,55,64,All Origins,3,40,t2_dm,total,284.383890357039,666,nvss,Deaths,age-adjusted rate
1992,A,All,65,74,All Origins,3,40,t2_dm,total,321.159298286185,666,nvss,Deaths,age-adjusted rate
1992,A,All,75,84,All Origins,3,40,t2_dm,total,227.679104080633,666,nvss,Deaths,age-adjusted rate
1992,A,All,85,150,All Origins,3,40,t2_dm,total,233.094615165001,666,nvss,Deaths,age-adjusted rate
1992,A,All,25,34,All Origins,3,42,all-cause,overall,423.00094211659,666,nvss,Deaths,age-adjusted rate
1992,A,All,35,44,All Origins,3,42,all-cause,overall,894.100851058723,666,nvss,Deaths,age-adjusted rate
1992,A,All,45,54,All Origins,3,42,all-cause,overall,1467.40652818867,666,nvss,Deaths,age-adjusted rate
1992,A,All,55,64,All Origins,3,42,all-cause,overall,2395.64560422447,666,nvss,Deaths,age-adjusted rate
1992,A,All,65,74,All Origins,3,42,all-cause,overall,4523.51186056171,666,nvss,Deaths,age-adjusted rate
1992,A,All,75,84,All Origins,3,42,all-cause,overall,6962.85782623207,666,nvss,Deaths,age-adjusted rate
1992,A,All,85,150,All Origins,3,42,all-cause,overall,6467.83993363121,666,nvss,Deaths,age-adjusted rate
1992,A,All,25,34,All Origins,3,42,cvd_ihd,total,6.59466947620519,666,nvss,Deaths,age-adjusted rate
1992,A,All,35,44,All Origins,3,42,cvd_ihd,total,33.9828632774613,666,nvss,Deaths,age-adjusted rate
1992,A,All,45,54,All Origins,3,42,cvd_ihd,total,91.6365442249377,666,nvss,Deaths,age-adjusted rate
1992,A,All,55,64,All Origins,3,42,cvd_ihd,total,199.134269368785,666,nvss,Deaths,age-adjusted rate
1992,A,All,65,74,All Origins,3,42,cvd_ihd,total,446.952221907744,666,nvss,Deaths,age-adjusted rate
1992,A,All,75,84,All Origins,3,42,cvd_ihd,total,793.566808274351,666,nvss,Deaths,age-adjusted rate
1992,A,All,85,150,All Origins,3,42,cvd_ihd,total,990.727280001663,666,nvss,Deaths,age-adjusted rate
1992,A,All,25,34,All Origins,3,42,cvd_stroke,total,5.65257383674731,666,nvss,Deaths,age-adjusted rate
1992,A,All,35,44,All Origins,3,42,cvd_stroke,total,17.5773430745489,666,nvss,Deaths,age-adjusted rate
1992,A,All,45,54,All Origins,3,42,cvd_stroke,total,10.9963853069925,666,nvss,Deaths,age-adjusted rate
1992,A,All,55,64,All Origins,3,42,cvd_stroke,total,25.8615934245175,666,nvss,Deaths,age-adjusted rate
1992,A,All,65,74,All Origins,3,42,cvd_stroke,total,48.5223360175074,666,nvss,Deaths,age-adjusted rate
1992,A,All,75,84,All Origins,3,42,cvd_stroke,total,89.2269147611957,666,nvss,Deaths,age-adjusted rate
1992,A,All,85,150,All Origins,3,42,cvd_stroke,total,95.9706464972256,666,nvss,Deaths,age-adjusted rate
1992,A,All,45,54,All Origins,3,42,lri,total,1.22182058966584,666,nvss,Deaths,age-adjusted rate
1992,A,All,55,64,All Origins,3,42,lri,total,0.862053114150583,666,nvss,Deaths,age-adjusted rate
1992,A,All,65,74,All Origins,3,42,lri,total,3.41706591672587,666,nvss,Deaths,age-adjusted rate
1992,A,All,75,84,All Origins,3,42,lri,total,5.52733100290593,666,nvss,Deaths,age-adjusted rate
1992,A,All,85,150,All Origins,3,42,lri,total,2.90820140900684,666,nvss,Deaths,age-adjusted rate
1992,A,All,25,34,All Origins,3,42,ncd_lri,total,198.782179925614,666,nvss,Deaths,age-adjusted rate
1992,A,All,35,44,All Origins,3,42,ncd_lri,total,651.533516629947,666,nvss,Deaths,age-adjusted rate
1992,A,All,45,54,All Origins,3,42,ncd_lri,total,1290.24254268712,666,nvss,Deaths,age-adjusted rate
1992,A,All,55,64,All Origins,3,42,ncd_lri,total,2252.54478727547,666,nvss,Deaths,age-adjusted rate
1992,A,All,65,74,All Origins,3,42,ncd_lri,total,4279.53335410748,666,nvss,Deaths,age-adjusted rate
1992,A,All,75,84,All Origins,3,42,ncd_lri,total,6457.50184882353,666,nvss,Deaths,age-adjusted rate
1992,A,All,85,150,All Origins,3,42,ncd_lri,total,5802.83121143831,666,nvss,Deaths,age-adjusted rate
1992,A,All,25,34,All Origins,3,42,neo_lung,total,0.942095639457884,666,nvss,Deaths,age-adjusted rate
1992,A,All,35,44,All Origins,3,42,neo_lung,total,35.1546861490979,666,nvss,Deaths,age-adjusted rate
1992,A,All,45,54,All Origins,3,42,neo_lung,total,158.836676656559,666,nvss,Deaths,age-adjusted rate
1992,A,All,55,64,All Origins,3,42,neo_lung,total,281.891368327241,666,nvss,Deaths,age-adjusted rate
1992,A,All,65,74,All Origins,3,42,neo_lung,total,448.319048274435,666,nvss,Deaths,age-adjusted rate
1992,A,All,75,84,All Origins,3,42,neo_lung,total,393.230119921022,666,nvss,Deaths,age-adjusted rate
1992,A,All,85,150,All Origins,3,42,neo_lung,total,94.0318455578877,666,nvss,Deaths,age-adjusted rate
1992,A,All,25,34,All Origins,3,42,resp_copd,total,4.71047819728942,666,nvss,Deaths,age-adjusted rate
1992,A,All,35,44,All Origins,3,42,resp_copd,total,4.68729148654638,666,nvss,Deaths,age-adjusted rate
1992,A,All,45,54,All Origins,3,42,resp_copd,total,28.1018735623142,666,nvss,Deaths,age-adjusted rate
1992,A,All,55,64,All Origins,3,42,resp_copd,total,85.3432583009078,666,nvss,Deaths,age-adjusted rate
1992,A,All,65,74,All Origins,3,42,resp_copd,total,239.194614170811,666,nvss,Deaths,age-adjusted rate
1992,A,All,75,84,All Origins,3,42,resp_copd,total,356.118040330082,666,nvss,Deaths,age-adjusted rate
1992,A,All,85,150,All Origins,3,42,resp_copd,total,193.880093933789,666,nvss,Deaths,age-adjusted rate
1992,A,All,25,34,All Origins,3,42,t2_dm,total,6.59466947620519,666,nvss,Deaths,age-adjusted rate
1992,A,All,35,44,All Origins,3,42,t2_dm,total,24.6082803043685,666,nvss,Deaths,age-adjusted rate
1992,A,All,45,54,All Origins,3,42,t2_dm,total,40.3200794589726,666,nvss,Deaths,age-adjusted rate
1992,A,All,55,64,All Origins,3,42,t2_dm,total,83.6191520726066,666,nvss,Deaths,age-adjusted rate
1992,A,All,65,74,All Origins,3,42,t2_dm,total,161.968924452806,666,nvss,Deaths,age-adjusted rate
1992,A,All,75,84,All Origins,3,42,t2_dm,total,213.986671683929,666,nvss,Deaths,age-adjusted rate
1992,A,All,85,150,All Origins,3,42,t2_dm,total,133.777264814315,666,nvss,Deaths,age-adjusted rate
1992,A,All,25,34,All Origins,3,45,all-cause,overall,1247.27196987372,666,nvss,Deaths,age-adjusted rate
1992,A,All,35,44,All Origins,3,45,all-cause,overall,2195.52084183328,666,nvss,Deaths,age-adjusted rate
1992,A,All,45,54,All Origins,3,45,all-cause,overall,3620.2547009996,666,nvss,Deaths,age-adjusted rate
1992,A,All,55,64,All Origins,3,45,all-cause,overall,5119.49374513263,666,nvss,Deaths,age-adjusted rate
1992,A,All,65,74,All Origins,3,45,all-cause,overall,7935.96618370313,666,nvss,Deaths,age-adjusted rate
1992,A,All,75,84,All Origins,3,45,all-cause,overall,9920.2911075609,666,nvss,Deaths,age-adjusted rate
1992,A,All,85,150,All Origins,3,45,all-cause,overall,6899.72758191045,666,nvss,Deaths,age-adjusted rate
1992,A,All,25,34,All Origins,3,45,cvd_ihd,total,8.01245376792538,666,nvss,Deaths,age-adjusted rate
1992,A,All,35,44,All Origins,3,45,cvd_ihd,total,57.3575836763411,666,nvss,Deaths,age-adjusted rate
1992,A,All,45,54,All Origins,3,45,cvd_ihd,total,173.06583448681,666,nvss,Deaths,age-adjusted rate
1992,A,All,55,64,All Origins,3,45,cvd_ihd,total,324.7440062211,666,nvss,Deaths,age-adjusted rate
1992,A,All,65,74,All Origins,3,45,cvd_ihd,total,665.025099193,666,nvss,Deaths,age-adjusted rate
1992,A,All,75,84,All Origins,3,45,cvd_ihd,total,991.503114408924,666,nvss,Deaths,age-adjusted rate
1992,A,All,85,150,All Origins,3,45,cvd_ihd,total,938.554860120805,666,nvss,Deaths,age-adjusted rate
1992,A,All,25,34,All Origins,3,45,cvd_stroke,total,5.34163584528359,666,nvss,Deaths,age-adjusted rate
1992,A,All,35,44,All Origins,3,45,cvd_stroke,total,50.9845188234143,666,nvss,Deaths,age-adjusted rate
1992,A,All,45,54,All Origins,3,45,cvd_stroke,total,35.3195580585326,666,nvss,Deaths,age-adjusted rate
1992,A,All,55,64,All Origins,3,45,cvd_stroke,total,68.2235307187185,666,nvss,Deaths,age-adjusted rate
1992,A,All,65,74,All Origins,3,45,cvd_stroke,total,95.6702774277649,666,nvss,Deaths,age-adjusted rate
1992,A,All,75,84,All Origins,3,45,cvd_stroke,total,155.168922414129,666,nvss,Deaths,age-adjusted rate
1992,A,All,85,150,All Origins,3,45,cvd_stroke,total,95.9544904915839,666,nvss,Deaths,age-adjusted rate
1992,A,All,45,54,All Origins,3,45,lri,total,3.53195580585326,666,nvss,Deaths,age-adjusted rate
1992,A,All,55,64,All Origins,3,45,lri,total,2.72894122874874,666,nvss,Deaths,age-adjusted rate
1992,A,All,65,74,All Origins,3,45,lri,total,2.33342140067719,666,nvss,Deaths,age-adjusted rate
1992,A,All,75,84,All Origins,3,45,lri,total,5.25996347166538,666,nvss,Deaths,age-adjusted rate
1992,A,All,25,34,All Origins,3,45,ncd_lri,total,558.200945832135,666,nvss,Deaths,age-adjusted rate
1992,A,All,35,44,All Origins,3,45,ncd_lri,total,1449.87225404085,666,nvss,Deaths,age-adjusted rate
1992,A,All,45,54,All Origins,3,45,ncd_lri,total,3072.80155109234,666,nvss,Deaths,age-adjusted rate
1992,A,All,55,64,All Origins,3,45,ncd_lri,total,4680.13420730409,666,nvss,Deaths,age-adjusted rate
1992,A,All,65,74,All Origins,3,45,ncd_lri,total,7438.94742535889,666,nvss,Deaths,age-adjusted rate
1992,A,All,75,84,All Origins,3,45,ncd_lri,total,9170.74631284858,666,nvss,Deaths,age-adjusted rate
1992,A,All,85,150,All Origins,3,45,ncd_lri,total,6108.10303535489,666,nvss,Deaths,age-adjusted rate
1992,A,All,25,34,All Origins,3,45,neo_lung,total,2.67081792264179,666,nvss,Deaths,age-adjusted rate
1992,A,All,35,44,All Origins,3,45,neo_lung,total,76.4767782351215,666,nvss,Deaths,age-adjusted rate
1992,A,All,45,54,All Origins,3,45,neo_lung,total,335.53580155606,666,nvss,Deaths,age-adjusted rate
1992,A,All,55,64,All Origins,3,45,neo_lung,total,780.477191422139,666,nvss,Deaths,age-adjusted rate
1992,A,All,65,74,All Origins,3,45,neo_lung,total,861.032496849884,666,nvss,Deaths,age-adjusted rate
1992,A,All,75,84,All Origins,3,45,neo_lung,total,549.666182789032,666,nvss,Deaths,age-adjusted rate
1992,A,All,85,150,All Origins,3,45,neo_lung,total,98.9530683194459,666,nvss,Deaths,age-adjusted rate
1992,A,All,25,34,All Origins,3,45,resp_copd,total,2.67081792264179,666,nvss,Deaths,age-adjusted rate
1992,A,All,35,44,All Origins,3,45,resp_copd,total,9.55959727939019,666,nvss,Deaths,age-adjusted rate
1992,A,All,45,54,All Origins,3,45,resp_copd,total,67.107160311212,666,nvss,Deaths,age-adjusted rate
1992,A,All,55,64,All Origins,3,45,resp_copd,total,245.604710587387,666,nvss,Deaths,age-adjusted rate
1992,A,All,65,74,All Origins,3,45,resp_copd,total,515.68612954966,666,nvss,Deaths,age-adjusted rate
1992,A,All,75,84,All Origins,3,45,resp_copd,total,476.026694185717,666,nvss,Deaths,age-adjusted rate
1992,A,All,85,150,All Origins,3,45,resp_copd,total,239.88622622896,666,nvss,Deaths,age-adjusted rate
1992,A,All,25,34,All Origins,3,45,t2_dm,total,10.6832716905672,666,nvss,Deaths,age-adjusted rate
1992,A,All,35,44,All Origins,3,45,t2_dm,total,41.4249215440241,666,nvss,Deaths,age-adjusted rate
1992,A,All,45,54,All Origins,3,45,t2_dm,total,81.2349835346251,666,nvss,Deaths,age-adjusted rate
1992,A,All,55,64,All Origins,3,45,t2_dm,total,150.091767581181,666,nvss,Deaths,age-adjusted rate
1992,A,All,65,74,All Origins,3,45,t2_dm,total,217.008190262979,666,nvss,Deaths,age-adjusted rate
1992,A,All,75,84,All Origins,3,45,t2_dm,total,284.03802746993,666,nvss,Deaths,age-adjusted rate
1992,A,All,85,150,All Origins,3,45,t2_dm,total,122.941690942342,666,nvss,Deaths,age-adjusted rate
1992,A,All,25,34,All Origins,3,48,all-cause,overall,2606.08816158569,666,nvss,Deaths,age-adjusted rate
1992,A,All,35,44,All Origins,3,48,all-cause,overall,3924.14075170103,666,nvss,Deaths,age-adjusted rate
1992,A,All,45,54,All Origins,3,48,all-cause,overall,5371.22381453488,666,nvss,Deaths,age-adjusted rate
1992,A,All,55,64,All Origins,3,48,all-cause,overall,7364.98188391422,666,nvss,Deaths,age-adjusted rate
1992,A,All,65,74,All Origins,3,48,all-cause,overall,10096.4849052378,666,nvss,Deaths,age-adjusted rate
1992,A,All,75,84,All Origins,3,48,all-cause,overall,11266.8307864889,666,nvss,Deaths,age-adjusted rate
1992,A,All,85,150,All Origins,3,48,all-cause,overall,9511.84249920487,666,nvss,Deaths,age-adjusted rate
1992,A,All,25,34,All Origins,3,48,cvd_ihd,total,14.5863143372333,666,nvss,Deaths,age-adjusted rate
1992,A,All,35,44,All Origins,3,48,cvd_ihd,total,62.3779599258834,666,nvss,Deaths,age-adjusted rate
1992,A,All,45,54,All Origins,3,48,cvd_ihd,total,263.349073644202,666,nvss,Deaths,age-adjusted rate
1992,A,All,55,64,All Origins,3,48,cvd_ihd,total,473.014390938796,666,nvss,Deaths,age-adjusted rate
1992,A,All,65,74,All Origins,3,48,cvd_ihd,total,968.156086803621,666,nvss,Deaths,age-adjusted rate
1992,A,All,75,84,All Origins,3,48,cvd_ihd,total,1279.32714208019,666,nvss,Deaths,age-adjusted rate
1992,A,All,85,150,All Origins,3,48,cvd_ihd,total,1317.46117003912,666,nvss,Deaths,age-adjusted rate
1992,A,All,25,34,All Origins,3,48,cvd_stroke,total,29.1726286744667,666,nvss,Deaths,age-adjusted rate
1992,A,All,35,44,All Origins,3,48,cvd_stroke,total,113.414472592515,666,nvss,Deaths,age-adjusted rate
1992,A,All,45,54,All Origins,3,48,cvd_stroke,total,65.8372684110506,666,nvss,Deaths,age-adjusted rate
1992,A,All,55,64,All Origins,3,48,cvd_stroke,total,77.6039235133962,666,nvss,Deaths,age-adjusted rate
1992,A,All,65,74,All Origins,3,48,cvd_stroke,total,119.324559718093,666,nvss,Deaths,age-adjusted rate
1992,A,All,75,84,All Origins,3,48,cvd_stroke,total,123.556746116397,666,nvss,Deaths,age-adjusted rate
1992,A,All,85,150,All Origins,3,48,cvd_stroke,total,82.3413231274451,666,nvss,Deaths,age-adjusted rate
1992,A,All,25,34,All Origins,3,48,lri,total,4.86210477907778,666,nvss,Deaths,age-adjusted rate
1992,A,All,55,64,All Origins,3,48,lri,total,7.39084985841869,666,nvss,Deaths,age-adjusted rate
1992,A,All,65,74,All Origins,3,48,lri,total,2.71192181177485,666,nvss,Deaths,age-adjusted rate
1992,A,All,75,84,All Origins,3,48,lri,total,10.2963955096997,666,nvss,Deaths,age-adjusted rate
1992,A,All,85,150,All Origins,3,48,lri,total,2.8393559699119,666,nvss,Deaths,age-adjusted rate
1992,A,All,25,34,All Origins,3,48,ncd_lri,total,1137.7325183042,666,nvss,Deaths,age-adjusted rate
1992,A,All,35,44,All Origins,3,48,ncd_lri,total,2602.86214599823,666,nvss,Deaths,age-adjusted rate
1992,A,All,45,54,All Origins,3,48,ncd_lri,total,4504.36644712271,666,nvss,Deaths,age-adjusted rate
1992,A,All,55,64,All Origins,3,48,ncd_lri,total,6766.32304538231,666,nvss,Deaths,age-adjusted rate
1992,A,All,65,74,All Origins,3,48,ncd_lri,total,9404.94484323518,666,nvss,Deaths,age-adjusted rate
1992,A,All,75,84,All Origins,3,48,ncd_lri,total,10291.2473119449,666,nvss,Deaths,age-adjusted rate
1992,A,All,85,150,All Origins,3,48,ncd_lri,total,8410.17238287905,666,nvss,Deaths,age-adjusted rate
1992,A,All,25,34,All Origins,3,48,neo_lung,total,14.5863143372333,666,nvss,Deaths,age-adjusted rate
1992,A,All,35,44,All Origins,3,48,neo_lung,total,34.0243417777546,666,nvss,Deaths,age-adjusted rate
1992,A,All,45,54,All Origins,3,48,neo_lung,total,323.699903020999,666,nvss,Deaths,age-adjusted rate
1992,A,All,55,64,All Origins,3,48,neo_lung,total,801.907209638428,666,nvss,Deaths,age-adjusted rate
1992,A,All,65,74,All Origins,3,48,neo_lung,total,1139.00716094544,666,nvss,Deaths,age-adjusted rate
1992,A,All,75,84,All Origins,3,48,neo_lung,total,628.080126091684,666,nvss,Deaths,age-adjusted rate
1992,A,All,85,150,All Origins,3,48,neo_lung,total,207.272985803569,666,nvss,Deaths,age-adjusted rate
1992,A,All,25,34,All Origins,3,48,resp_copd,total,9.72420955815556,666,nvss,Deaths,age-adjusted rate
1992,A,All,35,44,All Origins,3,48,resp_copd,total,45.3657890370061,666,nvss,Deaths,age-adjusted rate
1992,A,All,45,54,All Origins,3,48,resp_copd,total,65.8372684110506,666,nvss,Deaths,age-adjusted rate
1992,A,All,55,64,All Origins,3,48,resp_copd,total,258.679745044654,666,nvss,Deaths,age-adjusted rate
1992,A,All,65,74,All Origins,3,48,resp_copd,total,550.520127790295,666,nvss,Deaths,age-adjusted rate
1992,A,All,75,84,All Origins,3,48,resp_copd,total,653.821114865933,666,nvss,Deaths,age-adjusted rate
1992,A,All,85,150,All Origins,3,48,resp_copd,total,377.634343998283,666,nvss,Deaths,age-adjusted rate
1992,A,All,25,34,All Origins,3,48,t2_dm,total,14.5863143372333,666,nvss,Deaths,age-adjusted rate
1992,A,All,35,44,All Origins,3,48,t2_dm,total,113.414472592515,666,nvss,Deaths,age-adjusted rate
1992,A,All,45,54,All Origins,3,48,t2_dm,total,246.88975654144,666,nvss,Deaths,age-adjusted rate
1992,A,All,55,64,All Origins,3,48,t2_dm,total,362.151643062516,666,nvss,Deaths,age-adjusted rate
1992,A,All,65,74,All Origins,3,48,t2_dm,total,461.026708001725,666,nvss,Deaths,age-adjusted rate
1992,A,All,75,84,All Origins,3,48,t2_dm,total,375.81843610404,666,nvss,Deaths,age-adjusted rate
1992,A,All,85,150,All Origins,3,48,t2_dm,total,266.899461171719,666,nvss,Deaths,age-adjusted rate
1992,A,All,25,34,All Origins,3,49,all-cause,overall,1358.17462393098,666,nvss,Deaths,age-adjusted rate
1992,A,All,35,44,All Origins,3,49,all-cause,overall,2036.0643480424,666,nvss,Deaths,age-adjusted rate
1992,A,All,45,54,All Origins,3,49,all-cause,overall,3156.46666361496,666,nvss,Deaths,age-adjusted rate
1992,A,All,55,64,All Origins,3,49,all-cause,overall,3923.27643687593,666,nvss,Deaths,age-adjusted rate
1992,A,All,65,74,All Origins,3,49,all-cause,overall,6021.22396710477,666,nvss,Deaths,age-adjusted rate
1992,A,All,75,84,All Origins,3,49,all-cause,overall,8642.22524675915,666,nvss,Deaths,age-adjusted rate
1992,A,All,85,150,All Origins,3,49,all-cause,overall,8257.05262231841,666,nvss,Deaths,age-adjusted rate
1992,A,All,35,44,All Origins,3,49,cvd_ihd,total,27.1475246405654,666,nvss,Deaths,age-adjusted rate
1992,A,All,45,54,All Origins,3,49,cvd_ihd,total,89.3339621777819,666,nvss,Deaths,age-adjusted rate
1992,A,All,55,64,All Origins,3,49,cvd_ihd,total,370.856976620113,666,nvss,Deaths,age-adjusted rate
1992,A,All,65,74,All Origins,3,49,cvd_ihd,total,533.526174300423,666,nvss,Deaths,age-adjusted rate
1992,A,All,75,84,All Origins,3,49,cvd_ihd,total,1020.6056481887,666,nvss,Deaths,age-adjusted rate
1992,A,All,85,150,All Origins,3,49,cvd_ihd,total,1102.22950696054,666,nvss,Deaths,age-adjusted rate
1992,A,All,45,54,All Origins,3,49,cvd_stroke,total,29.777987392594,666,nvss,Deaths,age-adjusted rate
1992,A,All,65,74,All Origins,3,49,cvd_stroke,total,45.7308149400362,666,nvss,Deaths,age-adjusted rate
1992,A,All,75,84,All Origins,3,49,cvd_stroke,total,98.7682885343903,666,nvss,Deaths,age-adjusted rate
1992,A,All,85,150,All Origins,3,49,cvd_stroke,total,58.0120793137125,666,nvss,Deaths,age-adjusted rate
1992,A,All,25,34,All Origins,3,49,ncd_lri,total,436.556129120672,666,nvss,Deaths,age-adjusted rate
1992,A,All,35,44,All Origins,3,49,ncd_lri,total,1140.19603490375,666,nvss,Deaths,age-adjusted rate
1992,A,All,45,54,All Origins,3,49,ncd_lri,total,2322.68301662233,666,nvss,Deaths,age-adjusted rate
1992,A,All,55,64,All Origins,3,49,ncd_lri,total,3591.45703674215,666,nvss,Deaths,age-adjusted rate
1992,A,All,65,74,All Origins,3,49,ncd_lri,total,5716.35186750453,666,nvss,Deaths,age-adjusted rate
1992,A,All,75,84,All Origins,3,49,ncd_lri,total,7687.46512426004,666,nvss,Deaths,age-adjusted rate
1992,A,All,85,150,All Origins,3,49,ncd_lri,total,6980.78687741674,666,nvss,Deaths,age-adjusted rate
1992,A,All,35,44,All Origins,3,49,neo_lung,total,27.1475246405654,666,nvss,Deaths,age-adjusted rate
1992,A,All,45,54,All Origins,3,49,neo_lung,total,178.667924355564,666,nvss,Deaths,age-adjusted rate
1992,A,All,55,64,All Origins,3,49,neo_lung,total,351.338188376949,666,nvss,Deaths,age-adjusted rate
1992,A,All,65,74,All Origins,3,49,neo_lung,total,289.62849462023,666,nvss,Deaths,age-adjusted rate
1992,A,All,75,84,All Origins,3,49,neo_lung,total,246.920721335976,666,nvss,Deaths,age-adjusted rate
1992,A,All,85,150,All Origins,3,49,neo_lung,total,58.0120793137125,666,nvss,Deaths,age-adjusted rate
1992,A,All,45,54,All Origins,3,49,resp_copd,total,59.555974785188,666,nvss,Deaths,age-adjusted rate
1992,A,All,55,64,All Origins,3,49,resp_copd,total,214.706670674802,666,nvss,Deaths,age-adjusted rate
1992,A,All,65,74,All Origins,3,49,resp_copd,total,350.602914540278,666,nvss,Deaths,age-adjusted rate
1992,A,All,75,84,All Origins,3,49,resp_copd,total,345.689009870366,666,nvss,Deaths,age-adjusted rate
1992,A,All,85,150,All Origins,3,49,resp_copd,total,251.385677026088,666,nvss,Deaths,age-adjusted rate
1992,A,All,25,34,All Origins,3,49,t2_dm,total,24.2531182844818,666,nvss,Deaths,age-adjusted rate
1992,A,All,35,44,All Origins,3,49,t2_dm,total,54.2950492811308,666,nvss,Deaths,age-adjusted rate
1992,A,All,45,54,All Origins,3,49,t2_dm,total,148.88993696297,666,nvss,Deaths,age-adjusted rate
1992,A,All,55,64,All Origins,3,49,t2_dm,total,175.669094188475,666,nvss,Deaths,age-adjusted rate
1992,A,All,65,74,All Origins,3,49,t2_dm,total,503.038964340399,666,nvss,Deaths,age-adjusted rate
1992,A,All,75,84,All Origins,3,49,t2_dm,total,395.073154137561,666,nvss,Deaths,age-adjusted rate
1992,A,All,85,150,All Origins,3,49,t2_dm,total,154.6988781699,666,nvss,Deaths,age-adjusted rate
1992,A,All,25,34,All Origins,3,51,all-cause,overall,173.302534694982,666,nvss,Deaths,age-adjusted rate
1992,A,All,35,44,All Origins,3,51,all-cause,overall,324.007642109175,666,nvss,Deaths,age-adjusted rate
1992,A,All,45,54,All Origins,3,51,all-cause,overall,439.112912438819,666,nvss,Deaths,age-adjusted rate
1992,A,All,55,64,All Origins,3,51,all-cause,overall,541.620030205447,666,nvss,Deaths,age-adjusted rate
1992,A,All,65,74,All Origins,3,51,all-cause,overall,1170.32065272335,666,nvss,Deaths,age-adjusted rate
1992,A,All,75,84,All Origins,3,51,all-cause,overall,1730.80487344673,666,nvss,Deaths,age-adjusted rate
1992,A,All,85,150,All Origins,3,51,all-cause,overall,1805.50920139525,666,nvss,Deaths,age-adjusted rate
1992,A,All,35,44,All Origins,3,51,cvd_ihd,total,19.8372025781128,666,nvss,Deaths,age-adjusted rate
1992,A,All,45,54,All Origins,3,51,cvd_ihd,total,19.3726284899479,666,nvss,Deaths,age-adjusted rate
1992,A,All,55,64,All Origins,3,51,cvd_ihd,total,37.0338482191758,666,nvss,Deaths,age-adjusted rate
1992,A,All,65,74,All Origins,3,51,cvd_ihd,total,78.2961000061395,666,nvss,Deaths,age-adjusted rate
1992,A,All,75,84,All Origins,3,51,cvd_ihd,total,207.696584813607,666,nvss,Deaths,age-adjusted rate
1992,A,All,85,150,All Origins,3,51,cvd_ihd,total,221.9396692745,666,nvss,Deaths,age-adjusted rate
1992,A,All,45,54,All Origins,3,51,cvd_stroke,total,6.45754282998263,666,nvss,Deaths,age-adjusted rate
1992,A,All,55,64,All Origins,3,51,cvd_stroke,total,18.5169241095879,666,nvss,Deaths,age-adjusted rate
1992,A,All,65,74,All Origins,3,51,cvd_stroke,total,4.12084736874419,666,nvss,Deaths,age-adjusted rate
1992,A,All,75,84,All Origins,3,51,cvd_stroke,total,24.7257839063818,666,nvss,Deaths,age-adjusted rate
1992,A,All,85,150,All Origins,3,51,cvd_stroke,total,47.9869555188107,666,nvss,Deaths,age-adjusted rate
1992,A,All,75,84,All Origins,3,51,lri,total,4.94515678127636,666,nvss,Deaths,age-adjusted rate
1992,A,All,85,150,All Origins,3,51,lri,total,5.99836943985134,666,nvss,Deaths,age-adjusted rate
1992,A,All,25,34,All Origins,3,51,ncd_lri,total,103.981520816989,666,nvss,Deaths,age-adjusted rate
1992,A,All,35,44,All Origins,3,51,ncd_lri,total,238.046430937353,666,nvss,Deaths,age-adjusted rate
1992,A,All,45,54,All Origins,3,51,ncd_lri,total,380.995026968975,666,nvss,Deaths,age-adjusted rate
1992,A,All,55,64,All Origins,3,51,ncd_lri,total,495.327719931477,666,nvss,Deaths,age-adjusted rate
1992,A,All,65,74,All Origins,3,51,ncd_lri,total,1104.38709482344,666,nvss,Deaths,age-adjusted rate
1992,A,All,75,84,All Origins,3,51,ncd_lri,total,1577.50501322716,666,nvss,Deaths,age-adjusted rate
1992,A,All,85,150,All Origins,3,51,ncd_lri,total,1595.56627100046,666,nvss,Deaths,age-adjusted rate
1992,A,All,45,54,All Origins,3,51,neo_lung,total,45.2027998098784,666,nvss,Deaths,age-adjusted rate
1992,A,All,55,64,All Origins,3,51,neo_lung,total,101.843082602734,666,nvss,Deaths,age-adjusted rate
1992,A,All,65,74,All Origins,3,51,neo_lung,total,131.867115799814,666,nvss,Deaths,age-adjusted rate
1992,A,All,75,84,All Origins,3,51,neo_lung,total,89.0128220629745,666,nvss,Deaths,age-adjusted rate
1992,A,All,85,150,All Origins,3,51,neo_lung,total,41.9885860789594,666,nvss,Deaths,age-adjusted rate
1992,A,All,45,54,All Origins,3,51,resp_copd,total,6.45754282998263,666,nvss,Deaths,age-adjusted rate
1992,A,All,55,64,All Origins,3,51,resp_copd,total,13.8876930821909,666,nvss,Deaths,age-adjusted rate
1992,A,All,65,74,All Origins,3,51,resp_copd,total,78.2961000061395,666,nvss,Deaths,age-adjusted rate
1992,A,All,75,84,All Origins,3,51,resp_copd,total,89.0128220629745,666,nvss,Deaths,age-adjusted rate
1992,A,All,85,150,All Origins,3,51,resp_copd,total,59.9836943985134,666,nvss,Deaths,age-adjusted rate
1992,A,All,25,34,All Origins,3,51,t2_dm,total,5.77675115649941,666,nvss,Deaths,age-adjusted rate
1992,A,All,35,44,All Origins,3,51,t2_dm,total,13.2248017187418,666,nvss,Deaths,age-adjusted rate
1992,A,All,45,54,All Origins,3,51,t2_dm,total,6.45754282998263,666,nvss,Deaths,age-adjusted rate
1992,A,All,55,64,All Origins,3,51,t2_dm,total,18.5169241095879,666,nvss,Deaths,age-adjusted rate
1992,A,All,65,74,All Origins,3,51,t2_dm,total,28.8459315812093,666,nvss,Deaths,age-adjusted rate
1992,A,All,75,84,All Origins,3,51,t2_dm,total,4.94515678127636,666,nvss,Deaths,age-adjusted rate
1992,A,All,85,150,All Origins,3,51,t2_dm,total,23.9934777594054,666,nvss,Deaths,age-adjusted rate
1992,A,All,25,34,All Origins,3,54,all-cause,overall,142.331953140149,666,nvss,Deaths,age-adjusted rate
1992,A,All,35,44,All Origins,3,54,all-cause,overall,367.350163271119,666,nvss,Deaths,age-adjusted rate
1992,A,All,45,54,All Origins,3,54,all-cause,overall,472.07296286714,666,nvss,Deaths,age-adjusted rate
1992,A,All,55,64,All Origins,3,54,all-cause,overall,742.932782355127,666,nvss,Deaths,age-adjusted rate
1992,A,All,65,74,All Origins,3,54,all-cause,overall,1449.34185972004,666,nvss,Deaths,age-adjusted rate
1992,A,All,75,84,All Origins,3,54,all-cause,overall,1972.72086264183,666,nvss,Deaths,age-adjusted rate
1992,A,All,85,150,All Origins,3,54,all-cause,overall,1781.88713422943,666,nvss,Deaths,age-adjusted rate
1992,A,All,35,44,All Origins,3,54,cvd_ihd,total,40.8166848079021,666,nvss,Deaths,age-adjusted rate
1992,A,All,45,54,All Origins,3,54,cvd_ihd,total,17.8140740704581,666,nvss,Deaths,age-adjusted rate
1992,A,All,55,64,All Origins,3,54,cvd_ihd,total,39.101725387112,666,nvss,Deaths,age-adjusted rate
1992,A,All,65,74,All Origins,3,54,cvd_ihd,total,153.138007819476,666,nvss,Deaths,age-adjusted rate
1992,A,All,75,84,All Origins,3,54,cvd_ihd,total,257.311416866325,666,nvss,Deaths,age-adjusted rate
1992,A,All,85,150,All Origins,3,54,cvd_ihd,total,264.210850937468,666,nvss,Deaths,age-adjusted rate
1992,A,All,55,64,All Origins,3,54,cvd_stroke,total,13.0339084623707,666,nvss,Deaths,age-adjusted rate
1992,A,All,65,74,All Origins,3,54,cvd_stroke,total,16.4076436949439,666,nvss,Deaths,age-adjusted rate
1992,A,All,75,84,All Origins,3,54,cvd_stroke,total,40.0262204014284,666,nvss,Deaths,age-adjusted rate
1992,A,All,85,150,All Origins,3,54,cvd_stroke,total,67.5888223328406,666,nvss,Deaths,age-adjusted rate
1992,A,All,25,34,All Origins,3,54,ncd_lri,total,67.42039885586,666,nvss,Deaths,age-adjusted rate
1992,A,All,35,44,All Origins,3,54,ncd_lri,total,277.553456693734,666,nvss,Deaths,age-adjusted rate
1992,A,All,45,54,All Origins,3,54,ncd_lri,total,391.909629550078,666,nvss,Deaths,age-adjusted rate
1992,A,All,55,64,All Origins,3,54,ncd_lri,total,729.898873892757,666,nvss,Deaths,age-adjusted rate
1992,A,All,65,74,All Origins,3,54,ncd_lri,total,1367.30364124532,666,nvss,Deaths,age-adjusted rate
1992,A,All,75,84,All Origins,3,54,ncd_lri,total,1778.3077921206,666,nvss,Deaths,age-adjusted rate
1992,A,All,85,150,All Origins,3,54,ncd_lri,total,1542.25403686755,666,nvss,Deaths,age-adjusted rate
1992,A,All,35,44,All Origins,3,54,neo_lung,total,8.16333696158042,666,nvss,Deaths,age-adjusted rate
1992,A,All,45,54,All Origins,3,54,neo_lung,total,80.1633333170615,666,nvss,Deaths,age-adjusted rate
1992,A,All,55,64,All Origins,3,54,neo_lung,total,91.2373592365946,666,nvss,Deaths,age-adjusted rate
1992,A,All,65,74,All Origins,3,54,neo_lung,total,202.360938904308,666,nvss,Deaths,age-adjusted rate
1992,A,All,75,84,All Origins,3,54,neo_lung,total,102.92456674653,666,nvss,Deaths,age-adjusted rate
1992,A,All,85,150,All Origins,3,54,neo_lung,total,30.722191969473,666,nvss,Deaths,age-adjusted rate
1992,A,All,45,54,All Origins,3,54,resp_copd,total,8.90703703522906,666,nvss,Deaths,age-adjusted rate
1992,A,All,55,64,All Origins,3,54,resp_copd,total,58.6525880806679,666,nvss,Deaths,age-adjusted rate
1992,A,All,65,74,All Origins,3,54,resp_copd,total,76.569003909738,666,nvss,Deaths,age-adjusted rate
1992,A,All,75,84,All Origins,3,54,resp_copd,total,120.078661204285,666,nvss,Deaths,age-adjusted rate
1992,A,All,85,150,All Origins,3,54,resp_copd,total,49.1555071511568,666,nvss,Deaths,age-adjusted rate
1992,A,All,35,44,All Origins,3,54,t2_dm,total,16.3266739231608,666,nvss,Deaths,age-adjusted rate
1992,A,All,45,54,All Origins,3,54,t2_dm,total,26.7211111056872,666,nvss,Deaths,age-adjusted rate
1992,A,All,55,64,All Origins,3,54,t2_dm,total,19.550862693556,666,nvss,Deaths,age-adjusted rate
1992,A,All,65,74,All Origins,3,54,t2_dm,total,38.284501954869,666,nvss,Deaths,age-adjusted rate
1992,A,All,75,84,All Origins,3,54,t2_dm,total,57.1803148591834,666,nvss,Deaths,age-adjusted rate
1992,A,All,85,150,All Origins,3,54,t2_dm,total,18.4333151816838,666,nvss,Deaths,age-adjusted rate
1992,A,All,25,34,All Origins,4,13,all-cause,overall,198.275711296389,666,nvss,Deaths,age-adjusted rate
1992,A,All,35,44,All Origins,4,13,all-cause,overall,468.046100462494,666,nvss,Deaths,age-adjusted rate
1992,A,All,45,54,All Origins,4,13,all-cause,overall,672.711468588037,666,nvss,Deaths,age-adjusted rate
1992,A,All,55,64,All Origins,4,13,all-cause,overall,1030.02360358191,666,nvss,Deaths,age-adjusted rate
1992,A,All,65,74,All Origins,4,13,all-cause,overall,1807.74848291163,666,nvss,Deaths,age-adjusted rate
1992,A,All,75,84,All Origins,4,13,all-cause,overall,2087.71248251787,666,nvss,Deaths,age-adjusted rate
1992,A,All,85,150,All Origins,4,13,all-cause,overall,1570.86237282267,666,nvss,Deaths,age-adjusted rate
1992,A,All,35,44,All Origins,4,13,cvd_ihd,total,19.5019208526039,666,nvss,Deaths,age-adjusted rate
1992,A,All,45,54,All Origins,4,13,cvd_ihd,total,60.3715420527726,666,nvss,Deaths,age-adjusted rate
1992,A,All,55,64,All Origins,4,13,cvd_ihd,total,84.9854458400915,666,nvss,Deaths,age-adjusted rate
1992,A,All,65,74,All Origins,4,13,cvd_ihd,total,167.275427801888,666,nvss,Deaths,age-adjusted rate
1992,A,All,75,84,All Origins,4,13,cvd_ihd,total,182.550376054822,666,nvss,Deaths,age-adjusted rate
1992,A,All,85,150,All Origins,4,13,cvd_ihd,total,170.836491474084,666,nvss,Deaths,age-adjusted rate
1992,A,All,25,34,All Origins,4,13,cvd_stroke,total,3.19799534349014,666,nvss,Deaths,age-adjusted rate
1992,A,All,45,54,All Origins,4,13,cvd_stroke,total,4.31225300376947,666,nvss,Deaths,age-adjusted rate
1992,A,All,55,64,All Origins,4,13,cvd_stroke,total,13.5976713344146,666,nvss,Deaths,age-adjusted rate
1992,A,All,65,74,All Origins,4,13,cvd_stroke,total,14.6732831405165,666,nvss,Deaths,age-adjusted rate
1992,A,All,75,84,All Origins,4,13,cvd_stroke,total,19.9145864787079,666,nvss,Deaths,age-adjusted rate
1992,A,All,85,150,All Origins,4,13,cvd_stroke,total,4.16674369448985,666,nvss,Deaths,age-adjusted rate
1992,A,All,25,34,All Origins,4,13,ncd_lri,total,102.335850991684,666,nvss,Deaths,age-adjusted rate
1992,A,All,35,44,All Origins,4,13,ncd_lri,total,308.130349471142,666,nvss,Deaths,age-adjusted rate
1992,A,All,45,54,All Origins,4,13,ncd_lri,total,547.656131478723,666,nvss,Deaths,age-adjusted rate
1992,A,All,55,64,All Origins,4,13,ncd_lri,total,934.839904241007,666,nvss,Deaths,age-adjusted rate
1992,A,All,65,74,All Origins,4,13,ncd_lri,total,1646.34236836595,666,nvss,Deaths,age-adjusted rate
1992,A,All,75,84,All Origins,4,13,ncd_lri,total,1898.52391097015,666,nvss,Deaths,age-adjusted rate
1992,A,All,85,150,All Origins,4,13,ncd_lri,total,1358.35844440369,666,nvss,Deaths,age-adjusted rate
1992,A,All,35,44,All Origins,4,13,neo_lung,total,11.7011525115624,666,nvss,Deaths,age-adjusted rate
1992,A,All,45,54,All Origins,4,13,neo_lung,total,34.4980240301558,666,nvss,Deaths,age-adjusted rate
1992,A,All,55,64,All Origins,4,13,neo_lung,total,139.37613117775,666,nvss,Deaths,age-adjusted rate
1992,A,All,65,74,All Origins,4,13,neo_lung,total,190.752680826714,666,nvss,Deaths,age-adjusted rate
1992,A,All,75,84,All Origins,4,13,neo_lung,total,129.444812111601,666,nvss,Deaths,age-adjusted rate
1992,A,All,85,150,All Origins,4,13,neo_lung,total,12.5002310834695,666,nvss,Deaths,age-adjusted rate
1992,A,All,35,44,All Origins,4,13,resp_copd,total,3.90038417052078,666,nvss,Deaths,age-adjusted rate
1992,A,All,55,64,All Origins,4,13,resp_copd,total,27.1953426688293,666,nvss,Deaths,age-adjusted rate
1992,A,All,65,74,All Origins,4,13,resp_copd,total,88.039698843099,666,nvss,Deaths,age-adjusted rate
1992,A,All,75,84,All Origins,4,13,resp_copd,total,82.9774436612828,666,nvss,Deaths,age-adjusted rate
1992,A,All,85,150,All Origins,4,13,resp_copd,total,37.5006932504086,666,nvss,Deaths,age-adjusted rate
1992,A,All,35,44,All Origins,4,13,t2_dm,total,3.90038417052078,666,nvss,Deaths,age-adjusted rate
1992,A,All,45,54,All Origins,4,13,t2_dm,total,17.2490120150779,666,nvss,Deaths,age-adjusted rate
1992,A,All,55,64,All Origins,4,13,t2_dm,total,27.1953426688293,666,nvss,Deaths,age-adjusted rate
1992,A,All,65,74,All Origins,4,13,t2_dm,total,35.2158795372396,666,nvss,Deaths,age-adjusted rate
1992,A,All,75,84,All Origins,4,13,t2_dm,total,36.5100752109644,666,nvss,Deaths,age-adjusted rate
1992,A,All,85,150,All Origins,4,13,t2_dm,total,12.5002310834695,666,nvss,Deaths,age-adjusted rate
1992,A,All,25,34,All Origins,4,17,all-cause,overall,1266.5962218717,666,nvss,Deaths,age-adjusted rate
1992,A,All,35,44,All Origins,4,17,all-cause,overall,2537.30491236463,666,nvss,Deaths,age-adjusted rate
1992,A,All,45,54,All Origins,4,17,all-cause,overall,3888.02390535493,666,nvss,Deaths,age-adjusted rate
1992,A,All,55,64,All Origins,4,17,all-cause,overall,5037.86297834762,666,nvss,Deaths,age-adjusted rate
1992,A,All,65,74,All Origins,4,17,all-cause,overall,8050.94972827951,666,nvss,Deaths,age-adjusted rate
1992,A,All,75,84,All Origins,4,17,all-cause,overall,11142.706706589,666,nvss,Deaths,age-adjusted rate
1992,A,All,85,150,All Origins,4,17,all-cause,overall,10343.8345733685,666,nvss,Deaths,age-adjusted rate
1992,A,All,35,44,All Origins,4,17,cvd_ihd,total,150.730984892948,666,nvss,Deaths,age-adjusted rate
1992,A,All,45,54,All Origins,4,17,cvd_ihd,total,199.385841300253,666,nvss,Deaths,age-adjusted rate
1992,A,All,55,64,All Origins,4,17,cvd_ihd,total,401.321288105657,666,nvss,Deaths,age-adjusted rate
1992,A,All,65,74,All Origins,4,17,cvd_ihd,total,813.838694337361,666,nvss,Deaths,age-adjusted rate
1992,A,All,75,84,All Origins,4,17,cvd_ihd,total,1430.80183028278,666,nvss,Deaths,age-adjusted rate
1992,A,All,85,150,All Origins,4,17,cvd_ihd,total,1812.68867349713,666,nvss,Deaths,age-adjusted rate
1992,A,All,25,34,All Origins,4,17,cvd_stroke,total,9.81857536334648,666,nvss,Deaths,age-adjusted rate
1992,A,All,35,44,All Origins,4,17,cvd_stroke,total,50.2436616309827,666,nvss,Deaths,age-adjusted rate
1992,A,All,45,54,All Origins,4,17,cvd_stroke,total,12.4616150812658,666,nvss,Deaths,age-adjusted rate
1992,A,All,55,64,All Origins,4,17,cvd_stroke,total,34.1550032430347,666,nvss,Deaths,age-adjusted rate
1992,A,All,65,74,All Origins,4,17,cvd_stroke,total,33.6296981131141,666,nvss,Deaths,age-adjusted rate
1992,A,All,75,84,All Origins,4,17,cvd_stroke,total,168.726630929573,666,nvss,Deaths,age-adjusted rate
1992,A,All,85,150,All Origins,4,17,cvd_stroke,total,158.250598479908,666,nvss,Deaths,age-adjusted rate
1992,A,All,85,150,All Origins,4,17,lri,total,14.386418043628,666,nvss,Deaths,age-adjusted rate
1992,A,All,25,34,All Origins,4,17,ncd_lri,total,648.025973980867,666,nvss,Deaths,age-adjusted rate
1992,A,All,35,44,All Origins,4,17,ncd_lri,total,1808.77181871538,666,nvss,Deaths,age-adjusted rate
1992,A,All,45,54,All Origins,4,17,ncd_lri,total,3377.09768702303,666,nvss,Deaths,age-adjusted rate
1992,A,All,55,64,All Origins,4,17,ncd_lri,total,4696.31294591727,666,nvss,Deaths,age-adjusted rate
1992,A,All,65,74,All Origins,4,17,ncd_lri,total,7613.76365280903,666,nvss,Deaths,age-adjusted rate
1992,A,All,75,84,All Origins,4,17,ncd_lri,total,10373.3132695502,666,nvss,Deaths,age-adjusted rate
1992,A,All,85,150,All Origins,4,17,ncd_lri,total,9279.23963814007,666,nvss,Deaths,age-adjusted rate
1992,A,All,25,34,All Origins,4,17,neo_lung,total,19.637150726693,666,nvss,Deaths,age-adjusted rate
1992,A,All,35,44,All Origins,4,17,neo_lung,total,50.2436616309827,666,nvss,Deaths,age-adjusted rate
1992,A,All,45,54,All Origins,4,17,neo_lung,total,473.5413730881,666,nvss,Deaths,age-adjusted rate
1992,A,All,55,64,All Origins,4,17,neo_lung,total,648.945061617659,666,nvss,Deaths,age-adjusted rate
1992,A,All,65,74,All Origins,4,17,neo_lung,total,975.261245280309,666,nvss,Deaths,age-adjusted rate
1992,A,All,75,84,All Origins,4,17,neo_lung,total,668.157458481111,666,nvss,Deaths,age-adjusted rate
1992,A,All,85,150,All Origins,4,17,neo_lung,total,136.670971414466,666,nvss,Deaths,age-adjusted rate
1992,A,All,25,34,All Origins,4,17,resp_copd,total,9.81857536334648,666,nvss,Deaths,age-adjusted rate
1992,A,All,35,44,All Origins,4,17,resp_copd,total,37.682746223237,666,nvss,Deaths,age-adjusted rate
1992,A,All,45,54,All Origins,4,17,resp_copd,total,99.6929206501263,666,nvss,Deaths,age-adjusted rate
1992,A,All,55,64,All Origins,4,17,resp_copd,total,196.391268647449,666,nvss,Deaths,age-adjusted rate
1992,A,All,65,74,All Origins,4,17,resp_copd,total,638.964264149168,666,nvss,Deaths,age-adjusted rate
1992,A,All,75,84,All Origins,4,17,resp_copd,total,607.415871346465,666,nvss,Deaths,age-adjusted rate
1992,A,All,85,150,All Origins,4,17,resp_copd,total,244.569106741676,666,nvss,Deaths,age-adjusted rate
1992,A,All,35,44,All Origins,4,17,t2_dm,total,50.2436616309827,666,nvss,Deaths,age-adjusted rate
1992,A,All,45,54,All Origins,4,17,t2_dm,total,186.924226218987,666,nvss,Deaths,age-adjusted rate
1992,A,All,55,64,All Origins,4,17,t2_dm,total,179.313767025932,666,nvss,Deaths,age-adjusted rate
1992,A,All,65,74,All Origins,4,17,t2_dm,total,248.859766037044,666,nvss,Deaths,age-adjusted rate
1992,A,All,75,84,All Origins,4,17,t2_dm,total,249.715413775769,666,nvss,Deaths,age-adjusted rate
1992,A,All,85,150,All Origins,4,17,t2_dm,total,208.603061632606,666,nvss,Deaths,age-adjusted rate
1992,A,All,25,34,All Origins,4,18,all-cause,overall,2449.4599814454,666,nvss,Deaths,age-adjusted rate
1992,A,All,35,44,All Origins,4,18,all-cause,overall,6363.47072772846,666,nvss,Deaths,age-adjusted rate
1992,A,All,45,54,All Origins,4,18,all-cause,overall,15135.4514142204,666,nvss,Deaths,age-adjusted rate
1992,A,All,55,64,All Origins,4,18,all-cause,overall,44591.3206912513,666,nvss,Deaths,age-adjusted rate
1992,A,All,65,74,All Origins,4,18,all-cause,overall,60081.0996543472,666,nvss,Deaths,age-adjusted rate
1992,A,All,75,84,All Origins,4,18,all-cause,overall,59318.6380302677,666,nvss,Deaths,age-adjusted rate
1992,A,All,85,150,All Origins,4,18,all-cause,overall,36057.0077608715,666,nvss,Deaths,age-adjusted rate
1992,A,All,35,44,All Origins,4,18,cvd_ihd,total,250.530343611357,666,nvss,Deaths,age-adjusted rate
1992,A,All,45,54,All Origins,4,18,cvd_ihd,total,1085.95167097546,666,nvss,Deaths,age-adjusted rate
1992,A,All,55,64,All Origins,4,18,cvd_ihd,total,4757.65137082388,666,nvss,Deaths,age-adjusted rate
1992,A,All,65,74,All Origins,4,18,cvd_ihd,total,7152.51186361276,666,nvss,Deaths,age-adjusted rate
1992,A,All,75,84,All Origins,4,18,cvd_ihd,total,9512.93501179313,666,nvss,Deaths,age-adjusted rate
1992,A,All,85,150,All Origins,4,18,cvd_ihd,total,6546.5686715411,666,nvss,Deaths,age-adjusted rate
1992,A,All,35,44,All Origins,4,18,cvd_stroke,total,50.1060687222714,666,nvss,Deaths,age-adjusted rate
1992,A,All,45,54,All Origins,4,18,cvd_stroke,total,271.487917743864,666,nvss,Deaths,age-adjusted rate
1992,A,All,55,64,All Origins,4,18,cvd_stroke,total,653.010972466023,666,nvss,Deaths,age-adjusted rate
1992,A,All,65,74,All Origins,4,18,cvd_stroke,total,325.114175618762,666,nvss,Deaths,age-adjusted rate
1992,A,All,75,84,All Origins,4,18,cvd_stroke,total,686.02896719662,666,nvss,Deaths,age-adjusted rate
1992,A,All,85,150,All Origins,4,18,cvd_stroke,total,339.200449302648,666,nvss,Deaths,age-adjusted rate
1992,A,All,65,74,All Origins,4,18,lri,total,65.0228351237524,666,nvss,Deaths,age-adjusted rate
1992,A,All,75,84,All Origins,4,18,lri,total,45.7352644797747,666,nvss,Deaths,age-adjusted rate
1992,A,All,25,34,All Origins,4,18,ncd_lri,total,1209.22707944773,666,nvss,Deaths,age-adjusted rate
1992,A,All,35,44,All Origins,4,18,ncd_lri,total,4208.90977267079,666,nvss,Deaths,age-adjusted rate
1992,A,All,45,54,All Origins,4,18,ncd_lri,total,13031.4200517055,666,nvss,Deaths,age-adjusted rate
1992,A,All,55,64,All Origins,4,18,ncd_lri,total,42072.564083168,666,nvss,Deaths,age-adjusted rate
1992,A,All,65,74,All Origins,4,18,ncd_lri,total,56374.7980522933,666,nvss,Deaths,age-adjusted rate
1992,A,All,75,84,All Origins,4,18,ncd_lri,total,54928.0526402094,666,nvss,Deaths,age-adjusted rate
1992,A,All,85,150,All Origins,4,18,ncd_lri,total,32359.7228634726,666,nvss,Deaths,age-adjusted rate
1992,A,All,35,44,All Origins,4,18,neo_lung,total,250.530343611357,666,nvss,Deaths,age-adjusted rate
1992,A,All,45,54,All Origins,4,18,neo_lung,total,1764.67146533512,666,nvss,Deaths,age-adjusted rate
1992,A,All,55,64,All Origins,4,18,neo_lung,total,6716.68428822195,666,nvss,Deaths,age-adjusted rate
1992,A,All,65,74,All Origins,4,18,neo_lung,total,7347.58036898402,666,nvss,Deaths,age-adjusted rate
1992,A,All,75,84,All Origins,4,18,neo_lung,total,3750.29168734152,666,nvss,Deaths,age-adjusted rate
1992,A,All,85,150,All Origins,4,18,neo_lung,total,610.560808744766,666,nvss,Deaths,age-adjusted rate
1992,A,All,35,44,All Origins,4,18,resp_copd,total,100.212137444543,666,nvss,Deaths,age-adjusted rate
1992,A,All,45,54,All Origins,4,18,resp_copd,total,542.975835487729,666,nvss,Deaths,age-adjusted rate
1992,A,All,55,64,All Origins,4,18,resp_copd,total,2985.19301698753,666,nvss,Deaths,age-adjusted rate
1992,A,All,65,74,All Origins,4,18,resp_copd,total,3511.23309668263,666,nvss,Deaths,age-adjusted rate
1992,A,All,75,84,All Origins,4,18,resp_copd,total,4070.43853869994,666,nvss,Deaths,age-adjusted rate
1992,A,All,85,150,All Origins,4,18,resp_copd,total,1255.0416624198,666,nvss,Deaths,age-adjusted rate
1992,A,All,25,34,All Origins,4,18,t2_dm,total,31.0058225499417,666,nvss,Deaths,age-adjusted rate
1992,A,All,35,44,All Origins,4,18,t2_dm,total,50.1060687222714,666,nvss,Deaths,age-adjusted rate
1992,A,All,45,54,All Origins,4,18,t2_dm,total,542.975835487729,666,nvss,Deaths,age-adjusted rate
1992,A,All,55,64,All Origins,4,18,t2_dm,total,1306.02194493205,666,nvss,Deaths,age-adjusted rate
1992,A,All,65,74,All Origins,4,18,t2_dm,total,2015.70788883632,666,nvss,Deaths,age-adjusted rate
1992,A,All,75,84,All Origins,4,18,t2_dm,total,1189.11687647414,666,nvss,Deaths,age-adjusted rate
1992,A,All,85,150,All Origins,4,18,t2_dm,total,848.00112325662,666,nvss,Deaths,age-adjusted rate
1992,A,All,25,34,All Origins,4,22,all-cause,overall,156.637937576281,666,nvss,Deaths,age-adjusted rate
1992,A,All,35,44,All Origins,4,22,all-cause,overall,422.821432333886,666,nvss,Deaths,age-adjusted rate
1992,A,All,45,54,All Origins,4,22,all-cause,overall,651.239684799816,666,nvss,Deaths,age-adjusted rate
1992,A,All,55,64,All Origins,4,22,all-cause,overall,959.547635132933,666,nvss,Deaths,age-adjusted rate
1992,A,All,65,74,All Origins,4,22,all-cause,overall,1547.51271455088,666,nvss,Deaths,age-adjusted rate
1992,A,All,75,84,All Origins,4,22,all-cause,overall,2111.40902812964,666,nvss,Deaths,age-adjusted rate
1992,A,All,85,150,All Origins,4,22,all-cause,overall,1723.69831638368,666,nvss,Deaths,age-adjusted rate
1992,A,All,25,34,All Origins,4,22,cvd_ihd,total,1.59834630179878,666,nvss,Deaths,age-adjusted rate
1992,A,All,35,44,All Origins,4,22,cvd_ihd,total,10.7862610289257,666,nvss,Deaths,age-adjusted rate
1992,A,All,45,54,All Origins,4,22,cvd_ihd,total,46.8517758848789,666,nvss,Deaths,age-adjusted rate
1992,A,All,55,64,All Origins,4,22,cvd_ihd,total,66.175698974685,666,nvss,Deaths,age-adjusted rate
1992,A,All,65,74,All Origins,4,22,cvd_ihd,total,140.367894600919,666,nvss,Deaths,age-adjusted rate
1992,A,All,75,84,All Origins,4,22,cvd_ihd,total,226.927138537298,666,nvss,Deaths,age-adjusted rate
1992,A,All,85,150,All Origins,4,22,cvd_ihd,total,255.012901601969,666,nvss,Deaths,age-adjusted rate
1992,A,All,35,44,All Origins,4,22,cvd_stroke,total,10.7862610289257,666,nvss,Deaths,age-adjusted rate
1992,A,All,45,54,All Origins,4,22,cvd_stroke,total,9.37035517697577,666,nvss,Deaths,age-adjusted rate
1992,A,All,55,64,All Origins,4,22,cvd_stroke,total,9.19106930203958,666,nvss,Deaths,age-adjusted rate
1992,A,All,65,74,All Origins,4,22,cvd_stroke,total,15.5964327334355,666,nvss,Deaths,age-adjusted rate
1992,A,All,75,84,All Origins,4,22,cvd_stroke,total,13.8129562587921,666,nvss,Deaths,age-adjusted rate
1992,A,All,85,150,All Origins,4,22,cvd_stroke,total,25.9735362742746,666,nvss,Deaths,age-adjusted rate
1992,A,All,25,34,All Origins,4,22,ncd_lri,total,63.9338520719513,666,nvss,Deaths,age-adjusted rate
1992,A,All,35,44,All Origins,4,22,ncd_lri,total,263.184769105787,666,nvss,Deaths,age-adjusted rate
1992,A,All,45,54,All Origins,4,22,ncd_lri,total,569.249077001278,666,nvss,Deaths,age-adjusted rate
1992,A,All,55,64,All Origins,4,22,ncd_lri,total,882.3426529958,666,nvss,Deaths,age-adjusted rate
1992,A,All,65,74,All Origins,4,22,ncd_lri,total,1450.4682442095,666,nvss,Deaths,age-adjusted rate
1992,A,All,75,84,All Origins,4,22,ncd_lri,total,1971.30618607618,666,nvss,Deaths,age-adjusted rate
1992,A,All,85,150,All Origins,4,22,ncd_lri,total,1565.49586816764,666,nvss,Deaths,age-adjusted rate
1992,A,All,35,44,All Origins,4,22,neo_lung,total,12.9435132347108,666,nvss,Deaths,age-adjusted rate
1992,A,All,45,54,All Origins,4,22,neo_lung,total,60.9073086503425,666,nvss,Deaths,age-adjusted rate
1992,A,All,55,64,All Origins,4,22,neo_lung,total,121.322114786923,666,nvss,Deaths,age-adjusted rate
1992,A,All,65,74,All Origins,4,22,neo_lung,total,206.219499475425,666,nvss,Deaths,age-adjusted rate
1992,A,All,75,84,All Origins,4,22,neo_lung,total,155.889077777796,666,nvss,Deaths,age-adjusted rate
1992,A,All,85,150,All Origins,4,22,neo_lung,total,42.5021502669948,666,nvss,Deaths,age-adjusted rate
1992,A,All,25,34,All Origins,4,22,resp_copd,total,3.19669260359757,666,nvss,Deaths,age-adjusted rate
1992,A,All,35,44,All Origins,4,22,resp_copd,total,4.31450441157027,666,nvss,Deaths,age-adjusted rate
1992,A,All,45,54,All Origins,4,22,resp_copd,total,4.68517758848789,666,nvss,Deaths,age-adjusted rate
1992,A,All,55,64,All Origins,4,22,resp_copd,total,29.4114217665267,666,nvss,Deaths,age-adjusted rate
1992,A,All,65,74,All Origins,4,22,resp_copd,total,81.4480376079408,666,nvss,Deaths,age-adjusted rate
1992,A,All,75,84,All Origins,4,22,resp_copd,total,96.6906938115445,666,nvss,Deaths,age-adjusted rate
1992,A,All,85,150,All Origins,4,22,resp_copd,total,70.8369171116581,666,nvss,Deaths,age-adjusted rate
1992,A,All,25,34,All Origins,4,22,t2_dm,total,4.79503890539635,666,nvss,Deaths,age-adjusted rate
1992,A,All,35,44,All Origins,4,22,t2_dm,total,15.1007654404959,666,nvss,Deaths,age-adjusted rate
1992,A,All,45,54,All Origins,4,22,t2_dm,total,35.1388319136592,666,nvss,Deaths,age-adjusted rate
1992,A,All,55,64,All Origins,4,22,t2_dm,total,25.7349940457108,666,nvss,Deaths,age-adjusted rate
1992,A,All,65,74,All Origins,4,22,t2_dm,total,57.1869200225967,666,nvss,Deaths,age-adjusted rate
1992,A,All,75,84,All Origins,4,22,t2_dm,total,82.8777375527524,666,nvss,Deaths,age-adjusted rate
1992,A,All,85,150,All Origins,4,22,t2_dm,total,51.9470725485493,666,nvss,Deaths,age-adjusted rate
1992,A,All,25,34,All Origins,4,27,all-cause,overall,509.385574483006,666,nvss,Deaths,age-adjusted rate
1992,A,All,35,44,All Origins,4,27,all-cause,overall,421.060774660861,666,nvss,Deaths,age-adjusted rate
1992,A,All,45,54,All Origins,4,27,all-cause,overall,453.850055927054,666,nvss,Deaths,age-adjusted rate
1992,A,All,55,64,All Origins,4,27,all-cause,overall,864.606647928438,666,nvss,Deaths,age-adjusted rate
1992,A,All,65,74,All Origins,4,27,all-cause,overall,1386.01973046688,666,nvss,Deaths,age-adjusted rate
1992,A,All,75,84,All Origins,4,27,all-cause,overall,1777.64183348553,666,nvss,Deaths,age-adjusted rate
1992,A,All,85,150,All Origins,4,27,all-cause,overall,1122.1642722226,666,nvss,Deaths,age-adjusted rate
1992,A,All,45,54,All Origins,4,27,cvd_ihd,total,41.2590959933685,666,nvss,Deaths,age-adjusted rate
1992,A,All,55,64,All Origins,4,27,cvd_ihd,total,76.2888218760386,666,nvss,Deaths,age-adjusted rate
1992,A,All,65,74,All Origins,4,27,cvd_ihd,total,189.865716502312,666,nvss,Deaths,age-adjusted rate
1992,A,All,75,84,All Origins,4,27,cvd_ihd,total,187.120192998477,666,nvss,Deaths,age-adjusted rate
1992,A,All,85,150,All Origins,4,27,cvd_ihd,total,176.520222596814,666,nvss,Deaths,age-adjusted rate
1992,A,All,55,64,All Origins,4,27,cvd_stroke,total,25.4296072920129,666,nvss,Deaths,age-adjusted rate
1992,A,All,65,74,All Origins,4,27,cvd_stroke,total,75.9462866009249,666,nvss,Deaths,age-adjusted rate
1992,A,All,75,84,All Origins,4,27,cvd_stroke,total,25.5163899543378,666,nvss,Deaths,age-adjusted rate
1992,A,All,85,150,All Origins,4,27,cvd_stroke,total,12.6085873283439,666,nvss,Deaths,age-adjusted rate
1992,A,All,55,64,All Origins,4,27,lri,total,12.7148036460064,666,nvss,Deaths,age-adjusted rate
1992,A,All,25,34,All Origins,4,27,ncd_lri,total,215.509281512041,666,nvss,Deaths,age-adjusted rate
1992,A,All,35,44,All Origins,4,27,ncd_lri,total,252.636464796517,666,nvss,Deaths,age-adjusted rate
1992,A,All,45,54,All Origins,4,27,ncd_lri,total,391.961411937001,666,nvss,Deaths,age-adjusted rate
1992,A,All,55,64,All Origins,4,27,ncd_lri,total,826.462236990419,666,nvss,Deaths,age-adjusted rate
1992,A,All,65,74,All Origins,4,27,ncd_lri,total,1291.08687221572,666,nvss,Deaths,age-adjusted rate
1992,A,All,75,84,All Origins,4,27,ncd_lri,total,1650.05988371384,666,nvss,Deaths,age-adjusted rate
1992,A,All,85,150,All Origins,4,27,ncd_lri,total,945.644049625791,666,nvss,Deaths,age-adjusted rate
1992,A,All,45,54,All Origins,4,27,neo_lung,total,41.2590959933685,666,nvss,Deaths,age-adjusted rate
1992,A,All,55,64,All Origins,4,27,neo_lung,total,101.718429168052,666,nvss,Deaths,age-adjusted rate
1992,A,All,65,74,All Origins,4,27,neo_lung,total,180.372430677197,666,nvss,Deaths,age-adjusted rate
1992,A,All,75,84,All Origins,4,27,neo_lung,total,85.054633181126,666,nvss,Deaths,age-adjusted rate
1992,A,All,85,150,All Origins,4,27,neo_lung,total,18.9128809925158,666,nvss,Deaths,age-adjusted rate
1992,A,All,45,54,All Origins,4,27,resp_copd,total,20.6295479966843,666,nvss,Deaths,age-adjusted rate
1992,A,All,55,64,All Origins,4,27,resp_copd,total,12.7148036460064,666,nvss,Deaths,age-adjusted rate
1992,A,All,65,74,All Origins,4,27,resp_copd,total,66.4530007758093,666,nvss,Deaths,age-adjusted rate
1992,A,All,75,84,All Origins,4,27,resp_copd,total,119.076486453576,666,nvss,Deaths,age-adjusted rate
1992,A,All,85,150,All Origins,4,27,resp_copd,total,25.2171746566878,666,nvss,Deaths,age-adjusted rate
1992,A,All,25,34,All Origins,4,27,t2_dm,total,19.591752864731,666,nvss,Deaths,age-adjusted rate
1992,A,All,55,64,All Origins,4,27,t2_dm,total,12.7148036460064,666,nvss,Deaths,age-adjusted rate
1992,A,All,65,74,All Origins,4,27,t2_dm,total,9.49328582511561,666,nvss,Deaths,age-adjusted rate
1992,A,All,75,84,All Origins,4,27,t2_dm,total,25.5163899543378,666,nvss,Deaths,age-adjusted rate
1992,A,All,85,150,All Origins,4,27,t2_dm,total,18.9128809925158,666,nvss,Deaths,age-adjusted rate
1992,A,All,25,34,All Origins,4,29,all-cause,overall,88.7990011670574,666,nvss,Deaths,age-adjusted rate
1992,A,All,35,44,All Origins,4,29,all-cause,overall,134.197379217745,666,nvss,Deaths,age-adjusted rate
1992,A,All,45,54,All Origins,4,29,all-cause,overall,256.876983478262,666,nvss,Deaths,age-adjusted rate
1992,A,All,55,64,All Origins,4,29,all-cause,overall,386.696243069421,666,nvss,Deaths,age-adjusted rate
1992,A,All,65,74,All Origins,4,29,all-cause,overall,494.141680409321,666,nvss,Deaths,age-adjusted rate
1992,A,All,75,84,All Origins,4,29,all-cause,overall,767.06395138695,666,nvss,Deaths,age-adjusted rate
1992,A,All,85,150,All Origins,4,29,all-cause,overall,712.458320986712,666,nvss,Deaths,age-adjusted rate
1992,A,All,25,34,All Origins,4,29,cvd_ihd,total,8.45704773019594,666,nvss,Deaths,age-adjusted rate
1992,A,All,35,44,All Origins,4,29,cvd_ihd,total,22.3662298696241,666,nvss,Deaths,age-adjusted rate
1992,A,All,45,54,All Origins,4,29,cvd_ihd,total,12.8438491739131,666,nvss,Deaths,age-adjusted rate
1992,A,All,55,64,All Origins,4,29,cvd_ihd,total,30.9356994455537,666,nvss,Deaths,age-adjusted rate
1992,A,All,65,74,All Origins,4,29,cvd_ihd,total,77.5924952708852,666,nvss,Deaths,age-adjusted rate
1992,A,All,75,84,All Origins,4,29,cvd_ihd,total,91.5897255387403,666,nvss,Deaths,age-adjusted rate
1992,A,All,85,150,All Origins,4,29,cvd_ihd,total,115.144779149368,666,nvss,Deaths,age-adjusted rate
1992,A,All,35,44,All Origins,4,29,cvd_stroke,total,5.59155746740603,666,nvss,Deaths,age-adjusted rate
1992,A,All,75,84,All Origins,4,29,cvd_stroke,total,15.2649542564567,666,nvss,Deaths,age-adjusted rate
1992,A,All,85,150,All Origins,4,29,cvd_stroke,total,7.19654869683547,666,nvss,Deaths,age-adjusted rate
1992,A,All,25,34,All Origins,4,29,ncd_lri,total,67.6563818415675,666,nvss,Deaths,age-adjusted rate
1992,A,All,35,44,All Origins,4,29,ncd_lri,total,89.4649194784965,666,nvss,Deaths,age-adjusted rate
1992,A,All,45,54,All Origins,4,29,ncd_lri,total,224.767360543479,666,nvss,Deaths,age-adjusted rate
1992,A,All,55,64,All Origins,4,29,ncd_lri,total,360.91649353146,666,nvss,Deaths,age-adjusted rate
1992,A,All,65,74,All Origins,4,29,ncd_lri,total,481.890233787603,666,nvss,Deaths,age-adjusted rate
1992,A,All,75,84,All Origins,4,29,ncd_lri,total,690.739180104666,666,nvss,Deaths,age-adjusted rate
1992,A,All,85,150,All Origins,4,29,ncd_lri,total,636.894559669939,666,nvss,Deaths,age-adjusted rate
1992,A,All,35,44,All Origins,4,29,neo_lung,total,5.59155746740603,666,nvss,Deaths,age-adjusted rate
1992,A,All,45,54,All Origins,4,29,neo_lung,total,25.6876983478262,666,nvss,Deaths,age-adjusted rate
1992,A,All,55,64,All Origins,4,29,neo_lung,total,92.807098336661,666,nvss,Deaths,age-adjusted rate
1992,A,All,65,74,All Origins,4,29,neo_lung,total,49.0057864868749,666,nvss,Deaths,age-adjusted rate
1992,A,All,75,84,All Origins,4,29,neo_lung,total,45.7948627693702,666,nvss,Deaths,age-adjusted rate
1992,A,All,85,150,All Origins,4,29,neo_lung,total,3.59827434841774,666,nvss,Deaths,age-adjusted rate
1992,A,All,25,34,All Origins,4,29,resp_copd,total,4.22852386509797,666,nvss,Deaths,age-adjusted rate
1992,A,All,35,44,All Origins,4,29,resp_copd,total,5.59155746740603,666,nvss,Deaths,age-adjusted rate
1992,A,All,45,54,All Origins,4,29,resp_copd,total,6.42192458695655,666,nvss,Deaths,age-adjusted rate
1992,A,All,55,64,All Origins,4,29,resp_copd,total,10.3118998151846,666,nvss,Deaths,age-adjusted rate
1992,A,All,65,74,All Origins,4,29,resp_copd,total,28.5867087840103,666,nvss,Deaths,age-adjusted rate
1992,A,All,75,84,All Origins,4,29,resp_copd,total,45.7948627693702,666,nvss,Deaths,age-adjusted rate
1992,A,All,85,150,All Origins,4,29,resp_copd,total,14.3930973936709,666,nvss,Deaths,age-adjusted rate
1992,A,All,45,54,All Origins,4,29,t2_dm,total,19.2657737608697,666,nvss,Deaths,age-adjusted rate
1992,A,All,55,64,All Origins,4,29,t2_dm,total,20.6237996303691,666,nvss,Deaths,age-adjusted rate
1992,A,All,65,74,All Origins,4,29,t2_dm,total,16.3352621622916,666,nvss,Deaths,age-adjusted rate
1992,A,All,75,84,All Origins,4,29,t2_dm,total,22.8974313846851,666,nvss,Deaths,age-adjusted rate
1992,A,All,85,150,All Origins,4,29,t2_dm,total,25.1879204389242,666,nvss,Deaths,age-adjusted rate
1992,A,All,25,34,All Origins,4,46,all-cause,overall,317.344135730537,666,nvss,Deaths,age-adjusted rate
1992,A,All,35,44,All Origins,4,46,all-cause,overall,603.422245959222,666,nvss,Deaths,age-adjusted rate
1992,A,All,45,54,All Origins,4,46,all-cause,overall,932.13067571817,666,nvss,Deaths,age-adjusted rate
1992,A,All,55,64,All Origins,4,46,all-cause,overall,1374.87752865922,666,nvss,Deaths,age-adjusted rate
1992,A,All,65,74,All Origins,4,46,all-cause,overall,1679.30823108983,666,nvss,Deaths,age-adjusted rate
1992,A,All,75,84,All Origins,4,46,all-cause,overall,2035.41473706726,666,nvss,Deaths,age-adjusted rate
1992,A,All,85,150,All Origins,4,46,all-cause,overall,1545.70391590393,666,nvss,Deaths,age-adjusted rate
1992,A,All,45,54,All Origins,4,46,cvd_ihd,total,20.2637103416993,666,nvss,Deaths,age-adjusted rate
1992,A,All,55,64,All Origins,4,46,cvd_ihd,total,136.249124461725,666,nvss,Deaths,age-adjusted rate
1992,A,All,65,74,All Origins,4,46,cvd_ihd,total,157.435146664672,666,nvss,Deaths,age-adjusted rate
1992,A,All,75,84,All Origins,4,46,cvd_ihd,total,239.007033519261,666,nvss,Deaths,age-adjusted rate
1992,A,All,85,150,All Origins,4,46,cvd_ihd,total,334.902515112518,666,nvss,Deaths,age-adjusted rate
1992,A,All,25,34,All Origins,4,46,cvd_stroke,total,13.797571118719,666,nvss,Deaths,age-adjusted rate
1992,A,All,45,54,All Origins,4,46,cvd_stroke,total,20.2637103416993,666,nvss,Deaths,age-adjusted rate
1992,A,All,55,64,All Origins,4,46,cvd_stroke,total,49.5451361678999,666,nvss,Deaths,age-adjusted rate
1992,A,All,65,74,All Origins,4,46,cvd_stroke,total,17.4927940738524,666,nvss,Deaths,age-adjusted rate
1992,A,All,75,84,All Origins,4,46,cvd_stroke,total,23.1297129212188,666,nvss,Deaths,age-adjusted rate
1992,A,All,85,150,All Origins,4,46,cvd_stroke,total,6.44043298293305,666,nvss,Deaths,age-adjusted rate
1992,A,All,85,150,All Origins,4,46,lri,total,6.44043298293305,666,nvss,Deaths,age-adjusted rate
1992,A,All,25,34,All Origins,4,46,ncd_lri,total,137.97571118719,666,nvss,Deaths,age-adjusted rate
1992,A,All,35,44,All Origins,4,46,ncd_lri,total,379.293983174368,666,nvss,Deaths,age-adjusted rate
1992,A,All,45,54,All Origins,4,46,ncd_lri,total,871.339544693072,666,nvss,Deaths,age-adjusted rate
1992,A,All,55,64,All Origins,4,46,ncd_lri,total,1275.78725632342,666,nvss,Deaths,age-adjusted rate
1992,A,All,65,74,All Origins,4,46,ncd_lri,total,1609.33705479442,666,nvss,Deaths,age-adjusted rate
1992,A,All,75,84,All Origins,4,46,ncd_lri,total,1881.2166509258,666,nvss,Deaths,age-adjusted rate
1992,A,All,85,150,All Origins,4,46,ncd_lri,total,1333.16962746714,666,nvss,Deaths,age-adjusted rate
1992,A,All,35,44,All Origins,4,46,neo_lung,total,17.2406355988349,666,nvss,Deaths,age-adjusted rate
1992,A,All,45,54,All Origins,4,46,neo_lung,total,121.582262050196,666,nvss,Deaths,age-adjusted rate
1992,A,All,55,64,All Origins,4,46,neo_lung,total,185.794260629625,666,nvss,Deaths,age-adjusted rate
1992,A,All,65,74,All Origins,4,46,neo_lung,total,192.420734812377,666,nvss,Deaths,age-adjusted rate
1992,A,All,75,84,All Origins,4,46,neo_lung,total,131.06837322024,666,nvss,Deaths,age-adjusted rate
1992,A,All,85,150,All Origins,4,46,neo_lung,total,32.2021649146652,666,nvss,Deaths,age-adjusted rate
1992,A,All,35,44,All Origins,4,46,resp_copd,total,17.2406355988349,666,nvss,Deaths,age-adjusted rate
1992,A,All,45,54,All Origins,4,46,resp_copd,total,60.791131025098,666,nvss,Deaths,age-adjusted rate
1992,A,All,55,64,All Origins,4,46,resp_copd,total,37.158852125925,666,nvss,Deaths,age-adjusted rate
1992,A,All,65,74,All Origins,4,46,resp_copd,total,174.927940738524,666,nvss,Deaths,age-adjusted rate
1992,A,All,75,84,All Origins,4,46,resp_copd,total,123.358468913167,666,nvss,Deaths,age-adjusted rate
1992,A,All,85,150,All Origins,4,46,resp_copd,total,45.0830308805313,666,nvss,Deaths,age-adjusted rate
1992,A,All,35,44,All Origins,4,46,t2_dm,total,17.2406355988349,666,nvss,Deaths,age-adjusted rate
1992,A,All,45,54,All Origins,4,46,t2_dm,total,20.2637103416993,666,nvss,Deaths,age-adjusted rate
1992,A,All,55,64,All Origins,4,46,t2_dm,total,37.158852125925,666,nvss,Deaths,age-adjusted rate
1992,A,All,65,74,All Origins,4,46,t2_dm,total,52.4783822215573,666,nvss,Deaths,age-adjusted rate
1992,A,All,75,84,All Origins,4,46,t2_dm,total,53.9693301495106,666,nvss,Deaths,age-adjusted rate
1992,A,All,85,150,All Origins,4,46,t2_dm,total,6.44043298293305,666,nvss,Deaths,age-adjusted rate
1992,A,All,25,34,All Origins,4,48,all-cause,overall,7272.47420678961,666,nvss,Deaths,age-adjusted rate
1992,A,All,35,44,All Origins,4,48,all-cause,overall,10545.8026869868,666,nvss,Deaths,age-adjusted rate
1992,A,All,45,54,All Origins,4,48,all-cause,overall,15529.7450530346,666,nvss,Deaths,age-adjusted rate
1992,A,All,55,64,All Origins,4,48,all-cause,overall,21403.1317885784,666,nvss,Deaths,age-adjusted rate
1992,A,All,65,74,All Origins,4,48,all-cause,overall,30989.9836400227,666,nvss,Deaths,age-adjusted rate
1992,A,All,75,84,All Origins,4,48,all-cause,overall,39259.4868716188,666,nvss,Deaths,age-adjusted rate
1992,A,All,85,150,All Origins,4,48,all-cause,overall,45936.1811108699,666,nvss,Deaths,age-adjusted rate
1992,A,All,35,44,All Origins,4,48,cvd_ihd,total,260.390189802144,666,nvss,Deaths,age-adjusted rate
1992,A,All,45,54,All Origins,4,48,cvd_ihd,total,852.613453892093,666,nvss,Deaths,age-adjusted rate
1992,A,All,55,64,All Origins,4,48,cvd_ihd,total,1335.00419606827,666,nvss,Deaths,age-adjusted rate
1992,A,All,65,74,All Origins,4,48,cvd_ihd,total,2905.31096625212,666,nvss,Deaths,age-adjusted rate
1992,A,All,75,84,All Origins,4,48,cvd_ihd,total,5771.58853847708,666,nvss,Deaths,age-adjusted rate
1992,A,All,85,150,All Origins,4,48,cvd_ihd,total,6711.30780297014,666,nvss,Deaths,age-adjusted rate
1992,A,All,35,44,All Origins,4,48,cvd_stroke,total,195.292642351608,666,nvss,Deaths,age-adjusted rate
1992,A,All,45,54,All Origins,4,48,cvd_stroke,total,121.801921984585,666,nvss,Deaths,age-adjusted rate
1992,A,All,55,64,All Origins,4,48,cvd_stroke,total,172.258605944293,666,nvss,Deaths,age-adjusted rate
1992,A,All,65,74,All Origins,4,48,cvd_stroke,total,211.845591289217,666,nvss,Deaths,age-adjusted rate
1992,A,All,75,84,All Origins,4,48,cvd_stroke,total,475.680374050309,666,nvss,Deaths,age-adjusted rate
1992,A,All,85,150,All Origins,4,48,cvd_stroke,total,906.933486887857,666,nvss,Deaths,age-adjusted rate
1992,A,All,65,74,All Origins,4,48,lri,total,30.2636558984596,666,nvss,Deaths,age-adjusted rate
1992,A,All,25,34,All Origins,4,48,ncd_lri,total,2868.95771460507,666,nvss,Deaths,age-adjusted rate
1992,A,All,35,44,All Origins,4,48,ncd_lri,total,7030.5351246579,666,nvss,Deaths,age-adjusted rate
1992,A,All,45,54,All Origins,4,48,ncd_lri,total,12911.003730366,666,nvss,Deaths,age-adjusted rate
1992,A,All,55,64,All Origins,4,48,ncd_lri,total,19465.2224717051,666,nvss,Deaths,age-adjusted rate
1992,A,All,65,74,All Origins,4,48,ncd_lri,total,29113.6369743182,666,nvss,Deaths,age-adjusted rate
1992,A,All,75,84,All Origins,4,48,ncd_lri,total,36215.1324776968,666,nvss,Deaths,age-adjusted rate
1992,A,All,85,150,All Origins,4,48,ncd_lri,total,40494.5801895428,666,nvss,Deaths,age-adjusted rate
1992,A,All,35,44,All Origins,4,48,neo_lung,total,260.390189802144,666,nvss,Deaths,age-adjusted rate
1992,A,All,45,54,All Origins,4,48,neo_lung,total,1766.12786877648,666,nvss,Deaths,age-adjusted rate
1992,A,All,55,64,All Origins,4,48,neo_lung,total,2799.20234659476,666,nvss,Deaths,age-adjusted rate
1992,A,All,65,74,All Origins,4,48,neo_lung,total,3661.90236371362,666,nvss,Deaths,age-adjusted rate
1992,A,All,75,84,All Origins,4,48,neo_lung,total,2410.11389518823,666,nvss,Deaths,age-adjusted rate
1992,A,All,85,150,All Origins,4,48,neo_lung,total,861.586812543464,666,nvss,Deaths,age-adjusted rate
1992,A,All,35,44,All Origins,4,48,resp_copd,total,65.0975474505361,666,nvss,Deaths,age-adjusted rate
1992,A,All,45,54,All Origins,4,48,resp_copd,total,487.207687938339,666,nvss,Deaths,age-adjusted rate
1992,A,All,55,64,All Origins,4,48,resp_copd,total,1550.32745349864,666,nvss,Deaths,age-adjusted rate
1992,A,All,65,74,All Origins,4,48,resp_copd,total,2178.98322468909,666,nvss,Deaths,age-adjusted rate
1992,A,All,75,84,All Origins,4,48,resp_copd,total,2790.65819442848,666,nvss,Deaths,age-adjusted rate
1992,A,All,85,150,All Origins,4,48,resp_copd,total,1405.74690467618,666,nvss,Deaths,age-adjusted rate
1992,A,All,25,34,All Origins,4,48,t2_dm,total,66.7199468512808,666,nvss,Deaths,age-adjusted rate
1992,A,All,35,44,All Origins,4,48,t2_dm,total,260.390189802144,666,nvss,Deaths,age-adjusted rate
1992,A,All,45,54,All Origins,4,48,t2_dm,total,730.811531907508,666,nvss,Deaths,age-adjusted rate
1992,A,All,55,64,All Origins,4,48,t2_dm,total,947.422332693612,666,nvss,Deaths,age-adjusted rate
1992,A,All,65,74,All Origins,4,48,t2_dm,total,968.436988750708,666,nvss,Deaths,age-adjusted rate
1992,A,All,75,84,All Origins,4,48,t2_dm,total,1046.49682291068,666,nvss,Deaths,age-adjusted rate
1992,A,All,85,150,All Origins,4,48,t2_dm,total,634.8534408215,666,nvss,Deaths,age-adjusted rate
1992,A,All,25,34,All Origins,4,54,all-cause,overall,51.0300619458115,666,nvss,Deaths,age-adjusted rate
1992,A,All,35,44,All Origins,4,54,all-cause,overall,92.362188834609,666,nvss,Deaths,age-adjusted rate
1992,A,All,45,54,All Origins,4,54,all-cause,overall,214.675886537096,666,nvss,Deaths,age-adjusted rate
1992,A,All,55,64,All Origins,4,54,all-cause,overall,342.219502751424,666,nvss,Deaths,age-adjusted rate
1992,A,All,65,74,All Origins,4,54,all-cause,overall,610.015245546741,666,nvss,Deaths,age-adjusted rate
1992,A,All,75,84,All Origins,4,54,all-cause,overall,914.621846631316,666,nvss,Deaths,age-adjusted rate
1992,A,All,85,150,All Origins,4,54,all-cause,overall,905.688508319216,666,nvss,Deaths,age-adjusted rate
1992,A,All,35,44,All Origins,4,54,cvd_ihd,total,2.67716489375678,666,nvss,Deaths,age-adjusted rate
1992,A,All,45,54,All Origins,4,54,cvd_ihd,total,7.61262008996795,666,nvss,Deaths,age-adjusted rate
1992,A,All,55,64,All Origins,4,54,cvd_ihd,total,12.1354433599796,666,nvss,Deaths,age-adjusted rate
1992,A,All,65,74,All Origins,4,54,cvd_ihd,total,65.3587763085793,666,nvss,Deaths,age-adjusted rate
1992,A,All,75,84,All Origins,4,54,cvd_ihd,total,78.7233201325859,666,nvss,Deaths,age-adjusted rate
1992,A,All,85,150,All Origins,4,54,cvd_ihd,total,119.0745847591,666,nvss,Deaths,age-adjusted rate
1992,A,All,35,44,All Origins,4,54,cvd_stroke,total,1.33858244687839,666,nvss,Deaths,age-adjusted rate
1992,A,All,45,54,All Origins,4,54,cvd_stroke,total,3.04504803598718,666,nvss,Deaths,age-adjusted rate
1992,A,All,55,64,All Origins,4,54,cvd_stroke,total,3.64063300799388,666,nvss,Deaths,age-adjusted rate
1992,A,All,65,74,All Origins,4,54,cvd_stroke,total,9.17316158716903,666,nvss,Deaths,age-adjusted rate
1992,A,All,75,84,All Origins,4,54,cvd_stroke,total,12.8819978398777,666,nvss,Deaths,age-adjusted rate
1992,A,All,85,150,All Origins,4,54,cvd_stroke,total,12.6291226259652,666,nvss,Deaths,age-adjusted rate
1992,A,All,25,34,All Origins,4,54,ncd_lri,total,22.8006659757881,666,nvss,Deaths,age-adjusted rate
1992,A,All,35,44,All Origins,4,54,ncd_lri,total,70.9448696845548,666,nvss,Deaths,age-adjusted rate
1992,A,All,45,54,All Origins,4,54,ncd_lri,total,187.270454213212,666,nvss,Deaths,age-adjusted rate
1992,A,All,55,64,All Origins,4,54,ncd_lri,total,319.162160367463,666,nvss,Deaths,age-adjusted rate
1992,A,All,65,74,All Origins,4,54,ncd_lri,total,591.668922372403,666,nvss,Deaths,age-adjusted rate
1992,A,All,75,84,All Origins,4,54,ncd_lri,total,828.741861032132,666,nvss,Deaths,age-adjusted rate
1992,A,All,85,150,All Origins,4,54,ncd_lri,total,784.809763184978,666,nvss,Deaths,age-adjusted rate
1992,A,All,35,44,All Origins,4,54,neo_lung,total,2.67716489375678,666,nvss,Deaths,age-adjusted rate
1992,A,All,45,54,All Origins,4,54,neo_lung,total,21.3153362519103,666,nvss,Deaths,age-adjusted rate
1992,A,All,55,64,All Origins,4,54,neo_lung,total,57.0365837919041,666,nvss,Deaths,age-adjusted rate
1992,A,All,65,74,All Origins,4,54,neo_lung,total,82.5584542845213,666,nvss,Deaths,age-adjusted rate
1992,A,All,75,84,All Origins,4,54,neo_lung,total,67.272655386028,666,nvss,Deaths,age-adjusted rate
1992,A,All,85,150,All Origins,4,54,neo_lung,total,10.8249622508273,666,nvss,Deaths,age-adjusted rate
1992,A,All,25,34,All Origins,4,54,resp_copd,total,1.08574599884705,666,nvss,Deaths,age-adjusted rate
1992,A,All,45,54,All Origins,4,54,resp_copd,total,7.61262008996795,666,nvss,Deaths,age-adjusted rate
1992,A,All,55,64,All Origins,4,54,resp_copd,total,16.9896207039714,666,nvss,Deaths,age-adjusted rate
1992,A,All,65,74,All Origins,4,54,resp_copd,total,48.1590983326374,666,nvss,Deaths,age-adjusted rate
1992,A,All,75,84,All Origins,4,54,resp_copd,total,44.3713258929121,666,nvss,Deaths,age-adjusted rate
1992,A,All,85,150,All Origins,4,54,resp_copd,total,39.6915282530334,666,nvss,Deaths,age-adjusted rate
1992,A,All,35,44,All Origins,4,54,t2_dm,total,2.67716489375678,666,nvss,Deaths,age-adjusted rate
1992,A,All,45,54,All Origins,4,54,t2_dm,total,7.61262008996795,666,nvss,Deaths,age-adjusted rate
1992,A,All,55,64,All Origins,4,54,t2_dm,total,10.9218990239816,666,nvss,Deaths,age-adjusted rate
1992,A,All,65,74,All Origins,4,54,t2_dm,total,19.4929683727342,666,nvss,Deaths,age-adjusted rate
1992,A,All,75,84,All Origins,4,54,t2_dm,total,30.0579949597146,666,nvss,Deaths,age-adjusted rate
1992,A,All,85,150,All Origins,4,54,t2_dm,total,19.8457641265167,666,nvss,Deaths,age-adjusted rate
1992,A,All,25,34,All Origins,4,55,all-cause,overall,387.876110375728,666,nvss,Deaths,age-adjusted rate
1992,A,All,35,44,All Origins,4,55,all-cause,overall,664.939146850595,666,nvss,Deaths,age-adjusted rate
1992,A,All,45,54,All Origins,4,55,all-cause,overall,1209.64683515387,666,nvss,Deaths,age-adjusted rate
1992,A,All,55,64,All Origins,4,55,all-cause,overall,1917.68550623484,666,nvss,Deaths,age-adjusted rate
1992,A,All,65,74,All Origins,4,55,all-cause,overall,2967.43914969799,666,nvss,Deaths,age-adjusted rate
1992,A,All,75,84,All Origins,4,55,all-cause,overall,4713.34013375883,666,nvss,Deaths,age-adjusted rate
1992,A,All,85,150,All Origins,4,55,all-cause,overall,4315.30250227685,666,nvss,Deaths,age-adjusted rate
1992,A,All,25,34,All Origins,4,55,cvd_ihd,total,6.98875874550861,666,nvss,Deaths,age-adjusted rate
1992,A,All,35,44,All Origins,4,55,cvd_ihd,total,28.0396025780371,666,nvss,Deaths,age-adjusted rate
1992,A,All,45,54,All Origins,4,55,cvd_ihd,total,34.4383440613201,666,nvss,Deaths,age-adjusted rate
1992,A,All,55,64,All Origins,4,55,cvd_ihd,total,159.80712551957,666,nvss,Deaths,age-adjusted rate
1992,A,All,65,74,All Origins,4,55,cvd_ihd,total,271.544578120241,666,nvss,Deaths,age-adjusted rate
1992,A,All,75,84,All Origins,4,55,cvd_ihd,total,547.5209745098,666,nvss,Deaths,age-adjusted rate
1992,A,All,85,150,All Origins,4,55,cvd_ihd,total,715.269679301651,666,nvss,Deaths,age-adjusted rate
1992,A,All,35,44,All Origins,4,55,cvd_stroke,total,12.0169725334445,666,nvss,Deaths,age-adjusted rate
1992,A,All,45,54,All Origins,4,55,cvd_stroke,total,4.30479300766501,666,nvss,Deaths,age-adjusted rate
1992,A,All,55,64,All Origins,4,55,cvd_stroke,total,31.3906853699156,666,nvss,Deaths,age-adjusted rate
1992,A,All,65,74,All Origins,4,55,cvd_stroke,total,23.8959228745812,666,nvss,Deaths,age-adjusted rate
1992,A,All,75,84,All Origins,4,55,cvd_stroke,total,60.5767886691694,666,nvss,Deaths,age-adjusted rate
1992,A,All,85,150,All Origins,4,55,cvd_stroke,total,47.3688529338842,666,nvss,Deaths,age-adjusted rate
1992,A,All,45,54,All Origins,4,55,lri,total,4.30479300766501,666,nvss,Deaths,age-adjusted rate
1992,A,All,65,74,All Origins,4,55,lri,total,2.17235662496193,666,nvss,Deaths,age-adjusted rate
1992,A,All,25,34,All Origins,4,55,ncd_lri,total,171.224589264961,666,nvss,Deaths,age-adjusted rate
1992,A,All,35,44,All Origins,4,55,ncd_lri,total,476.673243826631,666,nvss,Deaths,age-adjusted rate
1992,A,All,45,54,All Origins,4,55,ncd_lri,total,1050.36949387026,666,nvss,Deaths,age-adjusted rate
1992,A,All,55,64,All Origins,4,55,ncd_lri,total,1789.26906608519,666,nvss,Deaths,age-adjusted rate
1992,A,All,65,74,All Origins,4,55,ncd_lri,total,2826.23596907547,666,nvss,Deaths,age-adjusted rate
1992,A,All,75,84,All Origins,4,55,ncd_lri,total,4310.27150146013,666,nvss,Deaths,age-adjusted rate
1992,A,All,85,150,All Origins,4,55,ncd_lri,total,3763.4553655971,666,nvss,Deaths,age-adjusted rate
1992,A,All,35,44,All Origins,4,55,neo_lung,total,36.0509176003335,666,nvss,Deaths,age-adjusted rate
1992,A,All,45,54,All Origins,4,55,neo_lung,total,137.75337624528,666,nvss,Deaths,age-adjusted rate
1992,A,All,55,64,All Origins,4,55,neo_lung,total,331.02904571911,666,nvss,Deaths,age-adjusted rate
1992,A,All,65,74,All Origins,4,55,neo_lung,total,347.577059993908,666,nvss,Deaths,age-adjusted rate
1992,A,All,75,84,All Origins,4,55,neo_lung,total,286.574807934917,666,nvss,Deaths,age-adjusted rate
1992,A,All,85,150,All Origins,4,55,neo_lung,total,42.6319676404957,666,nvss,Deaths,age-adjusted rate
1992,A,All,35,44,All Origins,4,55,resp_copd,total,4.00565751114816,666,nvss,Deaths,age-adjusted rate
1992,A,All,45,54,All Origins,4,55,resp_copd,total,8.60958601533002,666,nvss,Deaths,age-adjusted rate
1992,A,All,55,64,All Origins,4,55,resp_copd,total,39.9517813798926,666,nvss,Deaths,age-adjusted rate
1992,A,All,65,74,All Origins,4,55,resp_copd,total,152.064963747335,666,nvss,Deaths,age-adjusted rate
1992,A,All,75,84,All Origins,4,55,resp_copd,total,258.616290087608,666,nvss,Deaths,age-adjusted rate
1992,A,All,85,150,All Origins,4,55,resp_copd,total,149.211886741735,666,nvss,Deaths,age-adjusted rate
1992,A,All,25,34,All Origins,4,55,t2_dm,total,10.4831381182629,666,nvss,Deaths,age-adjusted rate
1992,A,All,35,44,All Origins,4,55,t2_dm,total,12.0169725334445,666,nvss,Deaths,age-adjusted rate
1992,A,All,45,54,All Origins,4,55,t2_dm,total,55.9623090996451,666,nvss,Deaths,age-adjusted rate
1992,A,All,55,64,All Origins,4,55,t2_dm,total,42.8054800498849,666,nvss,Deaths,age-adjusted rate
1992,A,All,65,74,All Origins,4,55,t2_dm,total,86.894264998477,666,nvss,Deaths,age-adjusted rate
1992,A,All,75,84,All Origins,4,55,t2_dm,total,121.153577338339,666,nvss,Deaths,age-adjusted rate
1992,A,All,85,150,All Origins,4,55,t2_dm,total,94.7377058677683,666,nvss,Deaths,age-adjusted rate
1992,A,All,25,34,All Origins,5,17,all-cause,overall,139.84005403405,666,nvss,Deaths,age-adjusted rate
1992,A,All,35,44,All Origins,5,17,all-cause,overall,464.814810519043,666,nvss,Deaths,age-adjusted rate
1992,A,All,45,54,All Origins,5,17,all-cause,overall,1128.22774239946,666,nvss,Deaths,age-adjusted rate
1992,A,All,55,64,All Origins,5,17,all-cause,overall,2121.77822787554,666,nvss,Deaths,age-adjusted rate
1992,A,All,65,74,All Origins,5,17,all-cause,overall,3343.91505560122,666,nvss,Deaths,age-adjusted rate
1992,A,All,75,84,All Origins,5,17,all-cause,overall,4892.67036298223,666,nvss,Deaths,age-adjusted rate
1992,A,All,85,150,All Origins,5,17,all-cause,overall,3560.20819417168,666,nvss,Deaths,age-adjusted rate
1992,A,All,35,44,All Origins,5,17,cvd_ihd,total,53.6324781368126,666,nvss,Deaths,age-adjusted rate
1992,A,All,45,54,All Origins,5,17,cvd_ihd,total,69.0751679020076,666,nvss,Deaths,age-adjusted rate
1992,A,All,55,64,All Origins,5,17,cvd_ihd,total,91.4559580980837,666,nvss,Deaths,age-adjusted rate
1992,A,All,65,74,All Origins,5,17,cvd_ihd,total,379.351707988374,666,nvss,Deaths,age-adjusted rate
1992,A,All,75,84,All Origins,5,17,cvd_ihd,total,780.745270688654,666,nvss,Deaths,age-adjusted rate
1992,A,All,85,150,All Origins,5,17,cvd_ihd,total,845.153280515532,666,nvss,Deaths,age-adjusted rate
1992,A,All,55,64,All Origins,5,17,cvd_stroke,total,18.2911916196167,666,nvss,Deaths,age-adjusted rate
1992,A,All,65,74,All Origins,5,17,cvd_stroke,total,14.0500632588287,666,nvss,Deaths,age-adjusted rate
1992,A,All,75,84,All Origins,5,17,cvd_stroke,total,65.0621058907211,666,nvss,Deaths,age-adjusted rate
1992,A,All,85,150,All Origins,5,17,cvd_stroke,total,42.2576640257766,666,nvss,Deaths,age-adjusted rate
1992,A,All,45,54,All Origins,5,17,lri,total,23.0250559673359,666,nvss,Deaths,age-adjusted rate
1992,A,All,25,34,All Origins,5,17,ncd_lri,total,23.3066756723416,666,nvss,Deaths,age-adjusted rate
1992,A,All,35,44,All Origins,5,17,ncd_lri,total,286.039883396334,666,nvss,Deaths,age-adjusted rate
1992,A,All,45,54,All Origins,5,17,ncd_lri,total,1036.12751853011,666,nvss,Deaths,age-adjusted rate
1992,A,All,55,64,All Origins,5,17,ncd_lri,total,1993.73988653823,666,nvss,Deaths,age-adjusted rate
1992,A,All,65,74,All Origins,5,17,ncd_lri,total,3175.31429649528,666,nvss,Deaths,age-adjusted rate
1992,A,All,75,84,All Origins,5,17,ncd_lri,total,4489.28530645976,666,nvss,Deaths,age-adjusted rate
1992,A,All,85,150,All Origins,5,17,ncd_lri,total,3074.24505787525,666,nvss,Deaths,age-adjusted rate
1992,A,All,35,44,All Origins,5,17,neo_lung,total,17.8774927122709,666,nvss,Deaths,age-adjusted rate
1992,A,All,45,54,All Origins,5,17,neo_lung,total,230.250559673359,666,nvss,Deaths,age-adjusted rate
1992,A,All,55,64,All Origins,5,17,neo_lung,total,530.444556968886,666,nvss,Deaths,age-adjusted rate
1992,A,All,65,74,All Origins,5,17,neo_lung,total,337.201518211888,666,nvss,Deaths,age-adjusted rate
1992,A,All,75,84,All Origins,5,17,neo_lung,total,325.310529453606,666,nvss,Deaths,age-adjusted rate
1992,A,All,85,150,All Origins,5,17,neo_lung,total,126.77299207733,666,nvss,Deaths,age-adjusted rate
1992,A,All,55,64,All Origins,5,17,resp_copd,total,73.164766478467,666,nvss,Deaths,age-adjusted rate
1992,A,All,65,74,All Origins,5,17,resp_copd,total,154.550695847115,666,nvss,Deaths,age-adjusted rate
1992,A,All,75,84,All Origins,5,17,resp_copd,total,156.149054137731,666,nvss,Deaths,age-adjusted rate
1992,A,All,85,150,All Origins,5,17,resp_copd,total,63.3864960386649,666,nvss,Deaths,age-adjusted rate
1992,A,All,35,44,All Origins,5,17,t2_dm,total,17.8774927122709,666,nvss,Deaths,age-adjusted rate
1992,A,All,55,64,All Origins,5,17,t2_dm,total,91.4559580980837,666,nvss,Deaths,age-adjusted rate
1992,A,All,65,74,All Origins,5,17,t2_dm,total,84.3003795529719,666,nvss,Deaths,age-adjusted rate
1992,A,All,75,84,All Origins,5,17,t2_dm,total,156.149054137731,666,nvss,Deaths,age-adjusted rate
1992,A,All,85,150,All Origins,5,17,t2_dm,total,73.950912045109,666,nvss,Deaths,age-adjusted rate
1992,A,All,25,34,All Origins,5,36,all-cause,overall,49.2274905793605,666,nvss,Deaths,age-adjusted rate
1992,A,All,35,44,All Origins,5,36,all-cause,overall,64.6510529836288,666,nvss,Deaths,age-adjusted rate
1992,A,All,45,54,All Origins,5,36,all-cause,overall,130.854213438079,666,nvss,Deaths,age-adjusted rate
1992,A,All,55,64,All Origins,5,36,all-cause,overall,298.492506238214,666,nvss,Deaths,age-adjusted rate
1992,A,All,65,74,All Origins,5,36,all-cause,overall,568.762115027133,666,nvss,Deaths,age-adjusted rate
1992,A,All,75,84,All Origins,5,36,all-cause,overall,857.93483838171,666,nvss,Deaths,age-adjusted rate
1992,A,All,85,150,All Origins,5,36,all-cause,overall,774.022718859969,666,nvss,Deaths,age-adjusted rate
1992,A,All,35,44,All Origins,5,36,cvd_ihd,total,2.69379387431787,666,nvss,Deaths,age-adjusted rate
1992,A,All,45,54,All Origins,5,36,cvd_ihd,total,9.12936372823808,666,nvss,Deaths,age-adjusted rate
1992,A,All,55,64,All Origins,5,36,cvd_ihd,total,28.9582282171402,666,nvss,Deaths,age-adjusted rate
1992,A,All,65,74,All Origins,5,36,cvd_ihd,total,53.9343384939523,666,nvss,Deaths,age-adjusted rate
1992,A,All,75,84,All Origins,5,36,cvd_ihd,total,115.244978290081,666,nvss,Deaths,age-adjusted rate
1992,A,All,85,150,All Origins,5,36,cvd_ihd,total,163.938246052036,666,nvss,Deaths,age-adjusted rate
1992,A,All,35,44,All Origins,5,36,cvd_stroke,total,2.69379387431787,666,nvss,Deaths,age-adjusted rate
1992,A,All,45,54,All Origins,5,36,cvd_stroke,total,3.04312124274603,666,nvss,Deaths,age-adjusted rate
1992,A,All,55,64,All Origins,5,36,cvd_stroke,total,1.11377800835155,666,nvss,Deaths,age-adjusted rate
1992,A,All,65,74,All Origins,5,36,cvd_stroke,total,6.86437035377575,666,nvss,Deaths,age-adjusted rate
1992,A,All,75,84,All Origins,5,36,cvd_stroke,total,12.8049975877867,666,nvss,Deaths,age-adjusted rate
1992,A,All,85,150,All Origins,5,36,cvd_stroke,total,14.0518496616031,666,nvss,Deaths,age-adjusted rate
1992,A,All,25,34,All Origins,5,36,ncd_lri,total,22.2695790716155,666,nvss,Deaths,age-adjusted rate
1992,A,All,35,44,All Origins,5,36,ncd_lri,total,47.1413928005627,666,nvss,Deaths,age-adjusted rate
1992,A,All,45,54,All Origins,5,36,ncd_lri,total,117.160167845722,666,nvss,Deaths,age-adjusted rate
1992,A,All,55,64,All Origins,5,36,ncd_lri,total,273.98939005448,666,nvss,Deaths,age-adjusted rate
1992,A,All,65,74,All Origins,5,36,ncd_lri,total,537.382136267016,666,nvss,Deaths,age-adjusted rate
1992,A,All,75,84,All Origins,5,36,ncd_lri,total,798.566213201972,666,nvss,Deaths,age-adjusted rate
1992,A,All,85,150,All Origins,5,36,ncd_lri,total,688.54063341855,666,nvss,Deaths,age-adjusted rate
1992,A,All,35,44,All Origins,5,36,neo_lung,total,1.34689693715893,666,nvss,Deaths,age-adjusted rate
1992,A,All,45,54,All Origins,5,36,neo_lung,total,21.3018486992222,666,nvss,Deaths,age-adjusted rate
1992,A,All,55,64,All Origins,5,36,neo_lung,total,45.6648983424134,666,nvss,Deaths,age-adjusted rate
1992,A,All,65,74,All Origins,5,36,neo_lung,total,60.7987088477281,666,nvss,Deaths,age-adjusted rate
1992,A,All,75,84,All Origins,5,36,neo_lung,total,27.938176555171,666,nvss,Deaths,age-adjusted rate
1992,A,All,85,150,All Origins,5,36,neo_lung,total,11.7098747180026,666,nvss,Deaths,age-adjusted rate
1992,A,All,45,54,All Origins,5,36,resp_copd,total,9.12936372823808,666,nvss,Deaths,age-adjusted rate
1992,A,All,55,64,All Origins,5,36,resp_copd,total,14.4791141085701,666,nvss,Deaths,age-adjusted rate
1992,A,All,65,74,All Origins,5,36,resp_copd,total,42.1668464589082,666,nvss,Deaths,age-adjusted rate
1992,A,All,75,84,All Origins,5,36,resp_copd,total,51.2199903511469,666,nvss,Deaths,age-adjusted rate
1992,A,All,85,150,All Origins,5,36,resp_copd,total,30.4456742668067,666,nvss,Deaths,age-adjusted rate
1992,A,All,35,44,All Origins,5,36,t2_dm,total,2.69379387431787,666,nvss,Deaths,age-adjusted rate
1992,A,All,45,54,All Origins,5,36,t2_dm,total,4.56468186411904,666,nvss,Deaths,age-adjusted rate
1992,A,All,55,64,All Origins,5,36,t2_dm,total,5.56889004175773,666,nvss,Deaths,age-adjusted rate
1992,A,All,65,74,All Origins,5,36,t2_dm,total,15.6899893800589,666,nvss,Deaths,age-adjusted rate
1992,A,All,75,84,All Origins,5,36,t2_dm,total,18.6254510367807,666,nvss,Deaths,age-adjusted rate
1992,A,All,85,150,All Origins,5,36,t2_dm,total,8.19691230260179,666,nvss,Deaths,age-adjusted rate
1992,A,All,25,34,All Origins,5,37,all-cause,overall,63.319711236061,666,nvss,Deaths,age-adjusted rate
1992,A,All,35,44,All Origins,5,37,all-cause,overall,94.262393285368,666,nvss,Deaths,age-adjusted rate
1992,A,All,45,54,All Origins,5,37,all-cause,overall,133.101071265717,666,nvss,Deaths,age-adjusted rate
1992,A,All,55,64,All Origins,5,37,all-cause,overall,170.116954111961,666,nvss,Deaths,age-adjusted rate
1992,A,All,65,74,All Origins,5,37,all-cause,overall,266.489806919165,666,nvss,Deaths,age-adjusted rate
1992,A,All,75,84,All Origins,5,37,all-cause,overall,314.173225680203,666,nvss,Deaths,age-adjusted rate
1992,A,All,85,150,All Origins,5,37,all-cause,overall,217.703478979093,666,nvss,Deaths,age-adjusted rate
1992,A,All,25,34,All Origins,5,37,cvd_ihd,total,1.50761217228717,666,nvss,Deaths,age-adjusted rate
1992,A,All,35,44,All Origins,5,37,cvd_ihd,total,1.683257022953,666,nvss,Deaths,age-adjusted rate
1992,A,All,45,54,All Origins,5,37,cvd_ihd,total,11.7937658083547,666,nvss,Deaths,age-adjusted rate
1992,A,All,55,64,All Origins,5,37,cvd_ihd,total,9.86185241228762,666,nvss,Deaths,age-adjusted rate
1992,A,All,65,74,All Origins,5,37,cvd_ihd,total,15.675870995245,666,nvss,Deaths,age-adjusted rate
1992,A,All,75,84,All Origins,5,37,cvd_ihd,total,56.2893696010364,666,nvss,Deaths,age-adjusted rate
1992,A,All,85,150,All Origins,5,37,cvd_ihd,total,40.637982742764,666,nvss,Deaths,age-adjusted rate
1992,A,All,45,54,All Origins,5,37,cvd_stroke,total,1.68482368690781,666,nvss,Deaths,age-adjusted rate
1992,A,All,65,74,All Origins,5,37,cvd_stroke,total,2.23941014217786,666,nvss,Deaths,age-adjusted rate
1992,A,All,75,84,All Origins,5,37,cvd_stroke,total,1.30905510700085,666,nvss,Deaths,age-adjusted rate
1992,A,All,85,150,All Origins,5,37,cvd_stroke,total,1.45135652652729,666,nvss,Deaths,age-adjusted rate
1992,A,All,25,34,All Origins,5,37,ncd_lri,total,19.5989582397332,666,nvss,Deaths,age-adjusted rate
1992,A,All,35,44,All Origins,5,37,ncd_lri,total,65.647023895167,666,nvss,Deaths,age-adjusted rate
1992,A,All,45,54,All Origins,5,37,ncd_lri,total,109.513539649008,666,nvss,Deaths,age-adjusted rate
1992,A,All,55,64,All Origins,5,37,ncd_lri,total,156.556907045066,666,nvss,Deaths,age-adjusted rate
1992,A,All,65,74,All Origins,5,37,ncd_lri,total,247.454820710653,666,nvss,Deaths,age-adjusted rate
1992,A,All,75,84,All Origins,5,37,ncd_lri,total,287.992123540186,666,nvss,Deaths,age-adjusted rate
1992,A,All,85,150,All Origins,5,37,ncd_lri,total,195.933131081184,666,nvss,Deaths,age-adjusted rate
1992,A,All,35,44,All Origins,5,37,neo_lung,total,3.366514045906,666,nvss,Deaths,age-adjusted rate
1992,A,All,45,54,All Origins,5,37,neo_lung,total,10.1089421214469,666,nvss,Deaths,age-adjusted rate
1992,A,All,55,64,All Origins,5,37,neo_lung,total,22.1891679276471,666,nvss,Deaths,age-adjusted rate
1992,A,All,65,74,All Origins,5,37,neo_lung,total,22.3941014217786,666,nvss,Deaths,age-adjusted rate
1992,A,All,75,84,All Origins,5,37,neo_lung,total,10.4724408560068,666,nvss,Deaths,age-adjusted rate
1992,A,All,85,150,All Origins,5,37,neo_lung,total,1.45135652652729,666,nvss,Deaths,age-adjusted rate
1992,A,All,35,44,All Origins,5,37,resp_copd,total,1.683257022953,666,nvss,Deaths,age-adjusted rate
1992,A,All,45,54,All Origins,5,37,resp_copd,total,1.68482368690781,666,nvss,Deaths,age-adjusted rate
1992,A,All,55,64,All Origins,5,37,resp_copd,total,6.16365775767976,666,nvss,Deaths,age-adjusted rate
1992,A,All,65,74,All Origins,5,37,resp_copd,total,12.3167557819782,666,nvss,Deaths,age-adjusted rate
1992,A,All,75,84,All Origins,5,37,resp_copd,total,13.0905510700085,666,nvss,Deaths,age-adjusted rate
1992,A,All,85,150,All Origins,5,37,resp_copd,total,4.35406957958186,666,nvss,Deaths,age-adjusted rate
1992,A,All,35,44,All Origins,5,37,t2_dm,total,5.049771068859,666,nvss,Deaths,age-adjusted rate
1992,A,All,45,54,All Origins,5,37,t2_dm,total,1.68482368690781,666,nvss,Deaths,age-adjusted rate
1992,A,All,55,64,All Origins,5,37,t2_dm,total,8.62912086075166,666,nvss,Deaths,age-adjusted rate
1992,A,All,65,74,All Origins,5,37,t2_dm,total,10.0773456398004,666,nvss,Deaths,age-adjusted rate
1992,A,All,75,84,All Origins,5,37,t2_dm,total,9.16338574900592,666,nvss,Deaths,age-adjusted rate
1992,A,All,85,150,All Origins,5,37,t2_dm,total,2.90271305305457,666,nvss,Deaths,age-adjusted rate
1992,A,All,25,34,All Origins,5,39,all-cause,overall,70.1318738232379,666,nvss,Deaths,age-adjusted rate
1992,A,All,35,44,All Origins,5,39,all-cause,overall,137.063201053158,666,nvss,Deaths,age-adjusted rate
1992,A,All,45,54,All Origins,5,39,all-cause,overall,234.408439119879,666,nvss,Deaths,age-adjusted rate
1992,A,All,55,64,All Origins,5,39,all-cause,overall,453.592853326301,666,nvss,Deaths,age-adjusted rate
1992,A,All,65,74,All Origins,5,39,all-cause,overall,910.485579524329,666,nvss,Deaths,age-adjusted rate
1992,A,All,75,84,All Origins,5,39,all-cause,overall,1256.42842395617,666,nvss,Deaths,age-adjusted rate
1992,A,All,85,150,All Origins,5,39,all-cause,overall,941.363361299053,666,nvss,Deaths,age-adjusted rate
1992,A,All,35,44,All Origins,5,39,cvd_ihd,total,14.1789518330853,666,nvss,Deaths,age-adjusted rate
1992,A,All,45,54,All Origins,5,39,cvd_ihd,total,19.9496543931812,666,nvss,Deaths,age-adjusted rate
1992,A,All,55,64,All Origins,5,39,cvd_ihd,total,35.8099621047079,666,nvss,Deaths,age-adjusted rate
1992,A,All,65,74,All Origins,5,39,cvd_ihd,total,112.9145502166,666,nvss,Deaths,age-adjusted rate
1992,A,All,75,84,All Origins,5,39,cvd_ihd,total,177.188623891255,666,nvss,Deaths,age-adjusted rate
1992,A,All,85,150,All Origins,5,39,cvd_ihd,total,197.446976204674,666,nvss,Deaths,age-adjusted rate
1992,A,All,35,44,All Origins,5,39,cvd_stroke,total,2.36315863884755,666,nvss,Deaths,age-adjusted rate
1992,A,All,45,54,All Origins,5,39,cvd_stroke,total,4.98741359829529,666,nvss,Deaths,age-adjusted rate
1992,A,All,55,64,All Origins,5,39,cvd_stroke,total,3.97888467830088,666,nvss,Deaths,age-adjusted rate
1992,A,All,65,74,All Origins,5,39,cvd_stroke,total,8.96147223941268,666,nvss,Deaths,age-adjusted rate
1992,A,All,75,84,All Origins,5,39,cvd_stroke,total,10.0675354483668,666,nvss,Deaths,age-adjusted rate
1992,A,All,85,150,All Origins,5,39,cvd_stroke,total,11.9664834063439,666,nvss,Deaths,age-adjusted rate
1992,A,All,25,34,All Origins,5,39,ncd_lri,total,36.0678208233795,666,nvss,Deaths,age-adjusted rate
1992,A,All,35,44,All Origins,5,39,ncd_lri,total,68.531600526579,666,nvss,Deaths,age-adjusted rate
1992,A,All,45,54,All Origins,5,39,ncd_lri,total,201.990250730959,666,nvss,Deaths,age-adjusted rate
1992,A,All,55,64,All Origins,5,39,ncd_lri,total,435.687872273947,666,nvss,Deaths,age-adjusted rate
1992,A,All,65,74,All Origins,5,39,ncd_lri,total,874.639690566678,666,nvss,Deaths,age-adjusted rate
1992,A,All,75,84,All Origins,5,39,ncd_lri,total,1183.94216872793,666,nvss,Deaths,age-adjusted rate
1992,A,All,85,150,All Origins,5,39,ncd_lri,total,855.603563553589,666,nvss,Deaths,age-adjusted rate
1992,A,All,25,34,All Origins,5,39,neo_lung,total,2.00376782352108,666,nvss,Deaths,age-adjusted rate
1992,A,All,45,54,All Origins,5,39,neo_lung,total,22.4433611923288,666,nvss,Deaths,age-adjusted rate
1992,A,All,55,64,All Origins,5,39,neo_lung,total,71.6199242094159,666,nvss,Deaths,age-adjusted rate
1992,A,All,65,74,All Origins,5,39,neo_lung,total,102.160783529305,666,nvss,Deaths,age-adjusted rate
1992,A,All,75,84,All Origins,5,39,neo_lung,total,76.5132694075874,666,nvss,Deaths,age-adjusted rate
1992,A,All,85,150,All Origins,5,39,neo_lung,total,5.98324170317195,666,nvss,Deaths,age-adjusted rate
1992,A,All,45,54,All Origins,5,39,resp_copd,total,2.49370679914764,666,nvss,Deaths,age-adjusted rate
1992,A,All,55,64,All Origins,5,39,resp_copd,total,19.8944233915044,666,nvss,Deaths,age-adjusted rate
1992,A,All,65,74,All Origins,5,39,resp_copd,total,55.5611278843587,666,nvss,Deaths,age-adjusted rate
1992,A,All,75,84,All Origins,5,39,resp_copd,total,74.499762317914,666,nvss,Deaths,age-adjusted rate
1992,A,All,85,150,All Origins,5,39,resp_copd,total,41.8826919222036,666,nvss,Deaths,age-adjusted rate
1992,A,All,25,34,All Origins,5,39,t2_dm,total,2.00376782352108,666,nvss,Deaths,age-adjusted rate
1992,A,All,35,44,All Origins,5,39,t2_dm,total,2.36315863884755,666,nvss,Deaths,age-adjusted rate
1992,A,All,45,54,All Origins,5,39,t2_dm,total,9.97482719659058,666,nvss,Deaths,age-adjusted rate
1992,A,All,55,64,All Origins,5,39,t2_dm,total,11.9366540349026,666,nvss,Deaths,age-adjusted rate
1992,A,All,65,74,All Origins,5,39,t2_dm,total,35.8458889576507,666,nvss,Deaths,age-adjusted rate
1992,A,All,75,84,All Origins,5,39,t2_dm,total,46.3106630624871,666,nvss,Deaths,age-adjusted rate
1992,A,All,85,150,All Origins,5,39,t2_dm,total,19.9441390105732,666,nvss,Deaths,age-adjusted rate
1992,A,All,25,34,All Origins,5,42,all-cause,overall,4.35166302106601,666,nvss,Deaths,age-adjusted rate
1992,A,All,35,44,All Origins,5,42,all-cause,overall,7.83345756711595,666,nvss,Deaths,age-adjusted rate
1992,A,All,45,54,All Origins,5,42,all-cause,overall,21.7214766761243,666,nvss,Deaths,age-adjusted rate
1992,A,All,55,64,All Origins,5,42,all-cause,overall,28.5020481500426,666,nvss,Deaths,age-adjusted rate
1992,A,All,65,74,All Origins,5,42,all-cause,overall,54.2356356317947,666,nvss,Deaths,age-adjusted rate
1992,A,All,75,84,All Origins,5,42,all-cause,overall,95.4694979948575,666,nvss,Deaths,age-adjusted rate
1992,A,All,85,150,All Origins,5,42,all-cause,overall,73.9166362596733,666,nvss,Deaths,age-adjusted rate
1992,A,All,45,54,All Origins,5,42,cvd_ihd,total,1.49803287421547,666,nvss,Deaths,age-adjusted rate
1992,A,All,55,64,All Origins,5,42,cvd_ihd,total,1.69079946652795,666,nvss,Deaths,age-adjusted rate
1992,A,All,65,74,All Origins,5,42,cvd_ihd,total,3.55336923104862,666,nvss,Deaths,age-adjusted rate
1992,A,All,75,84,All Origins,5,42,cvd_ihd,total,10.0611883132754,666,nvss,Deaths,age-adjusted rate
1992,A,All,85,150,All Origins,5,42,cvd_ihd,total,13.0755060531552,666,nvss,Deaths,age-adjusted rate
1992,A,All,35,44,All Origins,5,42,cvd_stroke,total,0.326394065296498,666,nvss,Deaths,age-adjusted rate
1992,A,All,55,64,All Origins,5,42,cvd_stroke,total,0.241542780932564,666,nvss,Deaths,age-adjusted rate
1992,A,All,65,74,All Origins,5,42,cvd_stroke,total,0.748077732852341,666,nvss,Deaths,age-adjusted rate
1992,A,All,75,84,All Origins,5,42,cvd_stroke,total,2.23581962517231,666,nvss,Deaths,age-adjusted rate
1992,A,All,85,150,All Origins,5,42,cvd_stroke,total,1.86792943616503,666,nvss,Deaths,age-adjusted rate
1992,A,All,25,34,All Origins,5,42,ncd_lri,total,2.55980177709765,666,nvss,Deaths,age-adjusted rate
1992,A,All,35,44,All Origins,5,42,ncd_lri,total,6.20148724063346,666,nvss,Deaths,age-adjusted rate
1992,A,All,45,54,All Origins,5,42,ncd_lri,total,18.7254109276934,666,nvss,Deaths,age-adjusted rate
1992,A,All,55,64,All Origins,5,42,ncd_lri,total,26.5697059025821,666,nvss,Deaths,age-adjusted rate
1992,A,All,65,74,All Origins,5,42,ncd_lri,total,51.8043830000246,666,nvss,Deaths,age-adjusted rate
1992,A,All,75,84,All Origins,5,42,ncd_lri,total,90.103530894444,666,nvss,Deaths,age-adjusted rate
1992,A,All,85,150,All Origins,5,42,ncd_lri,total,66.1780714527039,666,nvss,Deaths,age-adjusted rate
1992,A,All,35,44,All Origins,5,42,neo_lung,total,0.652788130592996,666,nvss,Deaths,age-adjusted rate
1992,A,All,45,54,All Origins,5,42,neo_lung,total,0.749016437107735,666,nvss,Deaths,age-adjusted rate
1992,A,All,55,64,All Origins,5,42,neo_lung,total,3.14005615212334,666,nvss,Deaths,age-adjusted rate
1992,A,All,65,74,All Origins,5,42,neo_lung,total,7.10673846209724,666,nvss,Deaths,age-adjusted rate
1992,A,All,75,84,All Origins,5,42,neo_lung,total,2.45940158768954,666,nvss,Deaths,age-adjusted rate
1992,A,All,85,150,All Origins,5,42,neo_lung,total,1.06738824923716,666,nvss,Deaths,age-adjusted rate
1992,A,All,55,64,All Origins,5,42,resp_copd,total,0.483085561865129,666,nvss,Deaths,age-adjusted rate
1992,A,All,65,74,All Origins,5,42,resp_copd,total,1.87019433213085,666,nvss,Deaths,age-adjusted rate
1992,A,All,75,84,All Origins,5,42,resp_copd,total,5.14238513789631,666,nvss,Deaths,age-adjusted rate
1992,A,All,85,150,All Origins,5,42,resp_copd,total,1.33423531154645,666,nvss,Deaths,age-adjusted rate
1992,A,All,35,44,All Origins,5,42,t2_dm,total,0.326394065296498,666,nvss,Deaths,age-adjusted rate
1992,A,All,45,54,All Origins,5,42,t2_dm,total,1.1235246556616,666,nvss,Deaths,age-adjusted rate
1992,A,All,55,64,All Origins,5,42,t2_dm,total,0.483085561865129,666,nvss,Deaths,age-adjusted rate
1992,A,All,65,74,All Origins,5,42,t2_dm,total,1.87019433213085,666,nvss,Deaths,age-adjusted rate
1992,A,All,75,84,All Origins,5,42,t2_dm,total,3.80089336279292,666,nvss,Deaths,age-adjusted rate
1992,A,All,85,150,All Origins,5,42,t2_dm,total,2.40162356078361,666,nvss,Deaths,age-adjusted rate
1992,A,All,25,34,All Origins,666,1,all-cause,overall,22.2005336661699,666,nvss,Deaths,age-adjusted rate
1992,A,All,35,44,All Origins,666,1,all-cause,overall,42.8493496238344,666,nvss,Deaths,age-adjusted rate
1992,A,All,45,54,All Origins,666,1,all-cause,overall,75.2574442577369,666,nvss,Deaths,age-adjusted rate
1992,A,All,55,64,All Origins,666,1,all-cause,overall,117.326615735903,666,nvss,Deaths,age-adjusted rate
1992,A,All,65,74,All Origins,666,1,all-cause,overall,186.071951407689,666,nvss,Deaths,age-adjusted rate
1992,A,All,75,84,All Origins,666,1,all-cause,overall,273.967986141559,666,nvss,Deaths,age-adjusted rate
1992,A,All,85,150,All Origins,666,1,all-cause,overall,231.735792899473,666,nvss,Deaths,age-adjusted rate
1992,A,All,25,34,All Origins,666,1,cvd_ihd,total,0.254204583963777,666,nvss,Deaths,age-adjusted rate
1992,A,All,35,44,All Origins,666,1,cvd_ihd,total,0.780498171654543,666,nvss,Deaths,age-adjusted rate
1992,A,All,45,54,All Origins,666,1,cvd_ihd,total,2.18823217095188,666,nvss,Deaths,age-adjusted rate
1992,A,All,55,64,All Origins,666,1,cvd_ihd,total,6.03312906082985,666,nvss,Deaths,age-adjusted rate
1992,A,All,65,74,All Origins,666,1,cvd_ihd,total,11.4835424242396,666,nvss,Deaths,age-adjusted rate
1992,A,All,75,84,All Origins,666,1,cvd_ihd,total,20.8131108340133,666,nvss,Deaths,age-adjusted rate
1992,A,All,85,150,All Origins,666,1,cvd_ihd,total,20.022207027241,666,nvss,Deaths,age-adjusted rate
1992,A,All,25,34,All Origins,666,1,cvd_stroke,total,0.148286007312203,666,nvss,Deaths,age-adjusted rate
1992,A,All,35,44,All Origins,666,1,cvd_stroke,total,0.702448354489089,666,nvss,Deaths,age-adjusted rate
1992,A,All,45,54,All Origins,666,1,cvd_stroke,total,1.06454538046308,666,nvss,Deaths,age-adjusted rate
1992,A,All,55,64,All Origins,666,1,cvd_stroke,total,1.13564782321503,666,nvss,Deaths,age-adjusted rate
1992,A,All,65,74,All Origins,666,1,cvd_stroke,total,1.90678223089054,666,nvss,Deaths,age-adjusted rate
1992,A,All,75,84,All Origins,666,1,cvd_stroke,total,2.91937225724975,666,nvss,Deaths,age-adjusted rate
1992,A,All,85,150,All Origins,666,1,cvd_stroke,total,3.3126052621936,666,nvss,Deaths,age-adjusted rate
1992,A,All,35,44,All Origins,666,1,lri,total,0.0260166057218181,666,nvss,Deaths,age-adjusted rate
1992,A,All,45,54,All Origins,666,1,lri,total,0.0591414100257264,666,nvss,Deaths,age-adjusted rate
1992,A,All,55,64,All Origins,666,1,lri,total,0.0709779889509394,666,nvss,Deaths,age-adjusted rate
1992,A,All,65,74,All Origins,666,1,lri,total,0.0642735583446249,666,nvss,Deaths,age-adjusted rate
1992,A,All,75,84,All Origins,666,1,lri,total,0.0755010066530108,666,nvss,Deaths,age-adjusted rate
1992,A,All,85,150,All Origins,666,1,lri,total,0.175890544895235,666,nvss,Deaths,age-adjusted rate
1992,A,All,25,34,All Origins,666,1,ncd_lri,total,9.13018130736566,666,nvss,Deaths,age-adjusted rate
1992,A,All,35,44,All Origins,666,1,ncd_lri,total,27.4995522479617,666,nvss,Deaths,age-adjusted rate
1992,A,All,45,54,All Origins,666,1,ncd_lri,total,62.6011825122314,666,nvss,Deaths,age-adjusted rate
1992,A,All,55,64,All Origins,666,1,ncd_lri,total,105.402313592145,666,nvss,Deaths,age-adjusted rate
1992,A,All,65,74,All Origins,666,1,ncd_lri,total,170.260656054911,666,nvss,Deaths,age-adjusted rate
1992,A,All,75,84,All Origins,666,1,ncd_lri,total,247.240629786393,666,nvss,Deaths,age-adjusted rate
1992,A,All,85,150,All Origins,666,1,ncd_lri,total,202.596592628495,666,nvss,Deaths,age-adjusted rate
1992,A,All,25,34,All Origins,666,1,neo_lung,total,0.0847348613212591,666,nvss,Deaths,age-adjusted rate
1992,A,All,35,44,All Origins,666,1,neo_lung,total,1.17074725748181,666,nvss,Deaths,age-adjusted rate
1992,A,All,45,54,All Origins,666,1,neo_lung,total,7.98409035347307,666,nvss,Deaths,age-adjusted rate
1992,A,All,55,64,All Origins,666,1,neo_lung,total,16.0646848325626,666,nvss,Deaths,age-adjusted rate
1992,A,All,65,74,All Origins,666,1,neo_lung,total,21.3388213704155,666,nvss,Deaths,age-adjusted rate
1992,A,All,75,84,All Origins,666,1,neo_lung,total,16.8618914858391,666,nvss,Deaths,age-adjusted rate
1992,A,All,85,150,All Origins,666,1,neo_lung,total,3.60575617035233,666,nvss,Deaths,age-adjusted rate
1992,A,All,25,34,All Origins,666,1,resp_copd,total,0.105918576651574,666,nvss,Deaths,age-adjusted rate
1992,A,All,35,44,All Origins,666,1,resp_copd,total,0.286182662939999,666,nvss,Deaths,age-adjusted rate
1992,A,All,45,54,All Origins,666,1,resp_copd,total,1.30111102056598,666,nvss,Deaths,age-adjusted rate
1992,A,All,55,64,All Origins,666,1,resp_copd,total,4.75552525971294,666,nvss,Deaths,age-adjusted rate
1992,A,All,65,74,All Origins,666,1,resp_copd,total,10.2409202962436,666,nvss,Deaths,age-adjusted rate
1992,A,All,75,84,All Origins,666,1,resp_copd,total,13.3888451798006,666,nvss,Deaths,age-adjusted rate
1992,A,All,85,150,All Origins,666,1,resp_copd,total,5.15945598359357,666,nvss,Deaths,age-adjusted rate
1992,A,All,25,34,All Origins,666,1,t2_dm,total,0.127102291981889,666,nvss,Deaths,age-adjusted rate
1992,A,All,35,44,All Origins,666,1,t2_dm,total,0.494315508714544,666,nvss,Deaths,age-adjusted rate
1992,A,All,45,54,All Origins,666,1,t2_dm,total,1.15325749550167,666,nvss,Deaths,age-adjusted rate
1992,A,All,55,64,All Origins,666,1,t2_dm,total,3.02839419524008,666,nvss,Deaths,age-adjusted rate
1992,A,All,65,74,All Origins,666,1,t2_dm,total,5.37755438150028,666,nvss,Deaths,age-adjusted rate
1992,A,All,75,84,All Origins,666,1,t2_dm,total,6.71958959211796,666,nvss,Deaths,age-adjusted rate
1992,A,All,85,150,All Origins,666,1,t2_dm,total,4.01616744177454,666,nvss,Deaths,age-adjusted rate
1992,A,All,25,34,All Origins,666,2,all-cause,overall,21.7150236436774,666,nvss,Deaths,age-adjusted rate
1992,A,All,35,44,All Origins,666,2,all-cause,overall,28.8242337137837,666,nvss,Deaths,age-adjusted rate
1992,A,All,45,54,All Origins,666,2,all-cause,overall,49.3751977622633,666,nvss,Deaths,age-adjusted rate
1992,A,All,55,64,All Origins,666,2,all-cause,overall,95.6086832140039,666,nvss,Deaths,age-adjusted rate
1992,A,All,65,74,All Origins,666,2,all-cause,overall,181.285361857844,666,nvss,Deaths,age-adjusted rate
1992,A,All,75,84,All Origins,666,2,all-cause,overall,255.507171978386,666,nvss,Deaths,age-adjusted rate
1992,A,All,85,150,All Origins,666,2,all-cause,overall,221.246982086336,666,nvss,Deaths,age-adjusted rate
1992,A,All,25,34,All Origins,666,2,cvd_ihd,total,0.239945012637319,666,nvss,Deaths,age-adjusted rate
1992,A,All,35,44,All Origins,666,2,cvd_ihd,total,0.281212036232036,666,nvss,Deaths,age-adjusted rate
1992,A,All,45,54,All Origins,666,2,cvd_ihd,total,4.68213082228358,666,nvss,Deaths,age-adjusted rate
1992,A,All,55,64,All Origins,666,2,cvd_ihd,total,10.2341689074145,666,nvss,Deaths,age-adjusted rate
1992,A,All,65,74,All Origins,666,2,cvd_ihd,total,22.1825970205801,666,nvss,Deaths,age-adjusted rate
1992,A,All,75,84,All Origins,666,2,cvd_ihd,total,26.1153739314925,666,nvss,Deaths,age-adjusted rate
1992,A,All,85,150,All Origins,666,2,cvd_ihd,total,23.4011231052856,666,nvss,Deaths,age-adjusted rate
1992,A,All,25,34,All Origins,666,2,cvd_stroke,total,0.239945012637319,666,nvss,Deaths,age-adjusted rate
1992,A,All,35,44,All Origins,666,2,cvd_stroke,total,0.140606018116018,666,nvss,Deaths,age-adjusted rate
1992,A,All,45,54,All Origins,666,2,cvd_stroke,total,0.425648256571235,666,nvss,Deaths,age-adjusted rate
1992,A,All,55,64,All Origins,666,2,cvd_stroke,total,0.807960703216935,666,nvss,Deaths,age-adjusted rate
1992,A,All,65,74,All Origins,666,2,cvd_stroke,total,4.20704426252381,666,nvss,Deaths,age-adjusted rate
1992,A,All,75,84,All Origins,666,2,cvd_stroke,total,4.23492550240419,666,nvss,Deaths,age-adjusted rate
1992,A,All,85,150,All Origins,666,2,cvd_stroke,total,4.25474965550647,666,nvss,Deaths,age-adjusted rate
1992,A,All,75,84,All Origins,666,2,lri,total,0.705820917067364,666,nvss,Deaths,age-adjusted rate
1992,A,All,85,150,All Origins,666,2,lri,total,1.06368741387662,666,nvss,Deaths,age-adjusted rate
1992,A,All,25,34,All Origins,666,2,ncd_lri,total,5.75868030329566,666,nvss,Deaths,age-adjusted rate
1992,A,All,35,44,All Origins,666,2,ncd_lri,total,13.2169657029057,666,nvss,Deaths,age-adjusted rate
1992,A,All,45,54,All Origins,666,2,ncd_lri,total,34.0518605256988,666,nvss,Deaths,age-adjusted rate
1992,A,All,55,64,All Origins,666,2,ncd_lri,total,86.1824750098064,666,nvss,Deaths,age-adjusted rate
1992,A,All,65,74,All Origins,666,2,ncd_lri,total,170.194063347554,666,nvss,Deaths,age-adjusted rate
1992,A,All,75,84,All Origins,666,2,ncd_lri,total,234.332544466365,666,nvss,Deaths,age-adjusted rate
1992,A,All,85,150,All Origins,666,2,ncd_lri,total,186.145297428408,666,nvss,Deaths,age-adjusted rate
1992,A,All,35,44,All Origins,666,2,neo_lung,total,0.562424072464073,666,nvss,Deaths,age-adjusted rate
1992,A,All,45,54,All Origins,666,2,neo_lung,total,2.34106541114179,666,nvss,Deaths,age-adjusted rate
1992,A,All,55,64,All Origins,666,2,neo_lung,total,14.5432926579048,666,nvss,Deaths,age-adjusted rate
1992,A,All,65,74,All Origins,666,2,neo_lung,total,17.5930941887359,666,nvss,Deaths,age-adjusted rate
1992,A,All,75,84,All Origins,666,2,neo_lung,total,19.0571647608188,666,nvss,Deaths,age-adjusted rate
1992,A,All,85,150,All Origins,666,2,neo_lung,total,7.44581189713632,666,nvss,Deaths,age-adjusted rate
1992,A,All,25,34,All Origins,666,2,resp_copd,total,0.11997250631866,666,nvss,Deaths,age-adjusted rate
1992,A,All,35,44,All Origins,666,2,resp_copd,total,0.140606018116018,666,nvss,Deaths,age-adjusted rate
1992,A,All,45,54,All Origins,666,2,resp_copd,total,0.212824128285618,666,nvss,Deaths,age-adjusted rate
1992,A,All,55,64,All Origins,666,2,resp_copd,total,2.96252257846209,666,nvss,Deaths,age-adjusted rate
1992,A,All,65,74,All Origins,666,2,resp_copd,total,16.4457184807749,666,nvss,Deaths,age-adjusted rate
1992,A,All,75,84,All Origins,666,2,resp_copd,total,16.2338810925494,666,nvss,Deaths,age-adjusted rate
1992,A,All,85,150,All Origins,666,2,resp_copd,total,8.50949931101293,666,nvss,Deaths,age-adjusted rate
1992,A,All,25,34,All Origins,666,2,t2_dm,total,0.359917518955979,666,nvss,Deaths,age-adjusted rate
1992,A,All,35,44,All Origins,666,2,t2_dm,total,0.562424072464073,666,nvss,Deaths,age-adjusted rate
1992,A,All,45,54,All Origins,666,2,t2_dm,total,0.212824128285618,666,nvss,Deaths,age-adjusted rate
1992,A,All,55,64,All Origins,666,2,t2_dm,total,3.50116304727338,666,nvss,Deaths,age-adjusted rate
1992,A,All,65,74,All Origins,666,2,t2_dm,total,3.82458569320347,666,nvss,Deaths,age-adjusted rate
1992,A,All,75,84,All Origins,666,2,t2_dm,total,7.05820917067364,666,nvss,Deaths,age-adjusted rate
1992,A,All,85,150,All Origins,666,2,t2_dm,total,5.31843706938308,666,nvss,Deaths,age-adjusted rate
1992,A,All,25,34,All Origins,666,4,all-cause,overall,18.846674809976,666,nvss,Deaths,age-adjusted rate
1992,A,All,35,44,All Origins,666,4,all-cause,overall,37.6195808523706,666,nvss,Deaths,age-adjusted rate
1992,A,All,45,54,All Origins,666,4,all-cause,overall,59.4657942953808,666,nvss,Deaths,age-adjusted rate
1992,A,All,55,64,All Origins,666,4,all-cause,overall,95.7113459923287,666,nvss,Deaths,age-adjusted rate
1992,A,All,65,74,All Origins,666,4,all-cause,overall,151.424284646262,666,nvss,Deaths,age-adjusted rate
1992,A,All,75,84,All Origins,666,4,all-cause,overall,235.603280195994,666,nvss,Deaths,age-adjusted rate
1992,A,All,85,150,All Origins,666,4,all-cause,overall,215.593800773,666,nvss,Deaths,age-adjusted rate
1992,A,All,25,34,All Origins,666,4,cvd_ihd,total,0.14371102796278,666,nvss,Deaths,age-adjusted rate
1992,A,All,35,44,All Origins,666,4,cvd_ihd,total,1.55219575910006,666,nvss,Deaths,age-adjusted rate
1992,A,All,45,54,All Origins,666,4,cvd_ihd,total,4.47888369548059,666,nvss,Deaths,age-adjusted rate
1992,A,All,55,64,All Origins,666,4,cvd_ihd,total,8.21835399343985,666,nvss,Deaths,age-adjusted rate
1992,A,All,65,74,All Origins,666,4,cvd_ihd,total,15.4514576169655,666,nvss,Deaths,age-adjusted rate
1992,A,All,75,84,All Origins,666,4,cvd_ihd,total,28.2839919053817,666,nvss,Deaths,age-adjusted rate
1992,A,All,85,150,All Origins,666,4,cvd_ihd,total,35.1633209431968,666,nvss,Deaths,age-adjusted rate
1992,A,All,25,34,All Origins,666,4,cvd_stroke,total,0.307952202777385,666,nvss,Deaths,age-adjusted rate
1992,A,All,35,44,All Origins,666,4,cvd_stroke,total,0.366882633969106,666,nvss,Deaths,age-adjusted rate
1992,A,All,45,54,All Origins,666,4,cvd_stroke,total,0.861323787592421,666,nvss,Deaths,age-adjusted rate
1992,A,All,55,64,All Origins,666,4,cvd_stroke,total,0.96022005421634,666,nvss,Deaths,age-adjusted rate
1992,A,All,65,74,All Origins,666,4,cvd_stroke,total,1.12181815575229,666,nvss,Deaths,age-adjusted rate
1992,A,All,75,84,All Origins,666,4,cvd_stroke,total,2.16149798344948,666,nvss,Deaths,age-adjusted rate
1992,A,All,85,150,All Origins,666,4,cvd_stroke,total,2.09721596082685,666,nvss,Deaths,age-adjusted rate
1992,A,All,35,44,All Origins,666,4,lri,total,0.0282217410745466,666,nvss,Deaths,age-adjusted rate
1992,A,All,45,54,All Origins,666,4,lri,total,0.0344529515036969,666,nvss,Deaths,age-adjusted rate
1992,A,All,55,64,All Origins,666,4,lri,total,0.112967065201922,666,nvss,Deaths,age-adjusted rate
1992,A,All,65,74,All Origins,666,4,lri,total,0.021166380297213,666,nvss,Deaths,age-adjusted rate
1992,A,All,75,84,All Origins,666,4,lri,total,0.105438926021926,666,nvss,Deaths,age-adjusted rate
1992,A,All,85,150,All Origins,666,4,lri,total,0.0349535993471141,666,nvss,Deaths,age-adjusted rate
1992,A,All,25,34,All Origins,666,4,ncd_lri,total,7.71933521628646,666,nvss,Deaths,age-adjusted rate
1992,A,All,35,44,All Origins,666,4,ncd_lri,total,22.9442754936064,666,nvss,Deaths,age-adjusted rate
1992,A,All,45,54,All Origins,666,4,ncd_lri,total,49.4744383593087,666,nvss,Deaths,age-adjusted rate
1992,A,All,55,64,All Origins,666,4,ncd_lri,total,86.3350795805692,666,nvss,Deaths,age-adjusted rate
1992,A,All,65,74,All Origins,666,4,ncd_lri,total,140.735262596169,666,nvss,Deaths,age-adjusted rate
1992,A,All,75,84,All Origins,666,4,ncd_lri,total,215.253567473762,666,nvss,Deaths,age-adjusted rate
1992,A,All,85,150,All Origins,666,4,ncd_lri,total,188.994111669846,666,nvss,Deaths,age-adjusted rate
1992,A,All,25,34,All Origins,666,4,neo_lung,total,0.0615904405554771,666,nvss,Deaths,age-adjusted rate
1992,A,All,35,44,All Origins,666,4,neo_lung,total,0.818430491161851,666,nvss,Deaths,age-adjusted rate
1992,A,All,45,54,All Origins,666,4,neo_lung,total,5.20239567705822,666,nvss,Deaths,age-adjusted rate
1992,A,All,55,64,All Origins,666,4,neo_lung,total,11.692091248399,666,nvss,Deaths,age-adjusted rate
1992,A,All,65,74,All Origins,666,4,neo_lung,total,18.2454198161976,666,nvss,Deaths,age-adjusted rate
1992,A,All,75,84,All Origins,666,4,neo_lung,total,15.3940831992012,666,nvss,Deaths,age-adjusted rate
1992,A,All,85,150,All Origins,666,4,neo_lung,total,4.40415351773638,666,nvss,Deaths,age-adjusted rate
1992,A,All,25,34,All Origins,666,4,resp_copd,total,0.0615904405554771,666,nvss,Deaths,age-adjusted rate
1992,A,All,35,44,All Origins,666,4,resp_copd,total,0.253995669670919,666,nvss,Deaths,age-adjusted rate
1992,A,All,45,54,All Origins,666,4,resp_copd,total,1.65374167217745,666,nvss,Deaths,age-adjusted rate
1992,A,All,55,64,All Origins,666,4,resp_copd,total,4.97055086888458,666,nvss,Deaths,age-adjusted rate
1992,A,All,65,74,All Origins,666,4,resp_copd,total,12.0013376285198,666,nvss,Deaths,age-adjusted rate
1992,A,All,75,84,All Origins,666,4,resp_copd,total,16.6857100429698,666,nvss,Deaths,age-adjusted rate
1992,A,All,85,150,All Origins,666,4,resp_copd,total,8.98307503220833,666,nvss,Deaths,age-adjusted rate
1992,A,All,25,34,All Origins,666,4,t2_dm,total,0.164241174814606,666,nvss,Deaths,age-adjusted rate
1992,A,All,35,44,All Origins,666,4,t2_dm,total,0.846652232236398,666,nvss,Deaths,age-adjusted rate
1992,A,All,45,54,All Origins,666,4,t2_dm,total,1.75710052668854,666,nvss,Deaths,age-adjusted rate
1992,A,All,55,64,All Origins,666,4,t2_dm,total,3.36077018975719,666,nvss,Deaths,age-adjusted rate
1992,A,All,65,74,All Origins,666,4,t2_dm,total,3.59828465052621,666,nvss,Deaths,age-adjusted rate
1992,A,All,75,84,All Origins,666,4,t2_dm,total,5.19286710657986,666,nvss,Deaths,age-adjusted rate
1992,A,All,85,150,All Origins,666,4,t2_dm,total,2.83124154711625,666,nvss,Deaths,age-adjusted rate
1992,A,All,25,34,All Origins,666,5,all-cause,overall,20.0589875172301,666,nvss,Deaths,age-adjusted rate
1992,A,All,35,44,All Origins,666,5,all-cause,overall,40.583503281952,666,nvss,Deaths,age-adjusted rate
1992,A,All,45,54,All Origins,666,5,all-cause,overall,69.0896288660403,666,nvss,Deaths,age-adjusted rate
1992,A,All,55,64,All Origins,666,5,all-cause,overall,112.304469366947,666,nvss,Deaths,age-adjusted rate
1992,A,All,65,74,All Origins,666,5,all-cause,overall,186.356505231868,666,nvss,Deaths,age-adjusted rate
1992,A,All,75,84,All Origins,666,5,all-cause,overall,261.76542066284,666,nvss,Deaths,age-adjusted rate
1992,A,All,85,150,All Origins,666,5,all-cause,overall,234.302023295498,666,nvss,Deaths,age-adjusted rate
1992,A,All,25,34,All Origins,666,5,cvd_ihd,total,0.115281537455345,666,nvss,Deaths,age-adjusted rate
1992,A,All,35,44,All Origins,666,5,cvd_ihd,total,0.894531974892213,666,nvss,Deaths,age-adjusted rate
1992,A,All,45,54,All Origins,666,5,cvd_ihd,total,2.25014335315009,666,nvss,Deaths,age-adjusted rate
1992,A,All,55,64,All Origins,666,5,cvd_ihd,total,5.87639665292167,666,nvss,Deaths,age-adjusted rate
1992,A,All,65,74,All Origins,666,5,cvd_ihd,total,13.3372467693094,666,nvss,Deaths,age-adjusted rate
1992,A,All,75,84,All Origins,666,5,cvd_ihd,total,24.2450333403811,666,nvss,Deaths,age-adjusted rate
1992,A,All,85,150,All Origins,666,5,cvd_ihd,total,29.3997325024939,666,nvss,Deaths,age-adjusted rate
1992,A,All,25,34,All Origins,666,5,cvd_stroke,total,0.230563074910691,666,nvss,Deaths,age-adjusted rate
1992,A,All,35,44,All Origins,666,5,cvd_stroke,total,0.517886932832334,666,nvss,Deaths,age-adjusted rate
1992,A,All,45,54,All Origins,666,5,cvd_stroke,total,1.12507167657505,666,nvss,Deaths,age-adjusted rate
1992,A,All,55,64,All Origins,666,5,cvd_stroke,total,0.897782821974144,666,nvss,Deaths,age-adjusted rate
1992,A,All,65,74,All Origins,666,5,cvd_stroke,total,2.12334276924329,666,nvss,Deaths,age-adjusted rate
1992,A,All,75,84,All Origins,666,5,cvd_stroke,total,3.60548295501874,666,nvss,Deaths,age-adjusted rate
1992,A,All,85,150,All Origins,666,5,cvd_stroke,total,3.29830794003048,666,nvss,Deaths,age-adjusted rate
1992,A,All,45,54,All Origins,666,5,lri,total,0.0511396216625021,666,nvss,Deaths,age-adjusted rate
1992,A,All,55,64,All Origins,666,5,lri,total,0.0408083100897338,666,nvss,Deaths,age-adjusted rate
1992,A,All,65,74,All Origins,666,5,lri,total,0.0995316923082794,666,nvss,Deaths,age-adjusted rate
1992,A,All,75,84,All Origins,666,5,lri,total,0.0367906423981504,666,nvss,Deaths,age-adjusted rate
1992,A,All,85,150,All Origins,666,5,lri,total,0.203599255557437,666,nvss,Deaths,age-adjusted rate
1992,A,All,25,34,All Origins,666,5,ncd_lri,total,6.99374660562428,666,nvss,Deaths,age-adjusted rate
1992,A,All,35,44,All Origins,666,5,ncd_lri,total,25.7060241205868,666,nvss,Deaths,age-adjusted rate
1992,A,All,45,54,All Origins,666,5,ncd_lri,total,58.0946102086024,666,nvss,Deaths,age-adjusted rate
1992,A,All,55,64,All Origins,666,5,ncd_lri,total,101.694308743617,666,nvss,Deaths,age-adjusted rate
1992,A,All,65,74,All Origins,666,5,ncd_lri,total,172.123473231785,666,nvss,Deaths,age-adjusted rate
1992,A,All,75,84,All Origins,666,5,ncd_lri,total,237.373224752866,666,nvss,Deaths,age-adjusted rate
1992,A,All,85,150,All Origins,666,5,ncd_lri,total,204.128613621886,666,nvss,Deaths,age-adjusted rate
1992,A,All,25,34,All Origins,666,5,neo_lung,total,0.115281537455345,666,nvss,Deaths,age-adjusted rate
1992,A,All,35,44,All Origins,666,5,neo_lung,total,1.69490268926946,666,nvss,Deaths,age-adjusted rate
1992,A,All,45,54,All Origins,666,5,neo_lung,total,8.54031681763784,666,nvss,Deaths,age-adjusted rate
1992,A,All,55,64,All Origins,666,5,neo_lung,total,18.6085894009186,666,nvss,Deaths,age-adjusted rate
1992,A,All,65,74,All Origins,666,5,neo_lung,total,25.5464676924584,666,nvss,Deaths,age-adjusted rate
1992,A,All,75,84,All Origins,666,5,neo_lung,total,17.4387644967233,666,nvss,Deaths,age-adjusted rate
1992,A,All,85,150,All Origins,666,5,neo_lung,total,4.39774392004063,666,nvss,Deaths,age-adjusted rate
1992,A,All,25,34,All Origins,666,5,resp_copd,total,0.0768543583035636,666,nvss,Deaths,age-adjusted rate
1992,A,All,35,44,All Origins,666,5,resp_copd,total,0.470806302574849,666,nvss,Deaths,age-adjusted rate
1992,A,All,45,54,All Origins,666,5,resp_copd,total,1.07393205491254,666,nvss,Deaths,age-adjusted rate
1992,A,All,55,64,All Origins,666,5,resp_copd,total,4.20325593924258,666,nvss,Deaths,age-adjusted rate
1992,A,All,65,74,All Origins,666,5,resp_copd,total,10.583536615447,666,nvss,Deaths,age-adjusted rate
1992,A,All,75,84,All Origins,666,5,resp_copd,total,12.1409119913896,666,nvss,Deaths,age-adjusted rate
1992,A,All,85,150,All Origins,666,5,resp_copd,total,6.18941736894608,666,nvss,Deaths,age-adjusted rate
1992,A,All,25,34,All Origins,666,5,t2_dm,total,0.268990254062472,666,nvss,Deaths,age-adjusted rate
1992,A,All,35,44,All Origins,666,5,t2_dm,total,0.800370714377243,666,nvss,Deaths,age-adjusted rate
1992,A,All,45,54,All Origins,666,5,t2_dm,total,2.30128297481259,666,nvss,Deaths,age-adjusted rate
1992,A,All,55,64,All Origins,666,5,t2_dm,total,2.8973900163711,666,nvss,Deaths,age-adjusted rate
1992,A,All,65,74,All Origins,666,5,t2_dm,total,4.21350830771716,666,nvss,Deaths,age-adjusted rate
1992,A,All,75,84,All Origins,666,5,t2_dm,total,5.66575892931516,666,nvss,Deaths,age-adjusted rate
1992,A,All,85,150,All Origins,666,5,t2_dm,total,3.66478660003386,666,nvss,Deaths,age-adjusted rate
1992,A,All,25,34,All Origins,666,6,all-cause,overall,18.4114126687806,666,nvss,Deaths,age-adjusted rate
1992,A,All,35,44,All Origins,666,6,all-cause,overall,39.5033625888656,666,nvss,Deaths,age-adjusted rate
1992,A,All,45,54,All Origins,666,6,all-cause,overall,58.7701589984679,666,nvss,Deaths,age-adjusted rate
1992,A,All,55,64,All Origins,666,6,all-cause,overall,92.0898811760104,666,nvss,Deaths,age-adjusted rate
1992,A,All,65,74,All Origins,666,6,all-cause,overall,158.125640052293,666,nvss,Deaths,age-adjusted rate
1992,A,All,75,84,All Origins,666,6,all-cause,overall,248.88306171582,666,nvss,Deaths,age-adjusted rate
1992,A,All,85,150,All Origins,666,6,all-cause,overall,223.191639080632,666,nvss,Deaths,age-adjusted rate
1992,A,All,25,34,All Origins,666,6,cvd_ihd,total,0.11030419317179,666,nvss,Deaths,age-adjusted rate
1992,A,All,35,44,All Origins,666,6,cvd_ihd,total,0.986587511679539,666,nvss,Deaths,age-adjusted rate
1992,A,All,45,54,All Origins,666,6,cvd_ihd,total,3.73333279787222,666,nvss,Deaths,age-adjusted rate
1992,A,All,55,64,All Origins,666,6,cvd_ihd,total,7.9259778251339,666,nvss,Deaths,age-adjusted rate
1992,A,All,65,74,All Origins,666,6,cvd_ihd,total,18.4389132908532,666,nvss,Deaths,age-adjusted rate
1992,A,All,75,84,All Origins,666,6,cvd_ihd,total,38.0798741294674,666,nvss,Deaths,age-adjusted rate
1992,A,All,85,150,All Origins,666,6,cvd_ihd,total,47.7494780883014,666,nvss,Deaths,age-adjusted rate
1992,A,All,25,34,All Origins,666,6,cvd_stroke,total,0.124385579534146,666,nvss,Deaths,age-adjusted rate
1992,A,All,35,44,All Origins,666,6,cvd_stroke,total,0.455092555892582,666,nvss,Deaths,age-adjusted rate
1992,A,All,45,54,All Origins,666,6,cvd_stroke,total,0.941856790330776,666,nvss,Deaths,age-adjusted rate
1992,A,All,55,64,All Origins,666,6,cvd_stroke,total,1.15136911391385,666,nvss,Deaths,age-adjusted rate
1992,A,All,65,74,All Origins,666,6,cvd_stroke,total,1.81211815905185,666,nvss,Deaths,age-adjusted rate
1992,A,All,75,84,All Origins,666,6,cvd_stroke,total,3.55000311774768,666,nvss,Deaths,age-adjusted rate
1992,A,All,85,150,All Origins,666,6,cvd_stroke,total,3.81215843441058,666,nvss,Deaths,age-adjusted rate
1992,A,All,25,34,All Origins,666,6,lri,total,0.00469379545411871,666,nvss,Deaths,age-adjusted rate
1992,A,All,35,44,All Origins,666,6,lri,total,0.00664368694733696,666,nvss,Deaths,age-adjusted rate
1992,A,All,45,54,All Origins,666,6,lri,total,0.0127853862940829,666,nvss,Deaths,age-adjusted rate
1992,A,All,55,64,All Origins,666,6,lri,total,0.0235775245170071,666,nvss,Deaths,age-adjusted rate
1992,A,All,65,74,All Origins,666,6,lri,total,0.0418986857584242,666,nvss,Deaths,age-adjusted rate
1992,A,All,75,84,All Origins,666,6,lri,total,0.0435049401684764,666,nvss,Deaths,age-adjusted rate
1992,A,All,85,150,All Origins,666,6,lri,total,0.102372541077522,666,nvss,Deaths,age-adjusted rate
1992,A,All,25,34,All Origins,666,6,ncd_lri,total,8.68821538557373,666,nvss,Deaths,age-adjusted rate
1992,A,All,35,44,All Origins,666,6,ncd_lri,total,26.8803573889254,666,nvss,Deaths,age-adjusted rate
1992,A,All,45,54,All Origins,666,6,ncd_lri,total,49.1171923464353,666,nvss,Deaths,age-adjusted rate
1992,A,All,55,64,All Origins,666,6,ncd_lri,total,84.6943976525092,666,nvss,Deaths,age-adjusted rate
1992,A,All,65,74,All Origins,666,6,ncd_lri,total,147.39608494099,666,nvss,Deaths,age-adjusted rate
1992,A,All,75,84,All Origins,666,6,ncd_lri,total,226.343152214532,666,nvss,Deaths,age-adjusted rate
1992,A,All,85,150,All Origins,666,6,ncd_lri,total,195.092813996306,666,nvss,Deaths,age-adjusted rate
1992,A,All,25,34,All Origins,666,6,neo_lung,total,0.0469379545411871,666,nvss,Deaths,age-adjusted rate
1992,A,All,35,44,All Origins,666,6,neo_lung,total,0.803886120627773,666,nvss,Deaths,age-adjusted rate
1992,A,All,45,54,All Origins,666,6,neo_lung,total,4.84992320088879,666,nvss,Deaths,age-adjusted rate
1992,A,All,55,64,All Origins,666,6,neo_lung,total,11.494043202041,666,nvss,Deaths,age-adjusted rate
1992,A,All,65,74,All Origins,666,6,neo_lung,total,17.9081966045798,666,nvss,Deaths,age-adjusted rate
1992,A,All,75,84,All Origins,666,6,neo_lung,total,15.0135548521412,666,nvss,Deaths,age-adjusted rate
1992,A,All,85,150,All Origins,666,6,neo_lung,total,4.03640304819944,666,nvss,Deaths,age-adjusted rate
1992,A,All,25,34,All Origins,666,6,resp_copd,total,0.0985697045364929,666,nvss,Deaths,age-adjusted rate
1992,A,All,35,44,All Origins,666,6,resp_copd,total,0.32886250389318,666,nvss,Deaths,age-adjusted rate
1992,A,All,45,54,All Origins,666,6,resp_copd,total,0.971689358350303,666,nvss,Deaths,age-adjusted rate
1992,A,All,55,64,All Origins,666,6,resp_copd,total,4.20858812628578,666,nvss,Deaths,age-adjusted rate
1992,A,All,65,74,All Origins,666,6,resp_copd,total,10.5375194682437,666,nvss,Deaths,age-adjusted rate
1992,A,All,75,84,All Origins,666,6,resp_copd,total,16.9364732075879,666,nvss,Deaths,age-adjusted rate
1992,A,All,85,150,All Origins,666,6,resp_copd,total,8.21417770074403,666,nvss,Deaths,age-adjusted rate
1992,A,All,25,34,All Origins,666,6,t2_dm,total,0.157242147712977,666,nvss,Deaths,age-adjusted rate
1992,A,All,35,44,All Origins,666,6,t2_dm,total,0.475023616734593,666,nvss,Deaths,age-adjusted rate
1992,A,All,45,54,All Origins,666,6,t2_dm,total,1.05266347154616,666,nvss,Deaths,age-adjusted rate
1992,A,All,55,64,All Origins,666,6,t2_dm,total,2.13376596878915,666,nvss,Deaths,age-adjusted rate
1992,A,All,65,74,All Origins,666,6,t2_dm,total,3.55789673231952,666,nvss,Deaths,age-adjusted rate
1992,A,All,75,84,All Origins,666,6,t2_dm,total,4.41575142710036,666,nvss,Deaths,age-adjusted rate
1992,A,All,85,150,All Origins,666,6,t2_dm,total,2.49594004912816,666,nvss,Deaths,age-adjusted rate
1992,A,All,25,34,All Origins,666,8,all-cause,overall,16.3294105107379,666,nvss,Deaths,age-adjusted rate
1992,A,All,35,44,All Origins,666,8,all-cause,overall,30.2319089020385,666,nvss,Deaths,age-adjusted rate
1992,A,All,45,54,All Origins,666,8,all-cause,overall,44.9315488966507,666,nvss,Deaths,age-adjusted rate
1992,A,All,55,64,All Origins,666,8,all-cause,overall,79.2204515848827,666,nvss,Deaths,age-adjusted rate
1992,A,All,65,74,All Origins,666,8,all-cause,overall,149.221913992447,666,nvss,Deaths,age-adjusted rate
1992,A,All,75,84,All Origins,666,8,all-cause,overall,248.616177336108,666,nvss,Deaths,age-adjusted rate
1992,A,All,85,150,All Origins,666,8,all-cause,overall,222.939888053628,666,nvss,Deaths,age-adjusted rate
1992,A,All,25,34,All Origins,666,8,cvd_ihd,total,0.109740662034529,666,nvss,Deaths,age-adjusted rate
1992,A,All,35,44,All Origins,666,8,cvd_ihd,total,0.784565109914493,666,nvss,Deaths,age-adjusted rate
1992,A,All,45,54,All Origins,666,8,cvd_ihd,total,2.88293193233596,666,nvss,Deaths,age-adjusted rate
1992,A,All,55,64,All Origins,666,8,cvd_ihd,total,6.54518285782635,666,nvss,Deaths,age-adjusted rate
1992,A,All,65,74,All Origins,666,8,cvd_ihd,total,13.5891035671253,666,nvss,Deaths,age-adjusted rate
1992,A,All,75,84,All Origins,666,8,cvd_ihd,total,29.5942321048925,666,nvss,Deaths,age-adjusted rate
1992,A,All,85,150,All Origins,666,8,cvd_ihd,total,31.1479118006227,666,nvss,Deaths,age-adjusted rate
1992,A,All,25,34,All Origins,666,8,cvd_stroke,total,0.087792529627623,666,nvss,Deaths,age-adjusted rate
1992,A,All,35,44,All Origins,666,8,cvd_stroke,total,0.313826043965797,666,nvss,Deaths,age-adjusted rate
1992,A,All,45,54,All Origins,666,8,cvd_stroke,total,0.492207890886628,666,nvss,Deaths,age-adjusted rate
1992,A,All,55,64,All Origins,666,8,cvd_stroke,total,0.949560207353046,666,nvss,Deaths,age-adjusted rate
1992,A,All,65,74,All Origins,666,8,cvd_stroke,total,1.22656991817283,666,nvss,Deaths,age-adjusted rate
1992,A,All,75,84,All Origins,666,8,cvd_stroke,total,2.3396272260456,666,nvss,Deaths,age-adjusted rate
1992,A,All,85,150,All Origins,666,8,cvd_stroke,total,2.23714283650881,666,nvss,Deaths,age-adjusted rate
1992,A,All,55,64,All Origins,666,8,lri,total,0.0339128645483231,666,nvss,Deaths,age-adjusted rate
1992,A,All,65,74,All Origins,666,8,lri,total,0.0322781557413903,666,nvss,Deaths,age-adjusted rate
1992,A,All,75,84,All Origins,666,8,lri,total,0.205230458425052,666,nvss,Deaths,age-adjusted rate
1992,A,All,85,150,All Origins,666,8,lri,total,0.344175821001355,666,nvss,Deaths,age-adjusted rate
1992,A,All,25,34,All Origins,666,8,ncd_lri,total,7.02340237020984,666,nvss,Deaths,age-adjusted rate
1992,A,All,35,44,All Origins,666,8,ncd_lri,total,18.8557148082783,666,nvss,Deaths,age-adjusted rate
1992,A,All,45,54,All Origins,666,8,ncd_lri,total,36.3179108061347,666,nvss,Deaths,age-adjusted rate
1992,A,All,55,64,All Origins,666,8,ncd_lri,total,71.3526670096717,666,nvss,Deaths,age-adjusted rate
1992,A,All,65,74,All Origins,666,8,ncd_lri,total,138.182784728892,666,nvss,Deaths,age-adjusted rate
1992,A,All,75,84,All Origins,666,8,ncd_lri,total,224.316891058582,666,nvss,Deaths,age-adjusted rate
1992,A,All,85,150,All Origins,666,8,ncd_lri,total,190.114119125624,666,nvss,Deaths,age-adjusted rate
1992,A,All,25,34,All Origins,666,8,neo_lung,total,0.0438962648138115,666,nvss,Deaths,age-adjusted rate
1992,A,All,35,44,All Origins,666,8,neo_lung,total,0.549195576940145,666,nvss,Deaths,age-adjusted rate
1992,A,All,45,54,All Origins,666,8,neo_lung,total,3.30482441023879,666,nvss,Deaths,age-adjusted rate
1992,A,All,55,64,All Origins,666,8,neo_lung,total,10.3095108226902,666,nvss,Deaths,age-adjusted rate
1992,A,All,65,74,All Origins,666,8,neo_lung,total,14.3315011491773,666,nvss,Deaths,age-adjusted rate
1992,A,All,75,84,All Origins,666,8,neo_lung,total,12.2317353221331,666,nvss,Deaths,age-adjusted rate
1992,A,All,85,150,All Origins,666,8,neo_lung,total,3.14060436663737,666,nvss,Deaths,age-adjusted rate
1992,A,All,25,34,All Origins,666,8,resp_copd,total,0.0219481324069058,666,nvss,Deaths,age-adjusted rate
1992,A,All,35,44,All Origins,666,8,resp_copd,total,0.209217362643865,666,nvss,Deaths,age-adjusted rate
1992,A,All,45,54,All Origins,666,8,resp_copd,total,1.23051972721657,666,nvss,Deaths,age-adjusted rate
1992,A,All,55,64,All Origins,666,8,resp_copd,total,5.25649400499008,666,nvss,Deaths,age-adjusted rate
1992,A,All,65,74,All Origins,666,8,resp_copd,total,15.7194618460571,666,nvss,Deaths,age-adjusted rate
1992,A,All,75,84,All Origins,666,8,resp_copd,total,21.3439676762054,666,nvss,Deaths,age-adjusted rate
1992,A,All,85,150,All Origins,666,8,resp_copd,total,8.90554936841007,666,nvss,Deaths,age-adjusted rate
1992,A,All,25,34,All Origins,666,8,t2_dm,total,0.15363692684834,666,nvss,Deaths,age-adjusted rate
1992,A,All,35,44,All Origins,666,8,t2_dm,total,0.679956428592561,666,nvss,Deaths,age-adjusted rate
1992,A,All,45,54,All Origins,666,8,t2_dm,total,0.667996423346138,666,nvss,Deaths,age-adjusted rate
1992,A,All,55,64,All Origins,666,8,t2_dm,total,1.72955609196448,666,nvss,Deaths,age-adjusted rate
1992,A,All,65,74,All Origins,666,8,t2_dm,total,3.90565684470822,666,nvss,Deaths,age-adjusted rate
1992,A,All,75,84,All Origins,666,8,t2_dm,total,5.25389973568134,666,nvss,Deaths,age-adjusted rate
1992,A,All,85,150,All Origins,666,8,t2_dm,total,3.61384612051423,666,nvss,Deaths,age-adjusted rate
1992,A,All,25,34,All Origins,666,9,all-cause,overall,14.8213380189829,666,nvss,Deaths,age-adjusted rate
1992,A,All,35,44,All Origins,666,9,all-cause,overall,32.8693453682851,666,nvss,Deaths,age-adjusted rate
1992,A,All,45,54,All Origins,666,9,all-cause,overall,49.7925796329328,666,nvss,Deaths,age-adjusted rate
1992,A,All,55,64,All Origins,666,9,all-cause,overall,85.7121915303133,666,nvss,Deaths,age-adjusted rate
1992,A,All,65,74,All Origins,666,9,all-cause,overall,157.073467100219,666,nvss,Deaths,age-adjusted rate
1992,A,All,75,84,All Origins,666,9,all-cause,overall,241.469971901925,666,nvss,Deaths,age-adjusted rate
1992,A,All,85,150,All Origins,666,9,all-cause,overall,228.885894291727,666,nvss,Deaths,age-adjusted rate
1992,A,All,25,34,All Origins,666,9,cvd_ihd,total,0.144833922009605,666,nvss,Deaths,age-adjusted rate
1992,A,All,35,44,All Origins,666,9,cvd_ihd,total,1.08122846606201,666,nvss,Deaths,age-adjusted rate
1992,A,All,45,54,All Origins,666,9,cvd_ihd,total,3.05282200709313,666,nvss,Deaths,age-adjusted rate
1992,A,All,55,64,All Origins,666,9,cvd_ihd,total,7.93460545921092,666,nvss,Deaths,age-adjusted rate
1992,A,All,65,74,All Origins,666,9,cvd_ihd,total,17.8250452325476,666,nvss,Deaths,age-adjusted rate
1992,A,All,75,84,All Origins,666,9,cvd_ihd,total,31.6793043439797,666,nvss,Deaths,age-adjusted rate
1992,A,All,85,150,All Origins,666,9,cvd_ihd,total,42.8654460162251,666,nvss,Deaths,age-adjusted rate
1992,A,All,25,34,All Origins,666,9,cvd_stroke,total,0.120694935008004,666,nvss,Deaths,age-adjusted rate
1992,A,All,35,44,All Origins,666,9,cvd_stroke,total,0.370706902649832,666,nvss,Deaths,age-adjusted rate
1992,A,All,45,54,All Origins,666,9,cvd_stroke,total,0.736888070677652,666,nvss,Deaths,age-adjusted rate
1992,A,All,55,64,All Origins,666,9,cvd_stroke,total,0.953382826494335,666,nvss,Deaths,age-adjusted rate
1992,A,All,65,74,All Origins,666,9,cvd_stroke,total,1.8968342594402,666,nvss,Deaths,age-adjusted rate
1992,A,All,75,84,All Origins,666,9,cvd_stroke,total,2.79956643039821,666,nvss,Deaths,age-adjusted rate
1992,A,All,85,150,All Origins,666,9,cvd_stroke,total,3.24218646231811,666,nvss,Deaths,age-adjusted rate
1992,A,All,25,34,All Origins,666,9,lri,total,0.0241389870016009,666,nvss,Deaths,age-adjusted rate
1992,A,All,45,54,All Origins,666,9,lri,total,0.0350899081275072,666,nvss,Deaths,age-adjusted rate
1992,A,All,55,64,All Origins,666,9,lri,total,0.0307542847256237,666,nvss,Deaths,age-adjusted rate
1992,A,All,65,74,All Origins,666,9,lri,total,0.103936123804942,666,nvss,Deaths,age-adjusted rate
1992,A,All,75,84,All Origins,666,9,lri,total,0.176814721919887,666,nvss,Deaths,age-adjusted rate
1992,A,All,85,150,All Origins,666,9,lri,total,0.311748698299819,666,nvss,Deaths,age-adjusted rate
1992,A,All,25,34,All Origins,666,9,ncd_lri,total,7.57964191850268,666,nvss,Deaths,age-adjusted rate
1992,A,All,35,44,All Origins,666,9,ncd_lri,total,23.5089960763768,666,nvss,Deaths,age-adjusted rate
1992,A,All,45,54,All Origins,666,9,ncd_lri,total,43.6167558024915,666,nvss,Deaths,age-adjusted rate
1992,A,All,55,64,All Origins,666,9,ncd_lri,total,80.2994374186035,666,nvss,Deaths,age-adjusted rate
1992,A,All,65,74,All Origins,666,9,ncd_lri,total,147.667247895872,666,nvss,Deaths,age-adjusted rate
1992,A,All,75,84,All Origins,666,9,ncd_lri,total,222.521327536177,666,nvss,Deaths,age-adjusted rate
1992,A,All,85,150,All Origins,666,9,ncd_lri,total,201.420833971513,666,nvss,Deaths,age-adjusted rate
1992,A,All,25,34,All Origins,666,9,neo_lung,total,0.144833922009605,666,nvss,Deaths,age-adjusted rate
1992,A,All,35,44,All Origins,666,9,neo_lung,total,1.05033622417452,666,nvss,Deaths,age-adjusted rate
1992,A,All,45,54,All Origins,666,9,neo_lung,total,4.98276695410603,666,nvss,Deaths,age-adjusted rate
1992,A,All,55,64,All Origins,666,9,neo_lung,total,11.6251196262858,666,nvss,Deaths,age-adjusted rate
1992,A,All,65,74,All Origins,666,9,neo_lung,total,18.2148056968161,666,nvss,Deaths,age-adjusted rate
1992,A,All,75,84,All Origins,666,9,neo_lung,total,15.3239425663902,666,nvss,Deaths,age-adjusted rate
1992,A,All,85,150,All Origins,666,9,neo_lung,total,3.30453620197808,666,nvss,Deaths,age-adjusted rate
1992,A,All,25,34,All Origins,666,9,resp_copd,total,0.0965559480064036,666,nvss,Deaths,age-adjusted rate
1992,A,All,35,44,All Origins,666,9,resp_copd,total,0.123568967549944,666,nvss,Deaths,age-adjusted rate
1992,A,All,45,54,All Origins,666,9,resp_copd,total,0.38598898940258,666,nvss,Deaths,age-adjusted rate
1992,A,All,55,64,All Origins,666,9,resp_copd,total,2.82939419475738,666,nvss,Deaths,age-adjusted rate
1992,A,All,65,74,All Origins,666,9,resp_copd,total,8.1849697496392,666,nvss,Deaths,age-adjusted rate
1992,A,All,75,84,All Origins,666,9,resp_copd,total,13.3789806252714,666,nvss,Deaths,age-adjusted rate
1992,A,All,85,150,All Origins,666,9,resp_copd,total,8.66661381273496,666,nvss,Deaths,age-adjusted rate
1992,A,All,25,34,All Origins,666,9,t2_dm,total,0.144833922009605,666,nvss,Deaths,age-adjusted rate
1992,A,All,35,44,All Origins,666,9,t2_dm,total,0.525168112087262,666,nvss,Deaths,age-adjusted rate
1992,A,All,45,54,All Origins,666,9,t2_dm,total,0.877247703187681,666,nvss,Deaths,age-adjusted rate
1992,A,All,55,64,All Origins,666,9,t2_dm,total,2.30657135442178,666,nvss,Deaths,age-adjusted rate
1992,A,All,65,74,All Origins,666,9,t2_dm,total,3.61178030222174,666,nvss,Deaths,age-adjusted rate
1992,A,All,75,84,All Origins,666,9,t2_dm,total,5.1570960559967,666,nvss,Deaths,age-adjusted rate
1992,A,All,85,150,All Origins,666,9,t2_dm,total,3.11748698299819,666,nvss,Deaths,age-adjusted rate
1992,A,All,25,34,All Origins,666,10,all-cause,overall,18.993152408762,666,nvss,Deaths,age-adjusted rate
1992,A,All,35,44,All Origins,666,10,all-cause,overall,36.6659914479228,666,nvss,Deaths,age-adjusted rate
1992,A,All,45,54,All Origins,666,10,all-cause,overall,58.5840681859667,666,nvss,Deaths,age-adjusted rate
1992,A,All,55,64,All Origins,666,10,all-cause,overall,111.574929379656,666,nvss,Deaths,age-adjusted rate
1992,A,All,65,74,All Origins,666,10,all-cause,overall,175.182768765823,666,nvss,Deaths,age-adjusted rate
1992,A,All,75,84,All Origins,666,10,all-cause,overall,279.517618826566,666,nvss,Deaths,age-adjusted rate
1992,A,All,85,150,All Origins,666,10,all-cause,overall,248.249657776524,666,nvss,Deaths,age-adjusted rate
1992,A,All,25,34,All Origins,666,10,cvd_ihd,total,0.226108957247167,666,nvss,Deaths,age-adjusted rate
1992,A,All,35,44,All Origins,666,10,cvd_ihd,total,0.611099857465379,666,nvss,Deaths,age-adjusted rate
1992,A,All,45,54,All Origins,666,10,cvd_ihd,total,6.27046601378849,666,nvss,Deaths,age-adjusted rate
1992,A,All,55,64,All Origins,666,10,cvd_ihd,total,8.70545612845173,666,nvss,Deaths,age-adjusted rate
1992,A,All,65,74,All Origins,666,10,cvd_ihd,total,14.1766402469452,666,nvss,Deaths,age-adjusted rate
1992,A,All,75,84,All Origins,666,10,cvd_ihd,total,26.1993547131046,666,nvss,Deaths,age-adjusted rate
1992,A,All,85,150,All Origins,666,10,cvd_ihd,total,33.7973602159287,666,nvss,Deaths,age-adjusted rate
1992,A,All,25,34,All Origins,666,10,cvd_stroke,total,0.113054478623583,666,nvss,Deaths,age-adjusted rate
1992,A,All,35,44,All Origins,666,10,cvd_stroke,total,0.152774964366345,666,nvss,Deaths,age-adjusted rate
1992,A,All,45,54,All Origins,666,10,cvd_stroke,total,0.895780859112641,666,nvss,Deaths,age-adjusted rate
1992,A,All,55,64,All Origins,666,10,cvd_stroke,total,0.870545612845173,666,nvss,Deaths,age-adjusted rate
1992,A,All,65,74,All Origins,666,10,cvd_stroke,total,2.02523432099217,666,nvss,Deaths,age-adjusted rate
1992,A,All,75,84,All Origins,666,10,cvd_stroke,total,2.77609056562697,666,nvss,Deaths,age-adjusted rate
1992,A,All,85,150,All Origins,666,10,cvd_stroke,total,4.22467002699108,666,nvss,Deaths,age-adjusted rate
1992,A,All,55,64,All Origins,666,10,lri,total,0.145090935474195,666,nvss,Deaths,age-adjusted rate
1992,A,All,65,74,All Origins,666,10,lri,total,0.126577145062011,666,nvss,Deaths,age-adjusted rate
1992,A,All,75,84,All Origins,666,10,lri,total,0.347011320703372,666,nvss,Deaths,age-adjusted rate
1992,A,All,85,150,All Origins,666,10,lri,total,0.201174763190052,666,nvss,Deaths,age-adjusted rate
1992,A,All,25,34,All Origins,666,10,ncd_lri,total,7.68770454640368,666,nvss,Deaths,age-adjusted rate
1992,A,All,35,44,All Origins,666,10,ncd_lri,total,27.3467186215757,666,nvss,Deaths,age-adjusted rate
1992,A,All,45,54,All Origins,666,10,ncd_lri,total,49.9845719384854,666,nvss,Deaths,age-adjusted rate
1992,A,All,55,64,All Origins,666,10,ncd_lri,total,103.014564186679,666,nvss,Deaths,age-adjusted rate
1992,A,All,65,74,All Origins,666,10,ncd_lri,total,164.043980000366,666,nvss,Deaths,age-adjusted rate
1992,A,All,75,84,All Origins,666,10,ncd_lri,total,257.829411282605,666,nvss,Deaths,age-adjusted rate
1992,A,All,85,150,All Origins,666,10,ncd_lri,total,219.280491877156,666,nvss,Deaths,age-adjusted rate
1992,A,All,25,34,All Origins,666,10,neo_lung,total,0.113054478623583,666,nvss,Deaths,age-adjusted rate
1992,A,All,35,44,All Origins,666,10,neo_lung,total,1.22219971493076,666,nvss,Deaths,age-adjusted rate
1992,A,All,45,54,All Origins,666,10,neo_lung,total,6.44962218561101,666,nvss,Deaths,age-adjusted rate
1992,A,All,55,64,All Origins,666,10,neo_lung,total,16.3952757085841,666,nvss,Deaths,age-adjusted rate
1992,A,All,65,74,All Origins,666,10,neo_lung,total,22.0244232407899,666,nvss,Deaths,age-adjusted rate
1992,A,All,75,84,All Origins,666,10,neo_lung,total,18.218094336927,666,nvss,Deaths,age-adjusted rate
1992,A,All,85,150,All Origins,666,10,neo_lung,total,3.82232050061098,666,nvss,Deaths,age-adjusted rate
1992,A,All,35,44,All Origins,666,10,resp_copd,total,0.458324893099034,666,nvss,Deaths,age-adjusted rate
1992,A,All,45,54,All Origins,666,10,resp_copd,total,1.2540932027577,666,nvss,Deaths,age-adjusted rate
1992,A,All,55,64,All Origins,666,10,resp_copd,total,5.36836461254523,666,nvss,Deaths,age-adjusted rate
1992,A,All,65,74,All Origins,666,10,resp_copd,total,9.61986302471282,666,nvss,Deaths,age-adjusted rate
1992,A,All,75,84,All Origins,666,10,resp_copd,total,14.921486790245,666,nvss,Deaths,age-adjusted rate
1992,A,All,85,150,All Origins,666,10,resp_copd,total,7.24229147484186,666,nvss,Deaths,age-adjusted rate
1992,A,All,25,34,All Origins,666,10,t2_dm,total,0.226108957247167,666,nvss,Deaths,age-adjusted rate
1992,A,All,35,44,All Origins,666,10,t2_dm,total,1.22219971493076,666,nvss,Deaths,age-adjusted rate
1992,A,All,45,54,All Origins,666,10,t2_dm,total,2.32903023369287,666,nvss,Deaths,age-adjusted rate
1992,A,All,55,64,All Origins,666,10,t2_dm,total,3.77236432232908,666,nvss,Deaths,age-adjusted rate
1992,A,All,65,74,All Origins,666,10,t2_dm,total,7.34147441359663,666,nvss,Deaths,age-adjusted rate
1992,A,All,75,84,All Origins,666,10,t2_dm,total,12.3189018849697,666,nvss,Deaths,age-adjusted rate
1992,A,All,85,150,All Origins,666,10,t2_dm,total,5.83406813251149,666,nvss,Deaths,age-adjusted rate
1992,A,All,25,34,All Origins,666,11,all-cause,overall,50.9676034501782,666,nvss,Deaths,age-adjusted rate
1992,A,All,35,44,All Origins,666,11,all-cause,overall,115.912130914125,666,nvss,Deaths,age-adjusted rate
1992,A,All,45,54,All Origins,666,11,all-cause,overall,121.242978013228,666,nvss,Deaths,age-adjusted rate
1992,A,All,55,64,All Origins,666,11,all-cause,overall,163.371071665382,666,nvss,Deaths,age-adjusted rate
1992,A,All,65,74,All Origins,666,11,all-cause,overall,219.291784448889,666,nvss,Deaths,age-adjusted rate
1992,A,All,75,84,All Origins,666,11,all-cause,overall,267.970080402898,666,nvss,Deaths,age-adjusted rate
1992,A,All,85,150,All Origins,666,11,all-cause,overall,209.523216643654,666,nvss,Deaths,age-adjusted rate
1992,A,All,25,34,All Origins,666,11,cvd_ihd,total,0.331676378200726,666,nvss,Deaths,age-adjusted rate
1992,A,All,35,44,All Origins,666,11,cvd_ihd,total,3.33181616848468,666,nvss,Deaths,age-adjusted rate
1992,A,All,45,54,All Origins,666,11,cvd_ihd,total,5.83522354074361,666,nvss,Deaths,age-adjusted rate
1992,A,All,55,64,All Origins,666,11,cvd_ihd,total,5.88724582577954,666,nvss,Deaths,age-adjusted rate
1992,A,All,65,74,All Origins,666,11,cvd_ihd,total,11.2338949226448,666,nvss,Deaths,age-adjusted rate
1992,A,All,75,84,All Origins,666,11,cvd_ihd,total,17.6742424782724,666,nvss,Deaths,age-adjusted rate
1992,A,All,85,150,All Origins,666,11,cvd_ihd,total,18.0689746463334,666,nvss,Deaths,age-adjusted rate
1992,A,All,25,34,All Origins,666,11,cvd_stroke,total,0.22111758546715,666,nvss,Deaths,age-adjusted rate
1992,A,All,35,44,All Origins,666,11,cvd_stroke,total,1.57822871138748,666,nvss,Deaths,age-adjusted rate
1992,A,All,45,54,All Origins,666,11,cvd_stroke,total,1.72895512318329,666,nvss,Deaths,age-adjusted rate
1992,A,All,55,64,All Origins,666,11,cvd_stroke,total,1.28783502438927,666,nvss,Deaths,age-adjusted rate
1992,A,All,65,74,All Origins,666,11,cvd_stroke,total,2.46222354468928,666,nvss,Deaths,age-adjusted rate
1992,A,All,75,84,All Origins,666,11,cvd_stroke,total,4.82024794861974,666,nvss,Deaths,age-adjusted rate
1992,A,All,85,150,All Origins,666,11,cvd_stroke,total,2.11445447989008,666,nvss,Deaths,age-adjusted rate
1992,A,All,35,44,All Origins,666,11,lri,total,0.17535874570972,666,nvss,Deaths,age-adjusted rate
1992,A,All,65,74,All Origins,666,11,lri,total,0.15388897154308,666,nvss,Deaths,age-adjusted rate
1992,A,All,75,84,All Origins,666,11,lri,total,0.178527701800731,666,nvss,Deaths,age-adjusted rate
1992,A,All,85,150,All Origins,666,11,lri,total,0.384446269070924,666,nvss,Deaths,age-adjusted rate
1992,A,All,25,34,All Origins,666,11,ncd_lri,total,28.7452861107296,666,nvss,Deaths,age-adjusted rate
1992,A,All,35,44,All Origins,666,11,ncd_lri,total,85.9257853977627,666,nvss,Deaths,age-adjusted rate
1992,A,All,45,54,All Origins,666,11,ncd_lri,total,103.5211880006,666,nvss,Deaths,age-adjusted rate
1992,A,All,55,64,All Origins,666,11,ncd_lri,total,151.596580013823,666,nvss,Deaths,age-adjusted rate
1992,A,All,65,74,All Origins,666,11,ncd_lri,total,205.133999066926,666,nvss,Deaths,age-adjusted rate
1992,A,All,75,84,All Origins,666,11,ncd_lri,total,246.54675618681,666,nvss,Deaths,age-adjusted rate
1992,A,All,85,150,All Origins,666,11,ncd_lri,total,183.957539750437,666,nvss,Deaths,age-adjusted rate
1992,A,All,35,44,All Origins,666,11,neo_lung,total,2.10430494851664,666,nvss,Deaths,age-adjusted rate
1992,A,All,45,54,All Origins,666,11,neo_lung,total,7.99641744472272,666,nvss,Deaths,age-adjusted rate
1992,A,All,55,64,All Origins,666,11,neo_lung,total,18.397643205561,666,nvss,Deaths,age-adjusted rate
1992,A,All,65,74,All Origins,666,11,neo_lung,total,17.8511206989973,666,nvss,Deaths,age-adjusted rate
1992,A,All,75,84,All Origins,666,11,neo_lung,total,13.5681053368556,666,nvss,Deaths,age-adjusted rate
1992,A,All,85,150,All Origins,666,11,neo_lung,total,4.0366858252447,666,nvss,Deaths,age-adjusted rate
1992,A,All,25,34,All Origins,666,11,resp_copd,total,0.331676378200726,666,nvss,Deaths,age-adjusted rate
1992,A,All,35,44,All Origins,666,11,resp_copd,total,0.701434982838879,666,nvss,Deaths,age-adjusted rate
1992,A,All,45,54,All Origins,666,11,resp_copd,total,0.648358171193734,666,nvss,Deaths,age-adjusted rate
1992,A,All,55,64,All Origins,666,11,resp_copd,total,3.86350507316782,666,nvss,Deaths,age-adjusted rate
1992,A,All,65,74,All Origins,666,11,resp_copd,total,6.77111474789552,666,nvss,Deaths,age-adjusted rate
1992,A,All,75,84,All Origins,666,11,resp_copd,total,10.5331344062431,666,nvss,Deaths,age-adjusted rate
1992,A,All,85,150,All Origins,666,11,resp_copd,total,4.42113209431563,666,nvss,Deaths,age-adjusted rate
1992,A,All,25,34,All Origins,666,11,t2_dm,total,0.110558792733575,666,nvss,Deaths,age-adjusted rate
1992,A,All,35,44,All Origins,666,11,t2_dm,total,1.22751121996804,666,nvss,Deaths,age-adjusted rate
1992,A,All,45,54,All Origins,666,11,t2_dm,total,2.16119390397911,666,nvss,Deaths,age-adjusted rate
1992,A,All,55,64,All Origins,666,11,t2_dm,total,4.96736366550148,666,nvss,Deaths,age-adjusted rate
1992,A,All,65,74,All Origins,666,11,t2_dm,total,7.23278166252476,666,nvss,Deaths,age-adjusted rate
1992,A,All,75,84,All Origins,666,11,t2_dm,total,8.92638509003656,666,nvss,Deaths,age-adjusted rate
1992,A,All,85,150,All Origins,666,11,t2_dm,total,5.95891717059932,666,nvss,Deaths,age-adjusted rate
1992,A,All,25,34,All Origins,666,12,all-cause,overall,21.1976385322464,666,nvss,Deaths,age-adjusted rate
1992,A,All,35,44,All Origins,666,12,all-cause,overall,43.5116277793224,666,nvss,Deaths,age-adjusted rate
1992,A,All,45,54,All Origins,666,12,all-cause,overall,67.9401618367686,666,nvss,Deaths,age-adjusted rate
1992,A,All,55,64,All Origins,666,12,all-cause,overall,97.1378158048103,666,nvss,Deaths,age-adjusted rate
1992,A,All,65,74,All Origins,666,12,all-cause,overall,145.352437844494,666,nvss,Deaths,age-adjusted rate
1992,A,All,75,84,All Origins,666,12,all-cause,overall,225.496167142314,666,nvss,Deaths,age-adjusted rate
1992,A,All,85,150,All Origins,666,12,all-cause,overall,213.493793784365,666,nvss,Deaths,age-adjusted rate
1992,A,All,25,34,All Origins,666,12,cvd_ihd,total,0.193386343290064,666,nvss,Deaths,age-adjusted rate
1992,A,All,35,44,All Origins,666,12,cvd_ihd,total,1.38629877999738,666,nvss,Deaths,age-adjusted rate
1992,A,All,45,54,All Origins,666,12,cvd_ihd,total,5.39357830737578,666,nvss,Deaths,age-adjusted rate
1992,A,All,55,64,All Origins,666,12,cvd_ihd,total,9.49488140553168,666,nvss,Deaths,age-adjusted rate
1992,A,All,65,74,All Origins,666,12,cvd_ihd,total,18.0638296671684,666,nvss,Deaths,age-adjusted rate
1992,A,All,75,84,All Origins,666,12,cvd_ihd,total,36.7071870535951,666,nvss,Deaths,age-adjusted rate
1992,A,All,85,150,All Origins,666,12,cvd_ihd,total,46.9942438553354,666,nvss,Deaths,age-adjusted rate
1992,A,All,25,34,All Origins,666,12,cvd_stroke,total,0.112288844491005,666,nvss,Deaths,age-adjusted rate
1992,A,All,35,44,All Origins,666,12,cvd_stroke,total,0.6188833839274,666,nvss,Deaths,age-adjusted rate
1992,A,All,45,54,All Origins,666,12,cvd_stroke,total,1.05032840722581,666,nvss,Deaths,age-adjusted rate
1992,A,All,55,64,All Origins,666,12,cvd_stroke,total,1.09104819059928,666,nvss,Deaths,age-adjusted rate
1992,A,All,65,74,All Origins,666,12,cvd_stroke,total,1.59058438366931,666,nvss,Deaths,age-adjusted rate
1992,A,All,75,84,All Origins,666,12,cvd_stroke,total,2.98189115968934,666,nvss,Deaths,age-adjusted rate
1992,A,All,85,150,All Origins,666,12,cvd_stroke,total,3.53116860429838,666,nvss,Deaths,age-adjusted rate
1992,A,All,35,44,All Origins,666,12,lri,total,0.0165035569047307,666,nvss,Deaths,age-adjusted rate
1992,A,All,45,54,All Origins,666,12,lri,total,0.0189248361662308,666,nvss,Deaths,age-adjusted rate
1992,A,All,55,64,All Origins,666,12,lri,total,0.0345268414746607,666,nvss,Deaths,age-adjusted rate
1992,A,All,65,74,All Origins,666,12,lri,total,0.0511591468431649,666,nvss,Deaths,age-adjusted rate
1992,A,All,75,84,All Origins,666,12,lri,total,0.106877819343704,666,nvss,Deaths,age-adjusted rate
1992,A,All,85,150,All Origins,666,12,lri,total,0.112205357519762,666,nvss,Deaths,age-adjusted rate
1992,A,All,25,34,All Origins,666,12,ncd_lri,total,11.3411732935915,666,nvss,Deaths,age-adjusted rate
1992,A,All,35,44,All Origins,666,12,ncd_lri,total,30.7708818488703,666,nvss,Deaths,age-adjusted rate
1992,A,All,45,54,All Origins,666,12,ncd_lri,total,57.3895656740949,666,nvss,Deaths,age-adjusted rate
1992,A,All,55,64,All Origins,666,12,ncd_lri,total,89.2587905802927,666,nvss,Deaths,age-adjusted rate
1992,A,All,65,74,All Origins,666,12,ncd_lri,total,136.734447017186,666,nvss,Deaths,age-adjusted rate
1992,A,All,75,84,All Origins,666,12,ncd_lri,total,210.041634465214,666,nvss,Deaths,age-adjusted rate
1992,A,All,85,150,All Origins,666,12,ncd_lri,total,192.115373019277,666,nvss,Deaths,age-adjusted rate
1992,A,All,25,34,All Origins,666,12,neo_lung,total,0.0998123062142266,666,nvss,Deaths,age-adjusted rate
1992,A,All,35,44,All Origins,666,12,neo_lung,total,1.48532012142576,666,nvss,Deaths,age-adjusted rate
1992,A,All,45,54,All Origins,666,12,neo_lung,total,7.2482122516664,666,nvss,Deaths,age-adjusted rate
1992,A,All,55,64,All Origins,666,12,neo_lung,total,14.3355445802791,666,nvss,Deaths,age-adjusted rate
1992,A,All,65,74,All Origins,666,12,neo_lung,total,18.4172928635394,666,nvss,Deaths,age-adjusted rate
1992,A,All,75,84,All Origins,666,12,neo_lung,total,16.2614602131446,666,nvss,Deaths,age-adjusted rate
1992,A,All,85,150,All Origins,666,12,neo_lung,total,5.12844487016793,666,nvss,Deaths,age-adjusted rate
1992,A,All,25,34,All Origins,666,12,resp_copd,total,0.0873357679374483,666,nvss,Deaths,age-adjusted rate
1992,A,All,35,44,All Origins,666,12,resp_copd,total,0.330071138094613,666,nvss,Deaths,age-adjusted rate
1992,A,All,45,54,All Origins,666,12,resp_copd,total,1.3531257858855,666,nvss,Deaths,age-adjusted rate
1992,A,All,55,64,All Origins,666,12,resp_copd,total,4.39871960387177,666,nvss,Deaths,age-adjusted rate
1992,A,All,65,74,All Origins,666,12,resp_copd,total,9.3295680515808,666,nvss,Deaths,age-adjusted rate
1992,A,All,75,84,All Origins,666,12,resp_copd,total,13.562795274716,666,nvss,Deaths,age-adjusted rate
1992,A,All,85,150,All Origins,666,12,resp_copd,total,7.62336399619557,666,nvss,Deaths,age-adjusted rate
1992,A,All,25,34,All Origins,666,12,t2_dm,total,0.230815958120399,666,nvss,Deaths,age-adjusted rate
1992,A,All,35,44,All Origins,666,12,t2_dm,total,0.627135162379765,666,nvss,Deaths,age-adjusted rate
1992,A,All,45,54,All Origins,666,12,t2_dm,total,1.67484800071143,666,nvss,Deaths,age-adjusted rate
1992,A,All,55,64,All Origins,666,12,t2_dm,total,2.99692984000054,666,nvss,Deaths,age-adjusted rate
1992,A,All,65,74,All Origins,666,12,t2_dm,total,3.81833268711258,666,nvss,Deaths,age-adjusted rate
1992,A,All,75,84,All Origins,666,12,t2_dm,total,5.46145656846327,666,nvss,Deaths,age-adjusted rate
1992,A,All,85,150,All Origins,666,12,t2_dm,total,3.32655883470352,666,nvss,Deaths,age-adjusted rate
1992,A,All,25,34,All Origins,666,13,all-cause,overall,20.1078260610514,666,nvss,Deaths,age-adjusted rate
1992,A,All,35,44,All Origins,666,13,all-cause,overall,43.0038047880421,666,nvss,Deaths,age-adjusted rate
1992,A,All,45,54,All Origins,666,13,all-cause,overall,72.6759749980974,666,nvss,Deaths,age-adjusted rate
1992,A,All,55,64,All Origins,666,13,all-cause,overall,116.805535027475,666,nvss,Deaths,age-adjusted rate
1992,A,All,65,74,All Origins,666,13,all-cause,overall,193.442192862715,666,nvss,Deaths,age-adjusted rate
1992,A,All,75,84,All Origins,666,13,all-cause,overall,276.596085996429,666,nvss,Deaths,age-adjusted rate
1992,A,All,85,150,All Origins,666,13,all-cause,overall,224.884100352421,666,nvss,Deaths,age-adjusted rate
1992,A,All,25,34,All Origins,666,13,cvd_ihd,total,0.144660619144255,666,nvss,Deaths,age-adjusted rate
1992,A,All,35,44,All Origins,666,13,cvd_ihd,total,1.2482099523827,666,nvss,Deaths,age-adjusted rate
1992,A,All,45,54,All Origins,666,13,cvd_ihd,total,3.52848429517639,666,nvss,Deaths,age-adjusted rate
1992,A,All,55,64,All Origins,666,13,cvd_ihd,total,7.48621954083027,666,nvss,Deaths,age-adjusted rate
1992,A,All,65,74,All Origins,666,13,cvd_ihd,total,15.1635522716735,666,nvss,Deaths,age-adjusted rate
1992,A,All,75,84,All Origins,666,13,cvd_ihd,total,24.833329579287,666,nvss,Deaths,age-adjusted rate
1992,A,All,85,150,All Origins,666,13,cvd_ihd,total,25.4425605338319,666,nvss,Deaths,age-adjusted rate
1992,A,All,25,34,All Origins,666,13,cvd_stroke,total,0.244810278551815,666,nvss,Deaths,age-adjusted rate
1992,A,All,35,44,All Origins,666,13,cvd_stroke,total,0.653824260771891,666,nvss,Deaths,age-adjusted rate
1992,A,All,45,54,All Origins,666,13,cvd_stroke,total,0.99013589915664,666,nvss,Deaths,age-adjusted rate
1992,A,All,55,64,All Origins,666,13,cvd_stroke,total,1.21351960593367,666,nvss,Deaths,age-adjusted rate
1992,A,All,65,74,All Origins,666,13,cvd_stroke,total,1.8584397035782,666,nvss,Deaths,age-adjusted rate
1992,A,All,75,84,All Origins,666,13,cvd_stroke,total,3.63119360217032,666,nvss,Deaths,age-adjusted rate
1992,A,All,85,150,All Origins,666,13,cvd_stroke,total,3.29855884900013,666,nvss,Deaths,age-adjusted rate
1992,A,All,35,44,All Origins,666,13,lri,total,0.104017496031892,666,nvss,Deaths,age-adjusted rate
1992,A,All,45,54,All Origins,666,13,lri,total,0.0180024708937571,666,nvss,Deaths,age-adjusted rate
1992,A,All,55,64,All Origins,666,13,lri,total,0.102550952614113,666,nvss,Deaths,age-adjusted rate
1992,A,All,65,74,All Origins,666,13,lri,total,0.082231845291071,666,nvss,Deaths,age-adjusted rate
1992,A,All,75,84,All Origins,666,13,lri,total,0.100866488949175,666,nvss,Deaths,age-adjusted rate
1992,A,All,85,150,All Origins,666,13,lri,total,0.145524655102947,666,nvss,Deaths,age-adjusted rate
1992,A,All,25,34,All Origins,666,13,ncd_lri,total,10.6158638972015,666,nvss,Deaths,age-adjusted rate
1992,A,All,35,44,All Origins,666,13,ncd_lri,total,31.1309505981162,666,nvss,Deaths,age-adjusted rate
1992,A,All,45,54,All Origins,666,13,ncd_lri,total,61.9104974036307,666,nvss,Deaths,age-adjusted rate
1992,A,All,55,64,All Origins,666,13,ncd_lri,total,106.533347940628,666,nvss,Deaths,age-adjusted rate
1992,A,All,65,74,All Origins,666,13,ncd_lri,total,180.021955711213,666,nvss,Deaths,age-adjusted rate
1992,A,All,75,84,All Origins,666,13,ncd_lri,total,251.540850141454,666,nvss,Deaths,age-adjusted rate
1992,A,All,85,150,All Origins,666,13,ncd_lri,total,196.288505624692,666,nvss,Deaths,age-adjusted rate
1992,A,All,25,34,All Origins,666,13,neo_lung,total,0.0667664396050406,666,nvss,Deaths,age-adjusted rate
1992,A,All,35,44,All Origins,666,13,neo_lung,total,1.09961352948,666,nvss,Deaths,age-adjusted rate
1992,A,All,45,54,All Origins,666,13,neo_lung,total,6.91294882320272,666,nvss,Deaths,age-adjusted rate
1992,A,All,55,64,All Origins,666,13,neo_lung,total,16.3910605928224,666,nvss,Deaths,age-adjusted rate
1992,A,All,65,74,All Origins,666,13,neo_lung,total,21.6269753115517,666,nvss,Deaths,age-adjusted rate
1992,A,All,75,84,All Origins,666,13,neo_lung,total,15.170319937956,666,nvss,Deaths,age-adjusted rate
1992,A,All,85,150,All Origins,666,13,neo_lung,total,2.95900132042659,666,nvss,Deaths,age-adjusted rate
1992,A,All,25,34,All Origins,666,13,resp_copd,total,0.0890219194733874,666,nvss,Deaths,age-adjusted rate
1992,A,All,35,44,All Origins,666,13,resp_copd,total,0.416069984127567,666,nvss,Deaths,age-adjusted rate
1992,A,All,45,54,All Origins,666,13,resp_copd,total,1.54821249686311,666,nvss,Deaths,age-adjusted rate
1992,A,All,55,64,All Origins,666,13,resp_copd,total,4.6147928676351,666,nvss,Deaths,age-adjusted rate
1992,A,All,65,74,All Origins,666,13,resp_copd,total,11.8907248290889,666,nvss,Deaths,age-adjusted rate
1992,A,All,75,84,All Origins,666,13,resp_copd,total,14.6659874932101,666,nvss,Deaths,age-adjusted rate
1992,A,All,85,150,All Origins,666,13,resp_copd,total,6.20905195105908,666,nvss,Deaths,age-adjusted rate
1992,A,All,25,34,All Origins,666,13,t2_dm,total,0.244810278551815,666,nvss,Deaths,age-adjusted rate
1992,A,All,35,44,All Origins,666,13,t2_dm,total,0.683543545352432,666,nvss,Deaths,age-adjusted rate
1992,A,All,45,54,All Origins,666,13,t2_dm,total,1.58421743865062,666,nvss,Deaths,age-adjusted rate
1992,A,All,55,64,All Origins,666,13,t2_dm,total,2.85433484775949,666,nvss,Deaths,age-adjusted rate
1992,A,All,65,74,All Origins,666,13,t2_dm,total,4.21027047890283,666,nvss,Deaths,age-adjusted rate
1992,A,All,75,84,All Origins,666,13,t2_dm,total,5.24505742535713,666,nvss,Deaths,age-adjusted rate
1992,A,All,85,150,All Origins,666,13,t2_dm,total,3.34706706736778,666,nvss,Deaths,age-adjusted rate
1992,A,All,25,34,All Origins,666,15,all-cause,overall,14.5532673171055,666,nvss,Deaths,age-adjusted rate
1992,A,All,35,44,All Origins,666,15,all-cause,overall,27.2590180322752,666,nvss,Deaths,age-adjusted rate
1992,A,All,45,54,All Origins,666,15,all-cause,overall,50.4010191524103,666,nvss,Deaths,age-adjusted rate
1992,A,All,55,64,All Origins,666,15,all-cause,overall,77.454230826777,666,nvss,Deaths,age-adjusted rate
1992,A,All,65,74,All Origins,666,15,all-cause,overall,128.794097039626,666,nvss,Deaths,age-adjusted rate
1992,A,All,75,84,All Origins,666,15,all-cause,overall,199.047275750735,666,nvss,Deaths,age-adjusted rate
1992,A,All,85,150,All Origins,666,15,all-cause,overall,198.117438746296,666,nvss,Deaths,age-adjusted rate
1992,A,All,25,34,All Origins,666,15,cvd_ihd,total,0.0661512150777524,666,nvss,Deaths,age-adjusted rate
1992,A,All,35,44,All Origins,666,15,cvd_ihd,total,1.10739760756118,666,nvss,Deaths,age-adjusted rate
1992,A,All,45,54,All Origins,666,15,cvd_ihd,total,2.07276918592164,666,nvss,Deaths,age-adjusted rate
1992,A,All,55,64,All Origins,666,15,cvd_ihd,total,5.57893619400554,666,nvss,Deaths,age-adjusted rate
1992,A,All,65,74,All Origins,666,15,cvd_ihd,total,11.8108123922801,666,nvss,Deaths,age-adjusted rate
1992,A,All,75,84,All Origins,666,15,cvd_ihd,total,22.4040768520341,666,nvss,Deaths,age-adjusted rate
1992,A,All,85,150,All Origins,666,15,cvd_ihd,total,27.8369259376221,666,nvss,Deaths,age-adjusted rate
1992,A,All,25,34,All Origins,666,15,cvd_stroke,total,0.26460486031101,666,nvss,Deaths,age-adjusted rate
1992,A,All,35,44,All Origins,666,15,cvd_stroke,total,0.596291019456019,666,nvss,Deaths,age-adjusted rate
1992,A,All,45,54,All Origins,666,15,cvd_stroke,total,1.30911738058209,666,nvss,Deaths,age-adjusted rate
1992,A,All,55,64,All Origins,666,15,cvd_stroke,total,1.76666312810176,666,nvss,Deaths,age-adjusted rate
1992,A,All,65,74,All Origins,666,15,cvd_stroke,total,2.08898722584546,666,nvss,Deaths,age-adjusted rate
1992,A,All,75,84,All Origins,666,15,cvd_stroke,total,4.27816542903163,666,nvss,Deaths,age-adjusted rate
1992,A,All,85,150,All Origins,666,15,cvd_stroke,total,3.39474706556367,666,nvss,Deaths,age-adjusted rate
1992,A,All,65,74,All Origins,666,15,lri,total,0.160691325065036,666,nvss,Deaths,age-adjusted rate
1992,A,All,75,84,All Origins,666,15,lri,total,0.11258330076399,666,nvss,Deaths,age-adjusted rate
1992,A,All,85,150,All Origins,666,15,lri,total,0.271579765245094,666,nvss,Deaths,age-adjusted rate
1992,A,All,25,34,All Origins,666,15,ncd_lri,total,6.87972636808625,666,nvss,Deaths,age-adjusted rate
1992,A,All,35,44,All Origins,666,15,ncd_lri,total,18.7405748971892,666,nvss,Deaths,age-adjusted rate
1992,A,All,45,54,All Origins,666,15,ncd_lri,total,43.0917804441603,666,nvss,Deaths,age-adjusted rate
1992,A,All,55,64,All Origins,666,15,ncd_lri,total,73.3630109511729,666,nvss,Deaths,age-adjusted rate
1992,A,All,65,74,All Origins,666,15,ncd_lri,total,118.429506572931,666,nvss,Deaths,age-adjusted rate
1992,A,All,75,84,All Origins,666,15,ncd_lri,total,181.484280831552,666,nvss,Deaths,age-adjusted rate
1992,A,All,85,150,All Origins,666,15,ncd_lri,total,173.81104975686,666,nvss,Deaths,age-adjusted rate
1992,A,All,35,44,All Origins,666,15,neo_lung,total,0.681475450806879,666,nvss,Deaths,age-adjusted rate
1992,A,All,45,54,All Origins,666,15,neo_lung,total,4.5819108320373,666,nvss,Deaths,age-adjusted rate
1992,A,All,55,64,All Origins,666,15,neo_lung,total,9.20524472010915,666,nvss,Deaths,age-adjusted rate
1992,A,All,65,74,All Origins,666,15,neo_lung,total,13.337379980398,666,nvss,Deaths,age-adjusted rate
1992,A,All,75,84,All Origins,666,15,neo_lung,total,10.2450803695231,666,nvss,Deaths,age-adjusted rate
1992,A,All,85,150,All Origins,666,15,neo_lung,total,4.88843577441169,666,nvss,Deaths,age-adjusted rate
1992,A,All,25,34,All Origins,666,15,resp_copd,total,0.330756075388762,666,nvss,Deaths,age-adjusted rate
1992,A,All,35,44,All Origins,666,15,resp_copd,total,0.25555329405258,666,nvss,Deaths,age-adjusted rate
1992,A,All,45,54,All Origins,666,15,resp_copd,total,0.218186230097014,666,nvss,Deaths,age-adjusted rate
1992,A,All,55,64,All Origins,666,15,resp_copd,total,1.76666312810176,666,nvss,Deaths,age-adjusted rate
1992,A,All,65,74,All Origins,666,15,resp_copd,total,4.57970276435351,666,nvss,Deaths,age-adjusted rate
1992,A,All,75,84,All Origins,666,15,resp_copd,total,7.65566445195134,666,nvss,Deaths,age-adjusted rate
1992,A,All,85,150,All Origins,666,15,resp_copd,total,4.61685600916659,666,nvss,Deaths,age-adjusted rate
1992,A,All,25,34,All Origins,666,15,t2_dm,total,0.198453645233257,666,nvss,Deaths,age-adjusted rate
1992,A,All,35,44,All Origins,666,15,t2_dm,total,0.25555329405258,666,nvss,Deaths,age-adjusted rate
1992,A,All,45,54,All Origins,666,15,t2_dm,total,1.30911738058209,666,nvss,Deaths,age-adjusted rate
1992,A,All,55,64,All Origins,666,15,t2_dm,total,2.78946809700277,666,nvss,Deaths,age-adjusted rate
1992,A,All,65,74,All Origins,666,15,t2_dm,total,3.85659180156085,666,nvss,Deaths,age-adjusted rate
1992,A,All,75,84,All Origins,666,15,t2_dm,total,5.51658173743552,666,nvss,Deaths,age-adjusted rate
1992,A,All,85,150,All Origins,666,15,t2_dm,total,3.53053694818622,666,nvss,Deaths,age-adjusted rate
1992,A,All,25,34,All Origins,666,16,all-cause,overall,13.9035671222826,666,nvss,Deaths,age-adjusted rate
1992,A,All,35,44,All Origins,666,16,all-cause,overall,24.3084356495505,666,nvss,Deaths,age-adjusted rate
1992,A,All,45,54,All Origins,666,16,all-cause,overall,47.058740930513,666,nvss,Deaths,age-adjusted rate
1992,A,All,55,64,All Origins,666,16,all-cause,overall,80.787083646879,666,nvss,Deaths,age-adjusted rate
1992,A,All,65,74,All Origins,666,16,all-cause,overall,146.718345112283,666,nvss,Deaths,age-adjusted rate
1992,A,All,75,84,All Origins,666,16,all-cause,overall,256.236119592322,666,nvss,Deaths,age-adjusted rate
1992,A,All,85,150,All Origins,666,16,all-cause,overall,229.692655086936,666,nvss,Deaths,age-adjusted rate
1992,A,All,35,44,All Origins,666,16,cvd_ihd,total,0.195248479112856,666,nvss,Deaths,age-adjusted rate
1992,A,All,45,54,All Origins,666,16,cvd_ihd,total,1.92567737823071,666,nvss,Deaths,age-adjusted rate
1992,A,All,55,64,All Origins,666,16,cvd_ihd,total,6.93680374775051,666,nvss,Deaths,age-adjusted rate
1992,A,All,65,74,All Origins,666,16,cvd_ihd,total,11.3929017984917,666,nvss,Deaths,age-adjusted rate
1992,A,All,75,84,All Origins,666,16,cvd_ihd,total,28.182864750955,666,nvss,Deaths,age-adjusted rate
1992,A,All,85,150,All Origins,666,16,cvd_ihd,total,26.5882173090988,666,nvss,Deaths,age-adjusted rate
1992,A,All,45,54,All Origins,666,16,cvd_stroke,total,0.722129016836516,666,nvss,Deaths,age-adjusted rate
1992,A,All,55,64,All Origins,666,16,cvd_stroke,total,1.1739206342347,666,nvss,Deaths,age-adjusted rate
1992,A,All,65,74,All Origins,666,16,cvd_stroke,total,0.648376525117413,666,nvss,Deaths,age-adjusted rate
1992,A,All,75,84,All Origins,666,16,cvd_stroke,total,2.59033683372748,666,nvss,Deaths,age-adjusted rate
1992,A,All,85,150,All Origins,666,16,cvd_stroke,total,2.09259117710499,666,nvss,Deaths,age-adjusted rate
1992,A,All,65,74,All Origins,666,16,lri,total,0.277875653621748,666,nvss,Deaths,age-adjusted rate
1992,A,All,75,84,All Origins,666,16,lri,total,0.828907786792794,666,nvss,Deaths,age-adjusted rate
1992,A,All,85,150,All Origins,666,16,lri,total,1.35402958518558,666,nvss,Deaths,age-adjusted rate
1992,A,All,25,34,All Origins,666,16,ncd_lri,total,4.27802065301003,666,nvss,Deaths,age-adjusted rate
1992,A,All,35,44,All Origins,666,16,ncd_lri,total,13.472145058787,666,nvss,Deaths,age-adjusted rate
1992,A,All,45,54,All Origins,666,16,ncd_lri,total,37.6710637116383,666,nvss,Deaths,age-adjusted rate
1992,A,All,55,64,All Origins,666,16,ncd_lri,total,74.1704400721016,666,nvss,Deaths,age-adjusted rate
1992,A,All,65,74,All Origins,666,16,ncd_lri,total,135.695944185287,666,nvss,Deaths,age-adjusted rate
1992,A,All,75,84,All Origins,666,16,ncd_lri,total,233.855609348917,666,nvss,Deaths,age-adjusted rate
1992,A,All,85,150,All Origins,666,16,ncd_lri,total,193.872417878845,666,nvss,Deaths,age-adjusted rate
1992,A,All,35,44,All Origins,666,16,neo_lung,total,0.195248479112856,666,nvss,Deaths,age-adjusted rate
1992,A,All,45,54,All Origins,666,16,neo_lung,total,3.730999920322,666,nvss,Deaths,age-adjusted rate
1992,A,All,55,64,All Origins,666,16,neo_lung,total,10.2451255351392,666,nvss,Deaths,age-adjusted rate
1992,A,All,65,74,All Origins,666,16,neo_lung,total,16.2094131279353,666,nvss,Deaths,age-adjusted rate
1992,A,All,75,84,All Origins,666,16,neo_lung,total,14.609499742223,666,nvss,Deaths,age-adjusted rate
1992,A,All,85,150,All Origins,666,16,neo_lung,total,2.58496557171793,666,nvss,Deaths,age-adjusted rate
1992,A,All,25,34,All Origins,666,16,resp_copd,total,0.0891254302710422,666,nvss,Deaths,age-adjusted rate
1992,A,All,45,54,All Origins,666,16,resp_copd,total,1.56461286981245,666,nvss,Deaths,age-adjusted rate
1992,A,All,55,64,All Origins,666,16,resp_copd,total,3.7352020180195,666,nvss,Deaths,age-adjusted rate
1992,A,All,65,74,All Origins,666,16,resp_copd,total,11.7634026699874,666,nvss,Deaths,age-adjusted rate
1992,A,All,75,84,All Origins,666,16,resp_copd,total,20.5154677231216,666,nvss,Deaths,age-adjusted rate
1992,A,All,85,150,All Origins,666,16,resp_copd,total,6.64705432727469,666,nvss,Deaths,age-adjusted rate
1992,A,All,25,34,All Origins,666,16,t2_dm,total,0.267376290813127,666,nvss,Deaths,age-adjusted rate
1992,A,All,35,44,All Origins,666,16,t2_dm,total,0.683369676894995,666,nvss,Deaths,age-adjusted rate
1992,A,All,45,54,All Origins,666,16,t2_dm,total,0.962838689115355,666,nvss,Deaths,age-adjusted rate
1992,A,All,55,64,All Origins,666,16,t2_dm,total,2.0276810954963,666,nvss,Deaths,age-adjusted rate
1992,A,All,65,74,All Origins,666,16,t2_dm,total,3.61238349708273,666,nvss,Deaths,age-adjusted rate
1992,A,All,75,84,All Origins,666,16,t2_dm,total,7.35655660778604,666,nvss,Deaths,age-adjusted rate
1992,A,All,85,150,All Origins,666,16,t2_dm,total,5.2930247420891,666,nvss,Deaths,age-adjusted rate
1992,A,All,25,34,All Origins,666,17,all-cause,overall,17.9757120102143,666,nvss,Deaths,age-adjusted rate
1992,A,All,35,44,All Origins,666,17,all-cause,overall,36.8842470801534,666,nvss,Deaths,age-adjusted rate
1992,A,All,45,54,All Origins,666,17,all-cause,overall,64.2792266886129,666,nvss,Deaths,age-adjusted rate
1992,A,All,55,64,All Origins,666,17,all-cause,overall,101.720189954454,666,nvss,Deaths,age-adjusted rate
1992,A,All,65,74,All Origins,666,17,all-cause,overall,178.965913353939,666,nvss,Deaths,age-adjusted rate
1992,A,All,75,84,All Origins,666,17,all-cause,overall,262.157628359442,666,nvss,Deaths,age-adjusted rate
1992,A,All,85,150,All Origins,666,17,all-cause,overall,229.014223078898,666,nvss,Deaths,age-adjusted rate
1992,A,All,25,34,All Origins,666,17,cvd_ihd,total,0.122561672796916,666,nvss,Deaths,age-adjusted rate
1992,A,All,35,44,All Origins,666,17,cvd_ihd,total,1.2432892274209,666,nvss,Deaths,age-adjusted rate
1992,A,All,45,54,All Origins,666,17,cvd_ihd,total,3.22201637536907,666,nvss,Deaths,age-adjusted rate
1992,A,All,55,64,All Origins,666,17,cvd_ihd,total,6.80317436390662,666,nvss,Deaths,age-adjusted rate
1992,A,All,65,74,All Origins,666,17,cvd_ihd,total,16.5384999209121,666,nvss,Deaths,age-adjusted rate
1992,A,All,75,84,All Origins,666,17,cvd_ihd,total,32.8365005789362,666,nvss,Deaths,age-adjusted rate
1992,A,All,85,150,All Origins,666,17,cvd_ihd,total,43.9275961518946,666,nvss,Deaths,age-adjusted rate
1992,A,All,25,34,All Origins,666,17,cvd_stroke,total,0.108943709152814,666,nvss,Deaths,age-adjusted rate
1992,A,All,35,44,All Origins,666,17,cvd_stroke,total,0.585607244799699,666,nvss,Deaths,age-adjusted rate
1992,A,All,45,54,All Origins,666,17,cvd_stroke,total,0.869944421349648,666,nvss,Deaths,age-adjusted rate
1992,A,All,55,64,All Origins,666,17,cvd_stroke,total,1.12779895872249,666,nvss,Deaths,age-adjusted rate
1992,A,All,65,74,All Origins,666,17,cvd_stroke,total,1.76655799058558,666,nvss,Deaths,age-adjusted rate
1992,A,All,75,84,All Origins,666,17,cvd_stroke,total,3.97096850435508,666,nvss,Deaths,age-adjusted rate
1992,A,All,85,150,All Origins,666,17,cvd_stroke,total,3.89520426166394,666,nvss,Deaths,age-adjusted rate
1992,A,All,35,44,All Origins,666,17,lri,total,0.00900934222768768,666,nvss,Deaths,age-adjusted rate
1992,A,All,45,54,All Origins,666,17,lri,total,0.0214801091691271,666,nvss,Deaths,age-adjusted rate
1992,A,All,55,64,All Origins,666,17,lri,total,0.0545709173575397,666,nvss,Deaths,age-adjusted rate
1992,A,All,65,74,All Origins,666,17,lri,total,0.023980425211569,666,nvss,Deaths,age-adjusted rate
1992,A,All,75,84,All Origins,666,17,lri,total,0.0368535360032954,666,nvss,Deaths,age-adjusted rate
1992,A,All,85,150,All Origins,666,17,lri,total,0.0991146122560798,666,nvss,Deaths,age-adjusted rate
1992,A,All,25,34,All Origins,666,17,ncd_lri,total,8.20482309557131,666,nvss,Deaths,age-adjusted rate
1992,A,All,35,44,All Origins,666,17,ncd_lri,total,25.8027561400975,666,nvss,Deaths,age-adjusted rate
1992,A,All,45,54,All Origins,666,17,ncd_lri,total,56.1382653135137,666,nvss,Deaths,age-adjusted rate
1992,A,All,55,64,All Origins,666,17,ncd_lri,total,94.7714931442606,666,nvss,Deaths,age-adjusted rate
1992,A,All,65,74,All Origins,666,17,ncd_lri,total,169.261834618324,666,nvss,Deaths,age-adjusted rate
1992,A,All,75,84,All Origins,666,17,ncd_lri,total,242.735814885705,666,nvss,Deaths,age-adjusted rate
1992,A,All,85,150,All Origins,666,17,ncd_lri,total,205.920518423232,666,nvss,Deaths,age-adjusted rate
1992,A,All,25,34,All Origins,666,17,neo_lung,total,0.0885167636866615,666,nvss,Deaths,age-adjusted rate
1992,A,All,35,44,All Origins,666,17,neo_lung,total,1.1712144895994,666,nvss,Deaths,age-adjusted rate
1992,A,All,45,54,All Origins,666,17,neo_lung,total,6.00369051277103,666,nvss,Deaths,age-adjusted rate
1992,A,All,55,64,All Origins,666,17,neo_lung,total,14.0974869840311,666,nvss,Deaths,age-adjusted rate
1992,A,All,65,74,All Origins,666,17,neo_lung,total,20.1995115032116,666,nvss,Deaths,age-adjusted rate
1992,A,All,75,84,All Origins,666,17,neo_lung,total,15.2020836013594,666,nvss,Deaths,age-adjusted rate
1992,A,All,85,150,All Origins,666,17,neo_lung,total,3.70688649837739,666,nvss,Deaths,age-adjusted rate
1992,A,All,25,34,All Origins,666,17,resp_copd,total,0.129370654618967,666,nvss,Deaths,age-adjusted rate
1992,A,All,35,44,All Origins,666,17,resp_copd,total,0.360373689107507,666,nvss,Deaths,age-adjusted rate
1992,A,All,45,54,All Origins,666,17,resp_copd,total,1.05252534928723,666,nvss,Deaths,age-adjusted rate
1992,A,All,55,64,All Origins,666,17,resp_copd,total,3.48344355798962,666,nvss,Deaths,age-adjusted rate
1992,A,All,65,74,All Origins,666,17,resp_copd,total,9.60016355969812,666,nvss,Deaths,age-adjusted rate
1992,A,All,75,84,All Origins,666,17,resp_copd,total,13.2580595771855,666,nvss,Deaths,age-adjusted rate
1992,A,All,85,150,All Origins,666,17,resp_copd,total,6.51183002522445,666,nvss,Deaths,age-adjusted rate
1992,A,All,25,34,All Origins,666,17,t2_dm,total,0.190651491017425,666,nvss,Deaths,age-adjusted rate
1992,A,All,35,44,All Origins,666,17,t2_dm,total,0.630653955938138,666,nvss,Deaths,age-adjusted rate
1992,A,All,45,54,All Origins,666,17,t2_dm,total,1.60026813309997,666,nvss,Deaths,age-adjusted rate
1992,A,All,55,64,All Origins,666,17,t2_dm,total,2.85587800837791,666,nvss,Deaths,age-adjusted rate
1992,A,All,65,74,All Origins,666,17,t2_dm,total,5.58743907429557,666,nvss,Deaths,age-adjusted rate
1992,A,All,75,84,All Origins,666,17,t2_dm,total,6.55992940858659,666,nvss,Deaths,age-adjusted rate
1992,A,All,85,150,All Origins,666,17,t2_dm,total,4.07361056372488,666,nvss,Deaths,age-adjusted rate
1992,A,All,25,34,All Origins,666,18,all-cause,overall,16.2862469629585,666,nvss,Deaths,age-adjusted rate
1992,A,All,35,44,All Origins,666,18,all-cause,overall,29.6816450311742,666,nvss,Deaths,age-adjusted rate
1992,A,All,45,54,All Origins,666,18,all-cause,overall,55.1891685531431,666,nvss,Deaths,age-adjusted rate
1992,A,All,55,64,All Origins,666,18,all-cause,overall,98.9115377809403,666,nvss,Deaths,age-adjusted rate
1992,A,All,65,74,All Origins,666,18,all-cause,overall,182.14327737535,666,nvss,Deaths,age-adjusted rate
1992,A,All,75,84,All Origins,666,18,all-cause,overall,279.089341594108,666,nvss,Deaths,age-adjusted rate
1992,A,All,85,150,All Origins,666,18,all-cause,overall,237.007524951708,666,nvss,Deaths,age-adjusted rate
1992,A,All,25,34,All Origins,666,18,cvd_ihd,total,0.166032174784563,666,nvss,Deaths,age-adjusted rate
1992,A,All,35,44,All Origins,666,18,cvd_ihd,total,1.16362391845922,666,nvss,Deaths,age-adjusted rate
1992,A,All,45,54,All Origins,666,18,cvd_ihd,total,3.91274559659965,666,nvss,Deaths,age-adjusted rate
1992,A,All,55,64,All Origins,666,18,cvd_ihd,total,9.75133023469157,666,nvss,Deaths,age-adjusted rate
1992,A,All,65,74,All Origins,666,18,cvd_ihd,total,19.8666516956354,666,nvss,Deaths,age-adjusted rate
1992,A,All,75,84,All Origins,666,18,cvd_ihd,total,37.8207877999043,666,nvss,Deaths,age-adjusted rate
1992,A,All,85,150,All Origins,666,18,cvd_ihd,total,43.249995295614,666,nvss,Deaths,age-adjusted rate
1992,A,All,25,34,All Origins,666,18,cvd_stroke,total,0.135844506641915,666,nvss,Deaths,age-adjusted rate
1992,A,All,35,44,All Origins,666,18,cvd_stroke,total,0.443285302270181,666,nvss,Deaths,age-adjusted rate
1992,A,All,45,54,All Origins,666,18,cvd_stroke,total,0.929547296429751,666,nvss,Deaths,age-adjusted rate
1992,A,All,55,64,All Origins,666,18,cvd_stroke,total,0.88978618528843,666,nvss,Deaths,age-adjusted rate
1992,A,All,65,74,All Origins,666,18,cvd_stroke,total,1.55056793722033,666,nvss,Deaths,age-adjusted rate
1992,A,All,75,84,All Origins,666,18,cvd_stroke,total,3.57634292363101,666,nvss,Deaths,age-adjusted rate
1992,A,All,85,150,All Origins,666,18,cvd_stroke,total,3.24528043983135,666,nvss,Deaths,age-adjusted rate
1992,A,All,45,54,All Origins,666,18,lri,total,0.0432347579734768,666,nvss,Deaths,age-adjusted rate
1992,A,All,55,64,All Origins,666,18,lri,total,0.0363178034811604,666,nvss,Deaths,age-adjusted rate
1992,A,All,65,74,All Origins,666,18,lri,total,0.0969104960762704,666,nvss,Deaths,age-adjusted rate
1992,A,All,75,84,All Origins,666,18,lri,total,0.211504151397533,666,nvss,Deaths,age-adjusted rate
1992,A,All,85,150,All Origins,666,18,lri,total,0.102052844019854,666,nvss,Deaths,age-adjusted rate
1992,A,All,25,34,All Origins,666,18,ncd_lri,total,6.92806983873767,666,nvss,Deaths,age-adjusted rate
1992,A,All,35,44,All Origins,666,18,ncd_lri,total,20.3357132416445,666,nvss,Deaths,age-adjusted rate
1992,A,All,45,54,All Origins,666,18,ncd_lri,total,47.1475035700764,666,nvss,Deaths,age-adjusted rate
1992,A,All,55,64,All Origins,666,18,ncd_lri,total,92.3380153508503,666,nvss,Deaths,age-adjusted rate
1992,A,All,65,74,All Origins,666,18,ncd_lri,total,171.515426305653,666,nvss,Deaths,age-adjusted rate
1992,A,All,75,84,All Origins,666,18,ncd_lri,total,257.227503399654,666,nvss,Deaths,age-adjusted rate
1992,A,All,85,150,All Origins,666,18,ncd_lri,total,211.902525322824,666,nvss,Deaths,age-adjusted rate
1992,A,All,25,34,All Origins,666,18,neo_lung,total,0.105656838499267,666,nvss,Deaths,age-adjusted rate
1992,A,All,35,44,All Origins,666,18,neo_lung,total,1.01586215103583,666,nvss,Deaths,age-adjusted rate
1992,A,All,45,54,All Origins,666,18,neo_lung,total,6.31227466412761,666,nvss,Deaths,age-adjusted rate
1992,A,All,55,64,All Origins,666,18,neo_lung,total,15.3261130690497,666,nvss,Deaths,age-adjusted rate
1992,A,All,65,74,All Origins,666,18,neo_lung,total,22.7093595805394,666,nvss,Deaths,age-adjusted rate
1992,A,All,75,84,All Origins,666,18,neo_lung,total,16.9395597619297,666,nvss,Deaths,age-adjusted rate
1992,A,All,85,150,All Origins,666,18,neo_lung,total,3.42897555906708,666,nvss,Deaths,age-adjusted rate
1992,A,All,25,34,All Origins,666,18,resp_copd,total,0.105656838499267,666,nvss,Deaths,age-adjusted rate
1992,A,All,35,44,All Origins,666,18,resp_copd,total,0.387874639486408,666,nvss,Deaths,age-adjusted rate
1992,A,All,45,54,All Origins,666,18,resp_copd,total,1.2970427392043,666,nvss,Deaths,age-adjusted rate
1992,A,All,55,64,All Origins,666,18,resp_copd,total,4.28550081077693,666,nvss,Deaths,age-adjusted rate
1992,A,All,65,74,All Origins,666,18,resp_copd,total,12.3883917484166,666,nvss,Deaths,age-adjusted rate
1992,A,All,75,84,All Origins,666,18,resp_copd,total,16.2281367072289,666,nvss,Deaths,age-adjusted rate
1992,A,All,85,150,All Origins,666,18,resp_copd,total,6.59261372368254,666,nvss,Deaths,age-adjusted rate
1992,A,All,25,34,All Origins,666,18,t2_dm,total,0.27168901328383,666,nvss,Deaths,age-adjusted rate
1992,A,All,35,44,All Origins,666,18,t2_dm,total,0.664927953405271,666,nvss,Deaths,age-adjusted rate
1992,A,All,45,54,All Origins,666,18,t2_dm,total,1.68615556096559,666,nvss,Deaths,age-adjusted rate
1992,A,All,55,64,All Origins,666,18,t2_dm,total,3.12333109937979,666,nvss,Deaths,age-adjusted rate
1992,A,All,65,74,All Origins,666,18,t2_dm,total,5.39468428157905,666,nvss,Deaths,age-adjusted rate
1992,A,All,75,84,All Origins,666,18,t2_dm,total,7.46032824929479,666,nvss,Deaths,age-adjusted rate
1992,A,All,85,150,All Origins,666,18,t2_dm,total,4.65360968730532,666,nvss,Deaths,age-adjusted rate
1992,A,All,25,34,All Origins,666,19,all-cause,overall,12.236212949894,666,nvss,Deaths,age-adjusted rate
1992,A,All,35,44,All Origins,666,19,all-cause,overall,21.7705947507442,666,nvss,Deaths,age-adjusted rate
1992,A,All,45,54,All Origins,666,19,all-cause,overall,47.9655008012172,666,nvss,Deaths,age-adjusted rate
1992,A,All,55,64,All Origins,666,19,all-cause,overall,82.0803948275539,666,nvss,Deaths,age-adjusted rate
1992,A,All,65,74,All Origins,666,19,all-cause,overall,152.999183767177,666,nvss,Deaths,age-adjusted rate
1992,A,All,75,84,All Origins,666,19,all-cause,overall,245.473344782505,666,nvss,Deaths,age-adjusted rate
1992,A,All,85,150,All Origins,666,19,all-cause,overall,219.03990074989,666,nvss,Deaths,age-adjusted rate
1992,A,All,25,34,All Origins,666,19,cvd_ihd,total,0.0659634121288088,666,nvss,Deaths,age-adjusted rate
1992,A,All,35,44,All Origins,666,19,cvd_ihd,total,0.76792221343013,666,nvss,Deaths,age-adjusted rate
1992,A,All,45,54,All Origins,666,19,cvd_ihd,total,3.06357345441521,666,nvss,Deaths,age-adjusted rate
1992,A,All,55,64,All Origins,666,19,cvd_ihd,total,7.14665506688184,666,nvss,Deaths,age-adjusted rate
1992,A,All,65,74,All Origins,666,19,cvd_ihd,total,15.9598236534638,666,nvss,Deaths,age-adjusted rate
1992,A,All,75,84,All Origins,666,19,cvd_ihd,total,30.6992463130946,666,nvss,Deaths,age-adjusted rate
1992,A,All,85,150,All Origins,666,19,cvd_ihd,total,37.2502211582022,666,nvss,Deaths,age-adjusted rate
1992,A,All,25,34,All Origins,666,19,cvd_stroke,total,0.0989451181932131,666,nvss,Deaths,age-adjusted rate
1992,A,All,35,44,All Origins,666,19,cvd_stroke,total,0.191980553357532,666,nvss,Deaths,age-adjusted rate
1992,A,All,45,54,All Origins,666,19,cvd_stroke,total,0.685874653973554,666,nvss,Deaths,age-adjusted rate
1992,A,All,55,64,All Origins,666,19,cvd_stroke,total,0.919866493757069,666,nvss,Deaths,age-adjusted rate
1992,A,All,65,74,All Origins,666,19,cvd_stroke,total,1.30818226667736,666,nvss,Deaths,age-adjusted rate
1992,A,All,75,84,All Origins,666,19,cvd_stroke,total,2.65376588954059,666,nvss,Deaths,age-adjusted rate
1992,A,All,85,150,All Origins,666,19,cvd_stroke,total,2.09633279245294,666,nvss,Deaths,age-adjusted rate
1992,A,All,55,64,All Origins,666,19,lri,total,0.106138441587354,666,nvss,Deaths,age-adjusted rate
1992,A,All,65,74,All Origins,666,19,lri,total,0.116282868149099,666,nvss,Deaths,age-adjusted rate
1992,A,All,75,84,All Origins,666,19,lri,total,0.0301564305629613,666,nvss,Deaths,age-adjusted rate
1992,A,All,85,150,All Origins,666,19,lri,total,0.295636675858748,666,nvss,Deaths,age-adjusted rate
1992,A,All,25,34,All Origins,666,19,ncd_lri,total,5.01321932178947,666,nvss,Deaths,age-adjusted rate
1992,A,All,35,44,All Origins,666,19,ncd_lri,total,14.705710387187,666,nvss,Deaths,age-adjusted rate
1992,A,All,45,54,All Origins,666,19,ncd_lri,total,42.1584287309078,666,nvss,Deaths,age-adjusted rate
1992,A,All,55,64,All Origins,666,19,ncd_lri,total,76.8088522287153,666,nvss,Deaths,age-adjusted rate
1992,A,All,65,74,All Origins,666,19,ncd_lri,total,144.53960510933,666,nvss,Deaths,age-adjusted rate
1992,A,All,75,84,All Origins,666,19,ncd_lri,total,225.208223444195,666,nvss,Deaths,age-adjusted rate
1992,A,All,85,150,All Origins,666,19,ncd_lri,total,190.793160174659,666,nvss,Deaths,age-adjusted rate
1992,A,All,25,34,All Origins,666,19,neo_lung,total,0.197890236386426,666,nvss,Deaths,age-adjusted rate
1992,A,All,35,44,All Origins,666,19,neo_lung,total,0.65273388141561,666,nvss,Deaths,age-adjusted rate
1992,A,All,45,54,All Origins,666,19,neo_lung,total,5.0754724394043,666,nvss,Deaths,age-adjusted rate
1992,A,All,55,64,All Origins,666,19,neo_lung,total,11.7459875356672,666,nvss,Deaths,age-adjusted rate
1992,A,All,65,74,All Origins,666,19,neo_lung,total,18.6634003379304,666,nvss,Deaths,age-adjusted rate
1992,A,All,75,84,All Origins,666,19,neo_lung,total,14.2338352257177,666,nvss,Deaths,age-adjusted rate
1992,A,All,85,150,All Origins,666,19,neo_lung,total,2.79511038993725,666,nvss,Deaths,age-adjusted rate
1992,A,All,25,34,All Origins,666,19,resp_copd,total,0.0659634121288088,666,nvss,Deaths,age-adjusted rate
1992,A,All,35,44,All Origins,666,19,resp_copd,total,0.076792221343013,666,nvss,Deaths,age-adjusted rate
1992,A,All,45,54,All Origins,666,19,resp_copd,total,1.14312442328926,666,nvss,Deaths,age-adjusted rate
1992,A,All,55,64,All Origins,666,19,resp_copd,total,3.82098389714475,666,nvss,Deaths,age-adjusted rate
1992,A,All,65,74,All Origins,666,19,resp_copd,total,9.91311450971068,666,nvss,Deaths,age-adjusted rate
1992,A,All,75,84,All Origins,666,19,resp_copd,total,14.022740211777,666,nvss,Deaths,age-adjusted rate
1992,A,All,85,150,All Origins,666,19,resp_copd,total,6.07398988582518,666,nvss,Deaths,age-adjusted rate
1992,A,All,25,34,All Origins,666,19,t2_dm,total,0.197890236386426,666,nvss,Deaths,age-adjusted rate
1992,A,All,35,44,All Origins,666,19,t2_dm,total,0.499149438729584,666,nvss,Deaths,age-adjusted rate
1992,A,All,45,54,All Origins,666,19,t2_dm,total,1.2345743771524,666,nvss,Deaths,age-adjusted rate
1992,A,All,55,64,All Origins,666,19,t2_dm,total,2.01663039015973,666,nvss,Deaths,age-adjusted rate
1992,A,All,65,74,All Origins,666,19,t2_dm,total,3.28499102521204,666,nvss,Deaths,age-adjusted rate
1992,A,All,75,84,All Origins,666,19,t2_dm,total,5.03612390401454,666,nvss,Deaths,age-adjusted rate
1992,A,All,85,150,All Origins,666,19,t2_dm,total,3.27887949588793,666,nvss,Deaths,age-adjusted rate
1992,A,All,25,34,All Origins,666,20,all-cause,overall,13.9539062376867,666,nvss,Deaths,age-adjusted rate
1992,A,All,35,44,All Origins,666,20,all-cause,overall,27.620919596993,666,nvss,Deaths,age-adjusted rate
1992,A,All,45,54,All Origins,666,20,all-cause,overall,52.074347688038,666,nvss,Deaths,age-adjusted rate
1992,A,All,55,64,All Origins,666,20,all-cause,overall,88.4397967395141,666,nvss,Deaths,age-adjusted rate
1992,A,All,65,74,All Origins,666,20,all-cause,overall,154.959862164449,666,nvss,Deaths,age-adjusted rate
1992,A,All,75,84,All Origins,666,20,all-cause,overall,241.441459795531,666,nvss,Deaths,age-adjusted rate
1992,A,All,85,150,All Origins,666,20,all-cause,overall,222.074908459983,666,nvss,Deaths,age-adjusted rate
1992,A,All,25,34,All Origins,666,20,cvd_ihd,total,0.0679022201347283,666,nvss,Deaths,age-adjusted rate
1992,A,All,35,44,All Origins,666,20,cvd_ihd,total,0.835731303993737,666,nvss,Deaths,age-adjusted rate
1992,A,All,45,54,All Origins,666,20,cvd_ihd,total,3.0477418424886,666,nvss,Deaths,age-adjusted rate
1992,A,All,55,64,All Origins,666,20,cvd_ihd,total,6.41730384798973,666,nvss,Deaths,age-adjusted rate
1992,A,All,65,74,All Origins,666,20,cvd_ihd,total,14.3159808631231,666,nvss,Deaths,age-adjusted rate
1992,A,All,75,84,All Origins,666,20,cvd_ihd,total,27.1881612518382,666,nvss,Deaths,age-adjusted rate
1992,A,All,85,150,All Origins,666,20,cvd_ihd,total,35.7897814807383,666,nvss,Deaths,age-adjusted rate
1992,A,All,25,34,All Origins,666,20,cvd_stroke,total,0.101853330202092,666,nvss,Deaths,age-adjusted rate
1992,A,All,35,44,All Origins,666,20,cvd_stroke,total,0.125359695599061,666,nvss,Deaths,age-adjusted rate
1992,A,All,45,54,All Origins,666,20,cvd_stroke,total,0.998398189780748,666,nvss,Deaths,age-adjusted rate
1992,A,All,55,64,All Origins,666,20,cvd_stroke,total,1.1899636274418,666,nvss,Deaths,age-adjusted rate
1992,A,All,65,74,All Origins,666,20,cvd_stroke,total,1.38198825163812,666,nvss,Deaths,age-adjusted rate
1992,A,All,75,84,All Origins,666,20,cvd_stroke,total,3.44106074258314,666,nvss,Deaths,age-adjusted rate
1992,A,All,85,150,All Origins,666,20,cvd_stroke,total,2.60538639131811,666,nvss,Deaths,age-adjusted rate
1992,A,All,55,64,All Origins,666,20,lri,total,0.0424987009800644,666,nvss,Deaths,age-adjusted rate
1992,A,All,65,74,All Origins,666,20,lri,total,0.0708711923916986,666,nvss,Deaths,age-adjusted rate
1992,A,All,75,84,All Origins,666,20,lri,total,0.189069271570502,666,nvss,Deaths,age-adjusted rate
1992,A,All,85,150,All Origins,666,20,lri,total,0.171406999428823,666,nvss,Deaths,age-adjusted rate
1992,A,All,25,34,All Origins,666,20,ncd_lri,total,5.73773760138454,666,nvss,Deaths,age-adjusted rate
1992,A,All,35,44,All Origins,666,20,ncd_lri,total,17.9682230358654,666,nvss,Deaths,age-adjusted rate
1992,A,All,45,54,All Origins,666,20,ncd_lri,total,43.9820676234993,666,nvss,Deaths,age-adjusted rate
1992,A,All,55,64,All Origins,666,20,ncd_lri,total,82.447479901325,666,nvss,Deaths,age-adjusted rate
1992,A,All,65,74,All Origins,666,20,ncd_lri,total,144.435490094282,666,nvss,Deaths,age-adjusted rate
1992,A,All,75,84,All Origins,666,20,ncd_lri,total,222.080766386712,666,nvss,Deaths,age-adjusted rate
1992,A,All,85,150,All Origins,666,20,ncd_lri,total,193.895597753885,666,nvss,Deaths,age-adjusted rate
1992,A,All,25,34,All Origins,666,20,neo_lung,total,0.0339511100673642,666,nvss,Deaths,age-adjusted rate
1992,A,All,35,44,All Origins,666,20,neo_lung,total,1.21181039079092,666,nvss,Deaths,age-adjusted rate
1992,A,All,45,54,All Origins,666,20,neo_lung,total,5.09708549519645,666,nvss,Deaths,age-adjusted rate
1992,A,All,55,64,All Origins,666,20,neo_lung,total,12.0696310783383,666,nvss,Deaths,age-adjusted rate
1992,A,All,65,74,All Origins,666,20,neo_lung,total,18.1784608484707,666,nvss,Deaths,age-adjusted rate
1992,A,All,75,84,All Origins,666,20,neo_lung,total,14.5583339109286,666,nvss,Deaths,age-adjusted rate
1992,A,All,85,150,All Origins,666,20,neo_lung,total,3.73667258754835,666,nvss,Deaths,age-adjusted rate
1992,A,All,25,34,All Origins,666,20,resp_copd,total,0.0679022201347283,666,nvss,Deaths,age-adjusted rate
1992,A,All,35,44,All Origins,666,20,resp_copd,total,0.125359695599061,666,nvss,Deaths,age-adjusted rate
1992,A,All,45,54,All Origins,666,20,resp_copd,total,0.578020004609907,666,nvss,Deaths,age-adjusted rate
1992,A,All,55,64,All Origins,666,20,resp_copd,total,4.50486230388683,666,nvss,Deaths,age-adjusted rate
1992,A,All,65,74,All Origins,666,20,resp_copd,total,10.5952432625589,666,nvss,Deaths,age-adjusted rate
1992,A,All,75,84,All Origins,666,20,resp_copd,total,12.5163857779672,666,nvss,Deaths,age-adjusted rate
1992,A,All,85,150,All Origins,666,20,resp_copd,total,6.61631017795258,666,nvss,Deaths,age-adjusted rate
1992,A,All,25,34,All Origins,666,20,t2_dm,total,0.203706660404185,666,nvss,Deaths,age-adjusted rate
1992,A,All,35,44,All Origins,666,20,t2_dm,total,0.710371608394677,666,nvss,Deaths,age-adjusted rate
1992,A,All,45,54,All Origins,666,20,t2_dm,total,1.78660728697608,666,nvss,Deaths,age-adjusted rate
1992,A,All,55,64,All Origins,666,20,t2_dm,total,3.01740776958458,666,nvss,Deaths,age-adjusted rate
1992,A,All,65,74,All Origins,666,20,t2_dm,total,4.11052915871852,666,nvss,Deaths,age-adjusted rate
1992,A,All,75,84,All Origins,666,20,t2_dm,total,5.48300887554456,666,nvss,Deaths,age-adjusted rate
1992,A,All,85,150,All Origins,666,20,t2_dm,total,4.25089358583482,666,nvss,Deaths,age-adjusted rate
1992,A,All,25,34,All Origins,666,21,all-cause,overall,15.5204841505442,666,nvss,Deaths,age-adjusted rate
1992,A,All,35,44,All Origins,666,21,all-cause,overall,36.3503321910279,666,nvss,Deaths,age-adjusted rate
1992,A,All,45,54,All Origins,666,21,all-cause,overall,66.8027968881614,666,nvss,Deaths,age-adjusted rate
1992,A,All,55,64,All Origins,666,21,all-cause,overall,115.120991341598,666,nvss,Deaths,age-adjusted rate
1992,A,All,65,74,All Origins,666,21,all-cause,overall,193.498832426523,666,nvss,Deaths,age-adjusted rate
1992,A,All,75,84,All Origins,666,21,all-cause,overall,282.716984104955,666,nvss,Deaths,age-adjusted rate
1992,A,All,85,150,All Origins,666,21,all-cause,overall,239.319598829191,666,nvss,Deaths,age-adjusted rate
1992,A,All,25,34,All Origins,666,21,cvd_ihd,total,0.180733439889889,666,nvss,Deaths,age-adjusted rate
1992,A,All,35,44,All Origins,666,21,cvd_ihd,total,1.42495537412946,666,nvss,Deaths,age-adjusted rate
1992,A,All,45,54,All Origins,666,21,cvd_ihd,total,3.35952170037175,666,nvss,Deaths,age-adjusted rate
1992,A,All,55,64,All Origins,666,21,cvd_ihd,total,6.57988331865776,666,nvss,Deaths,age-adjusted rate
1992,A,All,65,74,All Origins,666,21,cvd_ihd,total,14.1158586703731,666,nvss,Deaths,age-adjusted rate
1992,A,All,75,84,All Origins,666,21,cvd_ihd,total,25.8685896901152,666,nvss,Deaths,age-adjusted rate
1992,A,All,85,150,All Origins,666,21,cvd_ihd,total,28.7346641142403,666,nvss,Deaths,age-adjusted rate
1992,A,All,25,34,All Origins,666,21,cvd_stroke,total,0.0225916799862361,666,nvss,Deaths,age-adjusted rate
1992,A,All,35,44,All Origins,666,21,cvd_stroke,total,0.391164220349263,666,nvss,Deaths,age-adjusted rate
1992,A,All,45,54,All Origins,666,21,cvd_stroke,total,0.516849492364885,666,nvss,Deaths,age-adjusted rate
1992,A,All,55,64,All Origins,666,21,cvd_stroke,total,0.997769191763676,666,nvss,Deaths,age-adjusted rate
1992,A,All,65,74,All Origins,666,21,cvd_stroke,total,1.7705458469712,666,nvss,Deaths,age-adjusted rate
1992,A,All,75,84,All Origins,666,21,cvd_stroke,total,3.67500497262459,666,nvss,Deaths,age-adjusted rate
1992,A,All,85,150,All Origins,666,21,cvd_stroke,total,3.6075178746044,666,nvss,Deaths,age-adjusted rate
1992,A,All,25,34,All Origins,666,21,lri,total,0.0225916799862361,666,nvss,Deaths,age-adjusted rate
1992,A,All,35,44,All Origins,666,21,lri,total,0.0279403014535188,666,nvss,Deaths,age-adjusted rate
1992,A,All,45,54,All Origins,666,21,lri,total,0.0323030932728053,666,nvss,Deaths,age-adjusted rate
1992,A,All,55,64,All Origins,666,21,lri,total,0.0539334698250636,666,nvss,Deaths,age-adjusted rate
1992,A,All,65,74,All Origins,666,21,lri,total,0.0970162107929422,666,nvss,Deaths,age-adjusted rate
1992,A,All,75,84,All Origins,666,21,lri,total,0.172265858091777,666,nvss,Deaths,age-adjusted rate
1992,A,All,85,150,All Origins,666,21,lri,total,0.219588044541137,666,nvss,Deaths,age-adjusted rate
1992,A,All,25,34,All Origins,666,21,ncd_lri,total,6.23530367620116,666,nvss,Deaths,age-adjusted rate
1992,A,All,35,44,All Origins,666,21,ncd_lri,total,24.5874652790965,666,nvss,Deaths,age-adjusted rate
1992,A,All,45,54,All Origins,666,21,ncd_lri,total,57.6287183986847,666,nvss,Deaths,age-adjusted rate
1992,A,All,55,64,All Origins,666,21,ncd_lri,total,107.219738012226,666,nvss,Deaths,age-adjusted rate
1992,A,All,65,74,All Origins,666,21,ncd_lri,total,181.007995286932,666,nvss,Deaths,age-adjusted rate
1992,A,All,75,84,All Origins,666,21,ncd_lri,total,257.623590776253,666,nvss,Deaths,age-adjusted rate
1992,A,All,85,150,All Origins,666,21,ncd_lri,total,209.141927565109,666,nvss,Deaths,age-adjusted rate
1992,A,All,25,34,All Origins,666,21,neo_lung,total,0.0225916799862361,666,nvss,Deaths,age-adjusted rate
1992,A,All,35,44,All Origins,666,21,neo_lung,total,1.76023899157168,666,nvss,Deaths,age-adjusted rate
1992,A,All,45,54,All Origins,666,21,neo_lung,total,7.81734857201888,666,nvss,Deaths,age-adjusted rate
1992,A,All,55,64,All Origins,666,21,neo_lung,total,19.6587497512357,666,nvss,Deaths,age-adjusted rate
1992,A,All,65,74,All Origins,666,21,neo_lung,total,27.5283498124974,666,nvss,Deaths,age-adjusted rate
1992,A,All,75,84,All Origins,666,21,neo_lung,total,18.7195565793065,666,nvss,Deaths,age-adjusted rate
1992,A,All,85,150,All Origins,666,21,neo_lung,total,4.26628200822781,666,nvss,Deaths,age-adjusted rate
1992,A,All,25,34,All Origins,666,21,resp_copd,total,0.0903667199449443,666,nvss,Deaths,age-adjusted rate
1992,A,All,35,44,All Origins,666,21,resp_copd,total,0.419104521802782,666,nvss,Deaths,age-adjusted rate
1992,A,All,45,54,All Origins,666,21,resp_copd,total,1.93818559636832,666,nvss,Deaths,age-adjusted rate
1992,A,All,55,64,All Origins,666,21,resp_copd,total,6.60685005357029,666,nvss,Deaths,age-adjusted rate
1992,A,All,65,74,All Origins,666,21,resp_copd,total,13.0971884570472,666,nvss,Deaths,age-adjusted rate
1992,A,All,75,84,All Origins,666,21,resp_copd,total,16.5949443295079,666,nvss,Deaths,age-adjusted rate
1992,A,All,85,150,All Origins,666,21,resp_copd,total,7.81106044153474,666,nvss,Deaths,age-adjusted rate
1992,A,All,25,34,All Origins,666,21,t2_dm,total,0.203325119876125,666,nvss,Deaths,age-adjusted rate
1992,A,All,35,44,All Origins,666,21,t2_dm,total,0.586746330523894,666,nvss,Deaths,age-adjusted rate
1992,A,All,45,54,All Origins,666,21,t2_dm,total,2.03509487618673,666,nvss,Deaths,age-adjusted rate
1992,A,All,55,64,All Origins,666,21,t2_dm,total,3.15510798476622,666,nvss,Deaths,age-adjusted rate
1992,A,All,65,74,All Origins,666,21,t2_dm,total,4.92357269774182,666,nvss,Deaths,age-adjusted rate
1992,A,All,75,84,All Origins,666,21,t2_dm,total,7.23516603985465,666,nvss,Deaths,age-adjusted rate
1992,A,All,85,150,All Origins,666,21,t2_dm,total,4.70545809731009,666,nvss,Deaths,age-adjusted rate
1992,A,All,25,34,All Origins,666,22,all-cause,overall,25.5157238753897,666,nvss,Deaths,age-adjusted rate
1992,A,All,35,44,All Origins,666,22,all-cause,overall,45.2769705950473,666,nvss,Deaths,age-adjusted rate
1992,A,All,45,54,All Origins,666,22,all-cause,overall,78.2433794608,666,nvss,Deaths,age-adjusted rate
1992,A,All,55,64,All Origins,666,22,all-cause,overall,123.712372498978,666,nvss,Deaths,age-adjusted rate
1992,A,All,65,74,All Origins,666,22,all-cause,overall,196.192688912259,666,nvss,Deaths,age-adjusted rate
1992,A,All,75,84,All Origins,666,22,all-cause,overall,284.787316281841,666,nvss,Deaths,age-adjusted rate
1992,A,All,85,150,All Origins,666,22,all-cause,overall,235.544529140434,666,nvss,Deaths,age-adjusted rate
1992,A,All,25,34,All Origins,666,22,cvd_ihd,total,0.0988981545557742,666,nvss,Deaths,age-adjusted rate
1992,A,All,35,44,All Origins,666,22,cvd_ihd,total,0.728652689931394,666,nvss,Deaths,age-adjusted rate
1992,A,All,45,54,All Origins,666,22,cvd_ihd,total,3.5843678139834,666,nvss,Deaths,age-adjusted rate
1992,A,All,55,64,All Origins,666,22,cvd_ihd,total,7.99135822353648,666,nvss,Deaths,age-adjusted rate
1992,A,All,65,74,All Origins,666,22,cvd_ihd,total,17.2883826169847,666,nvss,Deaths,age-adjusted rate
1992,A,All,75,84,All Origins,666,22,cvd_ihd,total,31.1827963848497,666,nvss,Deaths,age-adjusted rate
1992,A,All,85,150,All Origins,666,22,cvd_ihd,total,32.6296888592231,666,nvss,Deaths,age-adjusted rate
1992,A,All,25,34,All Origins,666,22,cvd_stroke,total,0.217575940022703,666,nvss,Deaths,age-adjusted rate
1992,A,All,35,44,All Origins,666,22,cvd_stroke,total,0.703526735106173,666,nvss,Deaths,age-adjusted rate
1992,A,All,45,54,All Origins,666,22,cvd_stroke,total,1.1947892713278,666,nvss,Deaths,age-adjusted rate
1992,A,All,55,64,All Origins,666,22,cvd_stroke,total,1.17821307141884,666,nvss,Deaths,age-adjusted rate
1992,A,All,65,74,All Origins,666,22,cvd_stroke,total,1.89750540918125,666,nvss,Deaths,age-adjusted rate
1992,A,All,75,84,All Origins,666,22,cvd_stroke,total,3.26704695519473,666,nvss,Deaths,age-adjusted rate
1992,A,All,85,150,All Origins,666,22,cvd_stroke,total,3.51856258298845,666,nvss,Deaths,age-adjusted rate
1992,A,All,35,44,All Origins,666,22,lri,total,0.0251259548252205,666,nvss,Deaths,age-adjusted rate
1992,A,All,45,54,All Origins,666,22,lri,total,0.0306356223417385,666,nvss,Deaths,age-adjusted rate
1992,A,All,55,64,All Origins,666,22,lri,total,0.02561332763954,666,nvss,Deaths,age-adjusted rate
1992,A,All,65,74,All Origins,666,22,lri,total,0.0234259927059414,666,nvss,Deaths,age-adjusted rate
1992,A,All,75,84,All Origins,666,22,lri,total,0.0875101862998588,666,nvss,Deaths,age-adjusted rate
1992,A,All,85,150,All Origins,666,22,lri,total,0.066387973263933,666,nvss,Deaths,age-adjusted rate
1992,A,All,25,34,All Origins,666,22,ncd_lri,total,11.491965559381,666,nvss,Deaths,age-adjusted rate
1992,A,All,35,44,All Origins,666,22,ncd_lri,total,31.2315618477491,666,nvss,Deaths,age-adjusted rate
1992,A,All,45,54,All Origins,666,22,ncd_lri,total,67.4596403965081,666,nvss,Deaths,age-adjusted rate
1992,A,All,55,64,All Origins,666,22,ncd_lri,total,115.669787620163,666,nvss,Deaths,age-adjusted rate
1992,A,All,65,74,All Origins,666,22,ncd_lri,total,185.369880282114,666,nvss,Deaths,age-adjusted rate
1992,A,All,75,84,All Origins,666,22,ncd_lri,total,263.639021259375,666,nvss,Deaths,age-adjusted rate
1992,A,All,85,150,All Origins,666,22,ncd_lri,total,210.350293286772,666,nvss,Deaths,age-adjusted rate
1992,A,All,25,34,All Origins,666,22,neo_lung,total,0.0593388927334645,666,nvss,Deaths,age-adjusted rate
1992,A,All,35,44,All Origins,666,22,neo_lung,total,1.40705347021235,666,nvss,Deaths,age-adjusted rate
1992,A,All,45,54,All Origins,666,22,neo_lung,total,7.44445622904244,666,nvss,Deaths,age-adjusted rate
1992,A,All,55,64,All Origins,666,22,neo_lung,total,17.9549426753175,666,nvss,Deaths,age-adjusted rate
1992,A,All,65,74,All Origins,666,22,neo_lung,total,24.3161804287671,666,nvss,Deaths,age-adjusted rate
1992,A,All,75,84,All Origins,666,22,neo_lung,total,18.1729486882707,666,nvss,Deaths,age-adjusted rate
1992,A,All,85,150,All Origins,666,22,neo_lung,total,4.54757616857941,666,nvss,Deaths,age-adjusted rate
1992,A,All,25,34,All Origins,666,22,resp_copd,total,0.0988981545557742,666,nvss,Deaths,age-adjusted rate
1992,A,All,35,44,All Origins,666,22,resp_copd,total,0.402015277203528,666,nvss,Deaths,age-adjusted rate
1992,A,All,45,54,All Origins,666,22,resp_copd,total,1.13351802664432,666,nvss,Deaths,age-adjusted rate
1992,A,All,55,64,All Origins,666,22,resp_copd,total,4.04690576704732,666,nvss,Deaths,age-adjusted rate
1992,A,All,65,74,All Origins,666,22,resp_copd,total,9.04243318449337,666,nvss,Deaths,age-adjusted rate
1992,A,All,75,84,All Origins,666,22,resp_copd,total,13.2723782554786,666,nvss,Deaths,age-adjusted rate
1992,A,All,85,150,All Origins,666,22,resp_copd,total,6.70518529965723,666,nvss,Deaths,age-adjusted rate
1992,A,All,25,34,All Origins,666,22,t2_dm,total,0.336253725489632,666,nvss,Deaths,age-adjusted rate
1992,A,All,35,44,All Origins,666,22,t2_dm,total,0.879408418882717,666,nvss,Deaths,age-adjusted rate
1992,A,All,45,54,All Origins,666,22,t2_dm,total,3.15546910119906,666,nvss,Deaths,age-adjusted rate
1992,A,All,55,64,All Origins,666,22,t2_dm,total,4.68723895803582,666,nvss,Deaths,age-adjusted rate
1992,A,All,65,74,All Origins,666,22,t2_dm,total,7.8711335491963,666,nvss,Deaths,age-adjusted rate
1992,A,All,75,84,All Origins,666,22,t2_dm,total,9.56778036878456,666,nvss,Deaths,age-adjusted rate
1992,A,All,85,150,All Origins,666,22,t2_dm,total,6.2404694868097,666,nvss,Deaths,age-adjusted rate
1992,A,All,25,34,All Origins,666,23,all-cause,overall,13.1817086445399,666,nvss,Deaths,age-adjusted rate
1992,A,All,35,44,All Origins,666,23,all-cause,overall,24.899978343237,666,nvss,Deaths,age-adjusted rate
1992,A,All,45,54,All Origins,666,23,all-cause,overall,55.1781580542649,666,nvss,Deaths,age-adjusted rate
1992,A,All,55,64,All Origins,666,23,all-cause,overall,94.011314223212,666,nvss,Deaths,age-adjusted rate
1992,A,All,65,74,All Origins,666,23,all-cause,overall,168.093399608737,666,nvss,Deaths,age-adjusted rate
1992,A,All,75,84,All Origins,666,23,all-cause,overall,264.077736685351,666,nvss,Deaths,age-adjusted rate
1992,A,All,85,150,All Origins,666,23,all-cause,overall,236.84939807325,666,nvss,Deaths,age-adjusted rate
1992,A,All,25,34,All Origins,666,23,cvd_ihd,total,0.634413785031332,666,nvss,Deaths,age-adjusted rate
1992,A,All,35,44,All Origins,666,23,cvd_ihd,total,1.04083510759512,666,nvss,Deaths,age-adjusted rate
1992,A,All,45,54,All Origins,666,23,cvd_ihd,total,5.02515367994198,666,nvss,Deaths,age-adjusted rate
1992,A,All,55,64,All Origins,666,23,cvd_ihd,total,6.80771585754294,666,nvss,Deaths,age-adjusted rate
1992,A,All,65,74,All Origins,666,23,cvd_ihd,total,15.0781454798535,666,nvss,Deaths,age-adjusted rate
1992,A,All,75,84,All Origins,666,23,cvd_ihd,total,29.9960055105193,666,nvss,Deaths,age-adjusted rate
1992,A,All,85,150,All Origins,666,23,cvd_ihd,total,35.0359551366722,666,nvss,Deaths,age-adjusted rate
1992,A,All,25,34,All Origins,666,23,cvd_stroke,total,0.140980841118074,666,nvss,Deaths,age-adjusted rate
1992,A,All,35,44,All Origins,666,23,cvd_stroke,total,0.480385434274669,666,nvss,Deaths,age-adjusted rate
1992,A,All,45,54,All Origins,666,23,cvd_stroke,total,0.788259400775212,666,nvss,Deaths,age-adjusted rate
1992,A,All,55,64,All Origins,666,23,cvd_stroke,total,1.13461930959049,666,nvss,Deaths,age-adjusted rate
1992,A,All,65,74,All Origins,666,23,cvd_stroke,total,1.7451557268349,666,nvss,Deaths,age-adjusted rate
1992,A,All,75,84,All Origins,666,23,cvd_stroke,total,2.66093597270735,666,nvss,Deaths,age-adjusted rate
1992,A,All,85,150,All Origins,666,23,cvd_stroke,total,2.69507347205171,666,nvss,Deaths,age-adjusted rate
1992,A,All,75,84,All Origins,666,23,lri,total,0.161268846830749,666,nvss,Deaths,age-adjusted rate
1992,A,All,85,150,All Origins,666,23,lri,total,0.0792668668250502,666,nvss,Deaths,age-adjusted rate
1992,A,All,25,34,All Origins,666,23,ncd_lri,total,5.85070490640006,666,nvss,Deaths,age-adjusted rate
1992,A,All,35,44,All Origins,666,23,ncd_lri,total,16.7334259605677,666,nvss,Deaths,age-adjusted rate
1992,A,All,45,54,All Origins,666,23,ncd_lri,total,47.7882261719972,666,nvss,Deaths,age-adjusted rate
1992,A,All,55,64,All Origins,666,23,ncd_lri,total,88.9865715664541,666,nvss,Deaths,age-adjusted rate
1992,A,All,65,74,All Origins,666,23,ncd_lri,total,159.367620974563,666,nvss,Deaths,age-adjusted rate
1992,A,All,75,84,All Origins,666,23,ncd_lri,total,246.338163533969,666,nvss,Deaths,age-adjusted rate
1992,A,All,85,150,All Origins,666,23,ncd_lri,total,207.996258548932,666,nvss,Deaths,age-adjusted rate
1992,A,All,35,44,All Origins,666,23,neo_lung,total,1.1208993466409,666,nvss,Deaths,age-adjusted rate
1992,A,All,45,54,All Origins,666,23,neo_lung,total,7.29139945717071,666,nvss,Deaths,age-adjusted rate
1992,A,All,55,64,All Origins,666,23,neo_lung,total,13.7775201878845,666,nvss,Deaths,age-adjusted rate
1992,A,All,65,74,All Origins,666,23,neo_lung,total,19.1967129951839,666,nvss,Deaths,age-adjusted rate
1992,A,All,75,84,All Origins,666,23,neo_lung,total,18.7878206557822,666,nvss,Deaths,age-adjusted rate
1992,A,All,85,150,All Origins,666,23,neo_lung,total,4.83527887632806,666,nvss,Deaths,age-adjusted rate
1992,A,All,35,44,All Origins,666,23,resp_copd,total,0.240192717137335,666,nvss,Deaths,age-adjusted rate
1992,A,All,45,54,All Origins,666,23,resp_copd,total,0.886791825872114,666,nvss,Deaths,age-adjusted rate
1992,A,All,55,64,All Origins,666,23,resp_copd,total,6.56458314834498,666,nvss,Deaths,age-adjusted rate
1992,A,All,65,74,All Origins,666,23,resp_copd,total,12.3557025459911,666,nvss,Deaths,age-adjusted rate
1992,A,All,75,84,All Origins,666,23,resp_copd,total,18.7878206557822,666,nvss,Deaths,age-adjusted rate
1992,A,All,85,150,All Origins,666,23,resp_copd,total,9.90835835313128,666,nvss,Deaths,age-adjusted rate
1992,A,All,25,34,All Origins,666,23,t2_dm,total,0.211471261677111,666,nvss,Deaths,age-adjusted rate
1992,A,All,35,44,All Origins,666,23,t2_dm,total,0.720578151412004,666,nvss,Deaths,age-adjusted rate
1992,A,All,45,54,All Origins,666,23,t2_dm,total,1.18238910116282,666,nvss,Deaths,age-adjusted rate
1992,A,All,55,64,All Origins,666,23,t2_dm,total,3.07968098317419,666,nvss,Deaths,age-adjusted rate
1992,A,All,65,74,All Origins,666,23,t2_dm,total,5.30527340957809,666,nvss,Deaths,age-adjusted rate
1992,A,All,75,84,All Origins,666,23,t2_dm,total,8.7891521522758,666,nvss,Deaths,age-adjusted rate
1992,A,All,85,150,All Origins,666,23,t2_dm,total,5.78648127822866,666,nvss,Deaths,age-adjusted rate
1992,A,All,25,34,All Origins,666,24,all-cause,overall,20.4511223597647,666,nvss,Deaths,age-adjusted rate
1992,A,All,35,44,All Origins,666,24,all-cause,overall,39.7284830334916,666,nvss,Deaths,age-adjusted rate
1992,A,All,45,54,All Origins,666,24,all-cause,overall,60.4698015338435,666,nvss,Deaths,age-adjusted rate
1992,A,All,55,64,All Origins,666,24,all-cause,overall,102.278159886731,666,nvss,Deaths,age-adjusted rate
1992,A,All,65,74,All Origins,666,24,all-cause,overall,183.025315252278,666,nvss,Deaths,age-adjusted rate
1992,A,All,75,84,All Origins,666,24,all-cause,overall,274.229095205446,666,nvss,Deaths,age-adjusted rate
1992,A,All,85,150,All Origins,666,24,all-cause,overall,229.038167171975,666,nvss,Deaths,age-adjusted rate
1992,A,All,25,34,All Origins,666,24,cvd_ihd,total,0.0302084525255017,666,nvss,Deaths,age-adjusted rate
1992,A,All,35,44,All Origins,666,24,cvd_ihd,total,0.339389051039878,666,nvss,Deaths,age-adjusted rate
1992,A,All,45,54,All Origins,666,24,cvd_ihd,total,1.81033231652642,666,nvss,Deaths,age-adjusted rate
1992,A,All,55,64,All Origins,666,24,cvd_ihd,total,4.94076079677113,666,nvss,Deaths,age-adjusted rate
1992,A,All,65,74,All Origins,666,24,cvd_ihd,total,12.6760160250684,666,nvss,Deaths,age-adjusted rate
1992,A,All,75,84,All Origins,666,24,cvd_ihd,total,22.6035168258831,666,nvss,Deaths,age-adjusted rate
1992,A,All,85,150,All Origins,666,24,cvd_ihd,total,22.5709035258154,666,nvss,Deaths,age-adjusted rate
1992,A,All,25,34,All Origins,666,24,cvd_stroke,total,0.196354941415761,666,nvss,Deaths,age-adjusted rate
1992,A,All,35,44,All Origins,666,24,cvd_stroke,total,0.419245298343378,666,nvss,Deaths,age-adjusted rate
1992,A,All,45,54,All Origins,666,24,cvd_stroke,total,0.846389134999365,666,nvss,Deaths,age-adjusted rate
1992,A,All,55,64,All Origins,666,24,cvd_stroke,total,1.10284839213641,666,nvss,Deaths,age-adjusted rate
1992,A,All,65,74,All Origins,666,24,cvd_stroke,total,1.32893716391846,666,nvss,Deaths,age-adjusted rate
1992,A,All,75,84,All Origins,666,24,cvd_stroke,total,2.85234855183763,666,nvss,Deaths,age-adjusted rate
1992,A,All,85,150,All Origins,666,24,cvd_stroke,total,2.62665453751031,666,nvss,Deaths,age-adjusted rate
1992,A,All,45,54,All Origins,666,24,lri,total,0.0235108093055379,666,nvss,Deaths,age-adjusted rate
1992,A,All,65,74,All Origins,666,24,lri,total,0.102225935686035,666,nvss,Deaths,age-adjusted rate
1992,A,All,75,84,All Origins,666,24,lri,total,0.0269089486022418,666,nvss,Deaths,age-adjusted rate
1992,A,All,85,150,All Origins,666,24,lri,total,0.0916274838666389,666,nvss,Deaths,age-adjusted rate
1992,A,All,25,34,All Origins,666,24,ncd_lri,total,9.03232730512502,666,nvss,Deaths,age-adjusted rate
1992,A,All,35,44,All Origins,666,24,ncd_lri,total,27.5903334433595,666,nvss,Deaths,age-adjusted rate
1992,A,All,45,54,All Origins,666,24,ncd_lri,total,52.3820831327385,666,nvss,Deaths,age-adjusted rate
1992,A,All,55,64,All Origins,666,24,ncd_lri,total,95.9698670837106,666,nvss,Deaths,age-adjusted rate
1992,A,All,65,74,All Origins,666,24,ncd_lri,total,172.618714999439,666,nvss,Deaths,age-adjusted rate
1992,A,All,75,84,All Origins,666,24,ncd_lri,total,253.75138531914,666,nvss,Deaths,age-adjusted rate
1992,A,All,85,150,All Origins,666,24,ncd_lri,total,203.99332158176,666,nvss,Deaths,age-adjusted rate
1992,A,All,25,34,All Origins,666,24,neo_lung,total,0.120833810102007,666,nvss,Deaths,age-adjusted rate
1992,A,All,35,44,All Origins,666,24,neo_lung,total,1.27769995685601,666,nvss,Deaths,age-adjusted rate
1992,A,All,45,54,All Origins,666,24,neo_lung,total,6.46547255902293,666,nvss,Deaths,age-adjusted rate
1992,A,All,55,64,All Origins,666,24,neo_lung,total,13.8738327730761,666,nvss,Deaths,age-adjusted rate
1992,A,All,65,74,All Origins,666,24,neo_lung,total,22.5510414123394,666,nvss,Deaths,age-adjusted rate
1992,A,All,75,84,All Origins,666,24,neo_lung,total,18.2980850495244,666,nvss,Deaths,age-adjusted rate
1992,A,All,85,150,All Origins,666,24,neo_lung,total,3.97052430088768,666,nvss,Deaths,age-adjusted rate
1992,A,All,25,34,All Origins,666,24,resp_copd,total,0.0453126787882526,666,nvss,Deaths,age-adjusted rate
1992,A,All,35,44,All Origins,666,24,resp_copd,total,0.119784370955251,666,nvss,Deaths,age-adjusted rate
1992,A,All,45,54,All Origins,666,24,resp_copd,total,0.587770232638448,666,nvss,Deaths,age-adjusted rate
1992,A,All,55,64,All Origins,666,24,resp_copd,total,3.70557059757835,666,nvss,Deaths,age-adjusted rate
1992,A,All,65,74,All Origins,666,24,resp_copd,total,9.44567645738967,666,nvss,Deaths,age-adjusted rate
1992,A,All,75,84,All Origins,666,24,resp_copd,total,14.7461038340285,666,nvss,Deaths,age-adjusted rate
1992,A,All,85,150,All Origins,666,24,resp_copd,total,6.96368877386455,666,nvss,Deaths,age-adjusted rate
1992,A,All,25,34,All Origins,666,24,t2_dm,total,0.332292977780519,666,nvss,Deaths,age-adjusted rate
1992,A,All,35,44,All Origins,666,24,t2_dm,total,0.718706225731506,666,nvss,Deaths,age-adjusted rate
1992,A,All,45,54,All Origins,666,24,t2_dm,total,1.95139717235965,666,nvss,Deaths,age-adjusted rate
1992,A,All,55,64,All Origins,666,24,t2_dm,total,3.33060214425197,666,nvss,Deaths,age-adjusted rate
1992,A,All,65,74,All Origins,666,24,t2_dm,total,7.09447993661086,666,nvss,Deaths,age-adjusted rate
1992,A,All,75,84,All Origins,666,24,t2_dm,total,8.09959352927477,666,nvss,Deaths,age-adjusted rate
1992,A,All,85,150,All Origins,666,24,t2_dm,total,4.88679913955407,666,nvss,Deaths,age-adjusted rate
1992,A,All,25,34,All Origins,666,25,all-cause,overall,15.0991516307748,666,nvss,Deaths,age-adjusted rate
1992,A,All,35,44,All Origins,666,25,all-cause,overall,32.3708629897623,666,nvss,Deaths,age-adjusted rate
1992,A,All,45,54,All Origins,666,25,all-cause,overall,55.6089724370654,666,nvss,Deaths,age-adjusted rate
1992,A,All,55,64,All Origins,666,25,all-cause,overall,94.8010192642284,666,nvss,Deaths,age-adjusted rate
1992,A,All,65,74,All Origins,666,25,all-cause,overall,164.741665115121,666,nvss,Deaths,age-adjusted rate
1992,A,All,75,84,All Origins,666,25,all-cause,overall,255.574248787083,666,nvss,Deaths,age-adjusted rate
1992,A,All,85,150,All Origins,666,25,all-cause,overall,225.2627856399,666,nvss,Deaths,age-adjusted rate
1992,A,All,25,34,All Origins,666,25,cvd_ihd,total,0.175863662920838,666,nvss,Deaths,age-adjusted rate
1992,A,All,35,44,All Origins,666,25,cvd_ihd,total,0.934273971911898,666,nvss,Deaths,age-adjusted rate
1992,A,All,45,54,All Origins,666,25,cvd_ihd,total,3.53172354072306,666,nvss,Deaths,age-adjusted rate
1992,A,All,55,64,All Origins,666,25,cvd_ihd,total,8.1715808154518,666,nvss,Deaths,age-adjusted rate
1992,A,All,65,74,All Origins,666,25,cvd_ihd,total,16.3784114012257,666,nvss,Deaths,age-adjusted rate
1992,A,All,75,84,All Origins,666,25,cvd_ihd,total,31.5515838690993,666,nvss,Deaths,age-adjusted rate
1992,A,All,85,150,All Origins,666,25,cvd_ihd,total,33.9940859078952,666,nvss,Deaths,age-adjusted rate
1992,A,All,25,34,All Origins,666,25,cvd_stroke,total,0.0502467608345252,666,nvss,Deaths,age-adjusted rate
1992,A,All,35,44,All Origins,666,25,cvd_stroke,total,0.467136985955949,666,nvss,Deaths,age-adjusted rate
1992,A,All,45,54,All Origins,666,25,cvd_stroke,total,0.626933172909419,666,nvss,Deaths,age-adjusted rate
1992,A,All,55,64,All Origins,666,25,cvd_stroke,total,0.872347407314027,666,nvss,Deaths,age-adjusted rate
1992,A,All,65,74,All Origins,666,25,cvd_stroke,total,1.7150169006519,666,nvss,Deaths,age-adjusted rate
1992,A,All,75,84,All Origins,666,25,cvd_stroke,total,2.93689717601483,666,nvss,Deaths,age-adjusted rate
1992,A,All,85,150,All Origins,666,25,cvd_stroke,total,3.78955708380581,666,nvss,Deaths,age-adjusted rate
1992,A,All,25,34,All Origins,666,25,lri,total,0.0125616902086313,666,nvss,Deaths,age-adjusted rate
1992,A,All,35,44,All Origins,666,25,lri,total,0.0173013698502203,666,nvss,Deaths,age-adjusted rate
1992,A,All,45,54,All Origins,666,25,lri,total,0.020897772430314,666,nvss,Deaths,age-adjusted rate
1992,A,All,55,64,All Origins,666,25,lri,total,0.0712120332501246,666,nvss,Deaths,age-adjusted rate
1992,A,All,65,74,All Origins,666,25,lri,total,0.0428754225162976,666,nvss,Deaths,age-adjusted rate
1992,A,All,75,84,All Origins,666,25,lri,total,0.0802430922408425,666,nvss,Deaths,age-adjusted rate
1992,A,All,85,150,All Origins,666,25,lri,total,0.159896923367334,666,nvss,Deaths,age-adjusted rate
1992,A,All,25,34,All Origins,666,25,ncd_lri,total,8.05204342373266,666,nvss,Deaths,age-adjusted rate
1992,A,All,35,44,All Origins,666,25,ncd_lri,total,24.1181095712072,666,nvss,Deaths,age-adjusted rate
1992,A,All,45,54,All Origins,666,25,ncd_lri,total,49.4859251149835,666,nvss,Deaths,age-adjusted rate
1992,A,All,55,64,All Origins,666,25,ncd_lri,total,89.4601167704691,666,nvss,Deaths,age-adjusted rate
1992,A,All,65,74,All Origins,666,25,ncd_lri,total,155.694950964182,666,nvss,Deaths,age-adjusted rate
1992,A,All,75,84,All Origins,666,25,ncd_lri,total,234.935725462739,666,nvss,Deaths,age-adjusted rate
1992,A,All,85,150,All Origins,666,25,ncd_lri,total,195.953679586668,666,nvss,Deaths,age-adjusted rate
1992,A,All,25,34,All Origins,666,25,neo_lung,total,0.10049352166905,666,nvss,Deaths,age-adjusted rate
1992,A,All,35,44,All Origins,666,25,neo_lung,total,1.08998630056388,666,nvss,Deaths,age-adjusted rate
1992,A,All,45,54,All Origins,666,25,neo_lung,total,6.68728717770047,666,nvss,Deaths,age-adjusted rate
1992,A,All,55,64,All Origins,666,25,neo_lung,total,14.7942999077134,666,nvss,Deaths,age-adjusted rate
1992,A,All,65,74,All Origins,666,25,neo_lung,total,18.6508087945895,666,nvss,Deaths,age-adjusted rate
1992,A,All,75,84,All Origins,666,25,neo_lung,total,15.6795002238606,666,nvss,Deaths,age-adjusted rate
1992,A,All,85,150,All Origins,666,25,neo_lung,total,4.22127877689761,666,nvss,Deaths,age-adjusted rate
1992,A,All,25,34,All Origins,666,25,resp_copd,total,0.0879318314604191,666,nvss,Deaths,age-adjusted rate
1992,A,All,35,44,All Origins,666,25,resp_copd,total,0.294123287453746,666,nvss,Deaths,age-adjusted rate
1992,A,All,45,54,All Origins,666,25,resp_copd,total,1.10758193880664,666,nvss,Deaths,age-adjusted rate
1992,A,All,55,64,All Origins,666,25,resp_copd,total,3.86325280381926,666,nvss,Deaths,age-adjusted rate
1992,A,All,65,74,All Origins,666,25,resp_copd,total,8.11774666308568,666,nvss,Deaths,age-adjusted rate
1992,A,All,75,84,All Origins,666,25,resp_copd,total,13.336401930428,666,nvss,Deaths,age-adjusted rate
1992,A,All,85,150,All Origins,666,25,resp_copd,total,7.27531001321369,666,nvss,Deaths,age-adjusted rate
1992,A,All,25,34,All Origins,666,25,t2_dm,total,0.0879318314604191,666,nvss,Deaths,age-adjusted rate
1992,A,All,35,44,All Origins,666,25,t2_dm,total,0.53634246535683,666,nvss,Deaths,age-adjusted rate
1992,A,All,45,54,All Origins,666,25,t2_dm,total,1.12847971123695,666,nvss,Deaths,age-adjusted rate
1992,A,All,55,64,All Origins,666,25,t2_dm,total,2.49242116375436,666,nvss,Deaths,age-adjusted rate
1992,A,All,65,74,All Origins,666,25,t2_dm,total,5.10217527943942,666,nvss,Deaths,age-adjusted rate
1992,A,All,75,84,All Origins,666,25,t2_dm,total,6.24291257633754,666,nvss,Deaths,age-adjusted rate
1992,A,All,85,150,All Origins,666,25,t2_dm,total,3.43778385239768,666,nvss,Deaths,age-adjusted rate
1992,A,All,25,34,All Origins,666,26,all-cause,overall,16.598925627083,666,nvss,Deaths,age-adjusted rate
1992,A,All,35,44,All Origins,666,26,all-cause,overall,34.2426170848461,666,nvss,Deaths,age-adjusted rate
1992,A,All,45,54,All Origins,666,26,all-cause,overall,59.9085004584847,666,nvss,Deaths,age-adjusted rate
1992,A,All,55,64,All Origins,666,26,all-cause,overall,99.5995760212424,666,nvss,Deaths,age-adjusted rate
1992,A,All,65,74,All Origins,666,26,all-cause,overall,180.609189402131,666,nvss,Deaths,age-adjusted rate
1992,A,All,75,84,All Origins,666,26,all-cause,overall,265.982651656642,666,nvss,Deaths,age-adjusted rate
1992,A,All,85,150,All Origins,666,26,all-cause,overall,231.338842948427,666,nvss,Deaths,age-adjusted rate
1992,A,All,25,34,All Origins,666,26,cvd_ihd,total,0.106119929421948,666,nvss,Deaths,age-adjusted rate
1992,A,All,35,44,All Origins,666,26,cvd_ihd,total,0.814266417680234,666,nvss,Deaths,age-adjusted rate
1992,A,All,45,54,All Origins,666,26,cvd_ihd,total,2.76761867448219,666,nvss,Deaths,age-adjusted rate
1992,A,All,55,64,All Origins,666,26,cvd_ihd,total,7.44179648327195,666,nvss,Deaths,age-adjusted rate
1992,A,All,65,74,All Origins,666,26,cvd_ihd,total,18.5505994799718,666,nvss,Deaths,age-adjusted rate
1992,A,All,75,84,All Origins,666,26,cvd_ihd,total,36.2958541429144,666,nvss,Deaths,age-adjusted rate
1992,A,All,85,150,All Origins,666,26,cvd_ihd,total,42.4383932405979,666,nvss,Deaths,age-adjusted rate
1992,A,All,25,34,All Origins,666,26,cvd_stroke,total,0.114963256873776,666,nvss,Deaths,age-adjusted rate
1992,A,All,35,44,All Origins,666,26,cvd_stroke,total,0.673126905282327,666,nvss,Deaths,age-adjusted rate
1992,A,All,45,54,All Origins,666,26,cvd_stroke,total,1.10965843080654,666,nvss,Deaths,age-adjusted rate
1992,A,All,55,64,All Origins,666,26,cvd_stroke,total,1.26075412685117,666,nvss,Deaths,age-adjusted rate
1992,A,All,65,74,All Origins,666,26,cvd_stroke,total,2.49776565643047,666,nvss,Deaths,age-adjusted rate
1992,A,All,75,84,All Origins,666,26,cvd_stroke,total,4.20627130645129,666,nvss,Deaths,age-adjusted rate
1992,A,All,85,150,All Origins,666,26,cvd_stroke,total,4.36206347429776,666,nvss,Deaths,age-adjusted rate
1992,A,All,25,34,All Origins,666,26,lri,total,0.0176866549036579,666,nvss,Deaths,age-adjusted rate
1992,A,All,35,44,All Origins,666,26,lri,total,0.0108568855690698,666,nvss,Deaths,age-adjusted rate
1992,A,All,55,64,All Origins,666,26,lri,total,0.0111571161668245,666,nvss,Deaths,age-adjusted rate
1992,A,All,65,74,All Origins,666,26,lri,total,0.0691081406917522,666,nvss,Deaths,age-adjusted rate
1992,A,All,75,84,All Origins,666,26,lri,total,0.0609604537166853,666,nvss,Deaths,age-adjusted rate
1992,A,All,85,150,All Origins,666,26,lri,total,0.122300845073769,666,nvss,Deaths,age-adjusted rate
1992,A,All,25,34,All Origins,666,26,ncd_lri,total,7.61410493602473,666,nvss,Deaths,age-adjusted rate
1992,A,All,35,44,All Origins,666,26,ncd_lri,total,24.4388494159761,666,nvss,Deaths,age-adjusted rate
1992,A,All,45,54,All Origins,666,26,ncd_lri,total,52.4411519594101,666,nvss,Deaths,age-adjusted rate
1992,A,All,55,64,All Origins,666,26,ncd_lri,total,93.2734911546529,666,nvss,Deaths,age-adjusted rate
1992,A,All,65,74,All Origins,666,26,ncd_lri,total,170.450292720443,666,nvss,Deaths,age-adjusted rate
1992,A,All,75,84,All Origins,666,26,ncd_lri,total,246.438730195072,666,nvss,Deaths,age-adjusted rate
1992,A,All,85,150,All Origins,666,26,ncd_lri,total,206.973796813175,666,nvss,Deaths,age-adjusted rate
1992,A,All,25,34,All Origins,666,26,neo_lung,total,0.0795899470664606,666,nvss,Deaths,age-adjusted rate
1992,A,All,35,44,All Origins,666,26,neo_lung,total,1.18340052702861,666,nvss,Deaths,age-adjusted rate
1992,A,All,45,54,All Origins,666,26,neo_lung,total,6.05742955169686,666,nvss,Deaths,age-adjusted rate
1992,A,All,55,64,All Origins,666,26,neo_lung,total,13.7901955821951,666,nvss,Deaths,age-adjusted rate
1992,A,All,65,74,All Origins,666,26,neo_lung,total,21.5814850788815,666,nvss,Deaths,age-adjusted rate
1992,A,All,75,84,All Origins,666,26,neo_lung,total,16.4349383220184,666,nvss,Deaths,age-adjusted rate
1992,A,All,85,150,All Origins,666,26,neo_lung,total,4.52513126772945,666,nvss,Deaths,age-adjusted rate
1992,A,All,25,34,All Origins,666,26,resp_copd,total,0.0530599647109738,666,nvss,Deaths,age-adjusted rate
1992,A,All,35,44,All Origins,666,26,resp_copd,total,0.206280825812326,666,nvss,Deaths,age-adjusted rate
1992,A,All,45,54,All Origins,666,26,resp_copd,total,1.33159011696784,666,nvss,Deaths,age-adjusted rate
1992,A,All,55,64,All Origins,666,26,resp_copd,total,3.99424758772318,666,nvss,Deaths,age-adjusted rate
1992,A,All,65,74,All Origins,666,26,resp_copd,total,10.168769273215,666,nvss,Deaths,age-adjusted rate
1992,A,All,75,84,All Origins,666,26,resp_copd,total,12.7773110990172,666,nvss,Deaths,age-adjusted rate
1992,A,All,85,150,All Origins,666,26,resp_copd,total,6.84884732413107,666,nvss,Deaths,age-adjusted rate
1992,A,All,25,34,All Origins,666,26,t2_dm,total,0.221083186295724,666,nvss,Deaths,age-adjusted rate
1992,A,All,35,44,All Origins,666,26,t2_dm,total,0.716554447558606,666,nvss,Deaths,age-adjusted rate
1992,A,All,45,54,All Origins,666,26,t2_dm,total,1.82767270956371,666,nvss,Deaths,age-adjusted rate
1992,A,All,55,64,All Origins,666,26,t2_dm,total,3.16862099137816,666,nvss,Deaths,age-adjusted rate
1992,A,All,65,74,All Origins,666,26,t2_dm,total,6.43692967586035,666,nvss,Deaths,age-adjusted rate
1992,A,All,75,84,All Origins,666,26,t2_dm,total,7.64444089607234,666,nvss,Deaths,age-adjusted rate
1992,A,All,85,150,All Origins,666,26,t2_dm,total,4.38924143986971,666,nvss,Deaths,age-adjusted rate
1992,A,All,25,34,All Origins,666,27,all-cause,overall,11.2807330148179,666,nvss,Deaths,age-adjusted rate
1992,A,All,35,44,All Origins,666,27,all-cause,overall,23.2563974047147,666,nvss,Deaths,age-adjusted rate
1992,A,All,45,54,All Origins,666,27,all-cause,overall,45.1201848613049,666,nvss,Deaths,age-adjusted rate
1992,A,All,55,64,All Origins,666,27,all-cause,overall,80.5374446498936,666,nvss,Deaths,age-adjusted rate
1992,A,All,65,74,All Origins,666,27,all-cause,overall,148.54271343427,666,nvss,Deaths,age-adjusted rate
1992,A,All,75,84,All Origins,666,27,all-cause,overall,241.667492542256,666,nvss,Deaths,age-adjusted rate
1992,A,All,85,150,All Origins,666,27,all-cause,overall,223.832491503147,666,nvss,Deaths,age-adjusted rate
1992,A,All,25,34,All Origins,666,27,cvd_ihd,total,0.141673256073066,666,nvss,Deaths,age-adjusted rate
1992,A,All,35,44,All Origins,666,27,cvd_ihd,total,1.29202207803971,666,nvss,Deaths,age-adjusted rate
1992,A,All,45,54,All Origins,666,27,cvd_ihd,total,3.67390818209098,666,nvss,Deaths,age-adjusted rate
1992,A,All,55,64,All Origins,666,27,cvd_ihd,total,7.93422252313445,666,nvss,Deaths,age-adjusted rate
1992,A,All,65,74,All Origins,666,27,cvd_ihd,total,15.8773293876523,666,nvss,Deaths,age-adjusted rate
1992,A,All,75,84,All Origins,666,27,cvd_ihd,total,28.7482892720311,666,nvss,Deaths,age-adjusted rate
1992,A,All,85,150,All Origins,666,27,cvd_ihd,total,28.7052682810759,666,nvss,Deaths,age-adjusted rate
1992,A,All,25,34,All Origins,666,27,cvd_stroke,total,0.1593824130822,666,nvss,Deaths,age-adjusted rate
1992,A,All,35,44,All Origins,666,27,cvd_stroke,total,0.498675188015325,666,nvss,Deaths,age-adjusted rate
1992,A,All,45,54,All Origins,666,27,cvd_stroke,total,0.68885778414206,666,nvss,Deaths,age-adjusted rate
1992,A,All,55,64,All Origins,666,27,cvd_stroke,total,0.737475811445189,666,nvss,Deaths,age-adjusted rate
1992,A,All,65,74,All Origins,666,27,cvd_stroke,total,1.59437617281864,666,nvss,Deaths,age-adjusted rate
1992,A,All,75,84,All Origins,666,27,cvd_stroke,total,2.44815115455252,666,nvss,Deaths,age-adjusted rate
1992,A,All,85,150,All Origins,666,27,cvd_stroke,total,2.8297949313682,666,nvss,Deaths,age-adjusted rate
1992,A,All,55,64,All Origins,666,27,lri,total,0.0254302003946617,666,nvss,Deaths,age-adjusted rate
1992,A,All,65,74,All Origins,666,27,lri,total,0.02214411351137,666,nvss,Deaths,age-adjusted rate
1992,A,All,75,84,All Origins,666,27,lri,total,0.0932629011258105,666,nvss,Deaths,age-adjusted rate
1992,A,All,85,150,All Origins,666,27,lri,total,0.0857513615566121,666,nvss,Deaths,age-adjusted rate
1992,A,All,25,34,All Origins,666,27,ncd_lri,total,4.62208997938379,666,nvss,Deaths,age-adjusted rate
1992,A,All,35,44,All Origins,666,27,ncd_lri,total,15.6629343144814,666,nvss,Deaths,age-adjusted rate
1992,A,All,45,54,All Origins,666,27,ncd_lri,total,38.2603094275569,666,nvss,Deaths,age-adjusted rate
1992,A,All,55,64,All Origins,666,27,ncd_lri,total,74.3833361543855,666,nvss,Deaths,age-adjusted rate
1992,A,All,65,74,All Origins,666,27,ncd_lri,total,138.334277105528,666,nvss,Deaths,age-adjusted rate
1992,A,All,75,84,All Origins,666,27,ncd_lri,total,218.281820084959,666,nvss,Deaths,age-adjusted rate
1992,A,All,85,150,All Origins,666,27,ncd_lri,total,185.480195046952,666,nvss,Deaths,age-adjusted rate
1992,A,All,25,34,All Origins,666,27,neo_lung,total,0.0708366280365332,666,nvss,Deaths,age-adjusted rate
1992,A,All,35,44,All Origins,666,27,neo_lung,total,0.634677512019505,666,nvss,Deaths,age-adjusted rate
1992,A,All,45,54,All Origins,666,27,neo_lung,total,4.2479563355427,666,nvss,Deaths,age-adjusted rate
1992,A,All,55,64,All Origins,666,27,neo_lung,total,10.6298237649686,666,nvss,Deaths,age-adjusted rate
1992,A,All,65,74,All Origins,666,27,neo_lung,total,16.0544822957432,666,nvss,Deaths,age-adjusted rate
1992,A,All,75,84,All Origins,666,27,neo_lung,total,13.7329621907756,666,nvss,Deaths,age-adjusted rate
1992,A,All,85,150,All Origins,666,27,neo_lung,total,3.02273549487057,666,nvss,Deaths,age-adjusted rate
1992,A,All,25,34,All Origins,666,27,resp_copd,total,0.0708366280365332,666,nvss,Deaths,age-adjusted rate
1992,A,All,35,44,All Origins,666,27,resp_copd,total,0.113335270003483,666,nvss,Deaths,age-adjusted rate
1992,A,All,45,54,All Origins,666,27,resp_copd,total,0.861072230177575,666,nvss,Deaths,age-adjusted rate
1992,A,All,55,64,All Origins,666,27,resp_copd,total,3.22963545012204,666,nvss,Deaths,age-adjusted rate
1992,A,All,65,74,All Origins,666,27,resp_copd,total,9.16766299370717,666,nvss,Deaths,age-adjusted rate
1992,A,All,75,84,All Origins,666,27,resp_copd,total,14.5956440261893,666,nvss,Deaths,age-adjusted rate
1992,A,All,85,150,All Origins,666,27,resp_copd,total,6.23841155324353,666,nvss,Deaths,age-adjusted rate
1992,A,All,25,34,All Origins,666,27,t2_dm,total,0.265637355137,666,nvss,Deaths,age-adjusted rate
1992,A,All,35,44,All Origins,666,27,t2_dm,total,0.453341080013932,666,nvss,Deaths,age-adjusted rate
1992,A,All,45,54,All Origins,666,27,t2_dm,total,1.06198908388568,666,nvss,Deaths,age-adjusted rate
1992,A,All,55,64,All Origins,666,27,t2_dm,total,2.41586903749286,666,nvss,Deaths,age-adjusted rate
1992,A,All,65,74,All Origins,666,27,t2_dm,total,3.85307575097837,666,nvss,Deaths,age-adjusted rate
1992,A,All,75,84,All Origins,666,27,t2_dm,total,5.7589841445188,666,nvss,Deaths,age-adjusted rate
1992,A,All,85,150,All Origins,666,27,t2_dm,total,3.98743831238246,666,nvss,Deaths,age-adjusted rate
1992,A,All,25,34,All Origins,666,28,all-cause,overall,28.0209019118917,666,nvss,Deaths,age-adjusted rate
1992,A,All,35,44,All Origins,666,28,all-cause,overall,47.0534731398766,666,nvss,Deaths,age-adjusted rate
1992,A,All,45,54,All Origins,666,28,all-cause,overall,80.2901045977795,666,nvss,Deaths,age-adjusted rate
1992,A,All,55,64,All Origins,666,28,all-cause,overall,124.494306962495,666,nvss,Deaths,age-adjusted rate
1992,A,All,65,74,All Origins,666,28,all-cause,overall,199.132203119527,666,nvss,Deaths,age-adjusted rate
1992,A,All,75,84,All Origins,666,28,all-cause,overall,276.200455655023,666,nvss,Deaths,age-adjusted rate
1992,A,All,85,150,All Origins,666,28,all-cause,overall,225.616279878964,666,nvss,Deaths,age-adjusted rate
1992,A,All,25,34,All Origins,666,28,cvd_ihd,total,0.0700522547797293,666,nvss,Deaths,age-adjusted rate
1992,A,All,35,44,All Origins,666,28,cvd_ihd,total,0.565337477651013,666,nvss,Deaths,age-adjusted rate
1992,A,All,45,54,All Origins,666,28,cvd_ihd,total,2.93620811265524,666,nvss,Deaths,age-adjusted rate
1992,A,All,55,64,All Origins,666,28,cvd_ihd,total,6.24295775715539,666,nvss,Deaths,age-adjusted rate
1992,A,All,65,74,All Origins,666,28,cvd_ihd,total,11.6478996029712,666,nvss,Deaths,age-adjusted rate
1992,A,All,75,84,All Origins,666,28,cvd_ihd,total,20.6711182608256,666,nvss,Deaths,age-adjusted rate
1992,A,All,85,150,All Origins,666,28,cvd_ihd,total,20.6763047189039,666,nvss,Deaths,age-adjusted rate
1992,A,All,25,34,All Origins,666,28,cvd_stroke,total,0.210156764339188,666,nvss,Deaths,age-adjusted rate
1992,A,All,35,44,All Origins,666,28,cvd_stroke,total,0.60882497593186,666,nvss,Deaths,age-adjusted rate
1992,A,All,45,54,All Origins,666,28,cvd_stroke,total,1.06310983389241,666,nvss,Deaths,age-adjusted rate
1992,A,All,55,64,All Origins,666,28,cvd_stroke,total,1.01346716836938,666,nvss,Deaths,age-adjusted rate
1992,A,All,65,74,All Origins,666,28,cvd_stroke,total,2.09157330331991,666,nvss,Deaths,age-adjusted rate
1992,A,All,75,84,All Origins,666,28,cvd_stroke,total,2.65538080425625,666,nvss,Deaths,age-adjusted rate
1992,A,All,85,150,All Origins,666,28,cvd_stroke,total,2.57897994343317,666,nvss,Deaths,age-adjusted rate
1992,A,All,45,54,All Origins,666,28,lri,total,0.0506242778044007,666,nvss,Deaths,age-adjusted rate
1992,A,All,55,64,All Origins,666,28,lri,total,0.0810773734695505,666,nvss,Deaths,age-adjusted rate
1992,A,All,65,74,All Origins,666,28,lri,total,0.0721232173558591,666,nvss,Deaths,age-adjusted rate
1992,A,All,75,84,All Origins,666,28,lri,total,0.0817040247463461,666,nvss,Deaths,age-adjusted rate
1992,A,All,25,34,All Origins,666,28,ncd_lri,total,11.4885697838756,666,nvss,Deaths,age-adjusted rate
1992,A,All,35,44,All Origins,666,28,ncd_lri,total,30.9196112776823,666,nvss,Deaths,age-adjusted rate
1992,A,All,45,54,All Origins,666,28,ncd_lri,total,67.9377808135057,666,nvss,Deaths,age-adjusted rate
1992,A,All,55,64,All Origins,666,28,ncd_lri,total,113.548861544106,666,nvss,Deaths,age-adjusted rate
1992,A,All,65,74,All Origins,666,28,ncd_lri,total,184.130573909508,666,nvss,Deaths,age-adjusted rate
1992,A,All,75,84,All Origins,666,28,ncd_lri,total,253.282476713673,666,nvss,Deaths,age-adjusted rate
1992,A,All,85,150,All Origins,666,28,ncd_lri,total,201.338296273542,666,nvss,Deaths,age-adjusted rate
1992,A,All,25,34,All Origins,666,28,neo_lung,total,0.105078382169594,666,nvss,Deaths,age-adjusted rate
1992,A,All,35,44,All Origins,666,28,neo_lung,total,1.69601243295304,666,nvss,Deaths,age-adjusted rate
1992,A,All,45,54,All Origins,666,28,neo_lung,total,7.4923931150513,666,nvss,Deaths,age-adjusted rate
1992,A,All,55,64,All Origins,666,28,neo_lung,total,15.6479330796233,666,nvss,Deaths,age-adjusted rate
1992,A,All,65,74,All Origins,666,28,neo_lung,total,21.6009035980798,666,nvss,Deaths,age-adjusted rate
1992,A,All,75,84,All Origins,666,28,neo_lung,total,15.8914328131643,666,nvss,Deaths,age-adjusted rate
1992,A,All,85,150,All Origins,666,28,neo_lung,total,3.95740025802677,666,nvss,Deaths,age-adjusted rate
1992,A,All,25,34,All Origins,666,28,resp_copd,total,0.140104509559459,666,nvss,Deaths,age-adjusted rate
1992,A,All,35,44,All Origins,666,28,resp_copd,total,0.0869749965616943,666,nvss,Deaths,age-adjusted rate
1992,A,All,45,54,All Origins,666,28,resp_copd,total,1.56935261193642,666,nvss,Deaths,age-adjusted rate
1992,A,All,55,64,All Origins,666,28,resp_copd,total,4.33763948062095,666,nvss,Deaths,age-adjusted rate
1992,A,All,65,74,All Origins,666,28,resp_copd,total,10.3496816905658,666,nvss,Deaths,age-adjusted rate
1992,A,All,75,84,All Origins,666,28,resp_copd,total,12.6232718233105,666,nvss,Deaths,age-adjusted rate
1992,A,All,85,150,All Origins,666,28,resp_copd,total,5.78047228700539,666,nvss,Deaths,age-adjusted rate
1992,A,All,25,34,All Origins,666,28,t2_dm,total,0.350261273898647,666,nvss,Deaths,age-adjusted rate
1992,A,All,35,44,All Origins,666,28,t2_dm,total,0.826262467336096,666,nvss,Deaths,age-adjusted rate
1992,A,All,45,54,All Origins,666,28,t2_dm,total,2.48058961241563,666,nvss,Deaths,age-adjusted rate
1992,A,All,55,64,All Origins,666,28,t2_dm,total,2.63501463776039,666,nvss,Deaths,age-adjusted rate
1992,A,All,65,74,All Origins,666,28,t2_dm,total,4.54376269341912,666,nvss,Deaths,age-adjusted rate
1992,A,All,75,84,All Origins,666,28,t2_dm,total,5.47416965800519,666,nvss,Deaths,age-adjusted rate
1992,A,All,85,150,All Origins,666,28,t2_dm,total,3.11256200069521,666,nvss,Deaths,age-adjusted rate
1992,A,All,25,34,All Origins,666,29,all-cause,overall,18.4553150277752,666,nvss,Deaths,age-adjusted rate
1992,A,All,35,44,All Origins,666,29,all-cause,overall,35.1598254043764,666,nvss,Deaths,age-adjusted rate
1992,A,All,45,54,All Origins,666,29,all-cause,overall,60.6474238250736,666,nvss,Deaths,age-adjusted rate
1992,A,All,55,64,All Origins,666,29,all-cause,overall,104.754225358239,666,nvss,Deaths,age-adjusted rate
1992,A,All,65,74,All Origins,666,29,all-cause,overall,176.304824740727,666,nvss,Deaths,age-adjusted rate
1992,A,All,75,84,All Origins,666,29,all-cause,overall,268.316182725411,666,nvss,Deaths,age-adjusted rate
1992,A,All,85,150,All Origins,666,29,all-cause,overall,231.396181758312,666,nvss,Deaths,age-adjusted rate
1992,A,All,25,34,All Origins,666,29,cvd_ihd,total,0.277400844802987,666,nvss,Deaths,age-adjusted rate
1992,A,All,35,44,All Origins,666,29,cvd_ihd,total,1.70698974728174,666,nvss,Deaths,age-adjusted rate
1992,A,All,45,54,All Origins,666,29,cvd_ihd,total,4.60067379471123,666,nvss,Deaths,age-adjusted rate
1992,A,All,55,64,All Origins,666,29,cvd_ihd,total,10.0088587156181,666,nvss,Deaths,age-adjusted rate
1992,A,All,65,74,All Origins,666,29,cvd_ihd,total,18.0317381864638,666,nvss,Deaths,age-adjusted rate
1992,A,All,75,84,All Origins,666,29,cvd_ihd,total,35.9050421854702,666,nvss,Deaths,age-adjusted rate
1992,A,All,85,150,All Origins,666,29,cvd_ihd,total,42.6824785368809,666,nvss,Deaths,age-adjusted rate
1992,A,All,25,34,All Origins,666,29,cvd_stroke,total,0.114223877271818,666,nvss,Deaths,age-adjusted rate
1992,A,All,35,44,All Origins,666,29,cvd_stroke,total,0.499606755301974,666,nvss,Deaths,age-adjusted rate
1992,A,All,45,54,All Origins,666,29,cvd_stroke,total,0.862626336508355,666,nvss,Deaths,age-adjusted rate
1992,A,All,55,64,All Origins,666,29,cvd_stroke,total,0.987334225331764,666,nvss,Deaths,age-adjusted rate
1992,A,All,65,74,All Origins,666,29,cvd_stroke,total,1.91545936779285,666,nvss,Deaths,age-adjusted rate
1992,A,All,75,84,All Origins,666,29,cvd_stroke,total,3.45066161620604,666,nvss,Deaths,age-adjusted rate
1992,A,All,85,150,All Origins,666,29,cvd_stroke,total,3.28601508401091,666,nvss,Deaths,age-adjusted rate
1992,A,All,25,34,All Origins,666,29,lri,total,0.0652707870124674,666,nvss,Deaths,age-adjusted rate
1992,A,All,35,44,All Origins,666,29,lri,total,0.0208169481375822,666,nvss,Deaths,age-adjusted rate
1992,A,All,45,54,All Origins,666,29,lri,total,0.0239618426807876,666,nvss,Deaths,age-adjusted rate
1992,A,All,55,64,All Origins,666,29,lri,total,0.0193594946143483,666,nvss,Deaths,age-adjusted rate
1992,A,All,65,74,All Origins,666,29,lri,total,0.115588065297845,666,nvss,Deaths,age-adjusted rate
1992,A,All,75,84,All Origins,666,29,lri,total,0.145291015419202,666,nvss,Deaths,age-adjusted rate
1992,A,All,85,150,All Origins,666,29,lri,total,0.125011443413459,666,nvss,Deaths,age-adjusted rate
1992,A,All,25,34,All Origins,666,29,ncd_lri,total,8.45256691811453,666,nvss,Deaths,age-adjusted rate
1992,A,All,35,44,All Origins,666,29,ncd_lri,total,23.8562225656692,666,nvss,Deaths,age-adjusted rate
1992,A,All,45,54,All Origins,666,29,ncd_lri,total,52.356626257521,666,nvss,Deaths,age-adjusted rate
1992,A,All,55,64,All Origins,666,29,ncd_lri,total,97.3008199317146,666,nvss,Deaths,age-adjusted rate
1992,A,All,65,74,All Origins,666,29,ncd_lri,total,165.026732083808,666,nvss,Deaths,age-adjusted rate
1992,A,All,75,84,All Origins,666,29,ncd_lri,total,245.251234027612,666,nvss,Deaths,age-adjusted rate
1992,A,All,85,150,All Origins,666,29,ncd_lri,total,204.054393206026,666,nvss,Deaths,age-adjusted rate
1992,A,All,25,34,All Origins,666,29,neo_lung,total,0.0326353935062337,666,nvss,Deaths,age-adjusted rate
1992,A,All,35,44,All Origins,666,29,neo_lung,total,1.37391857708043,666,nvss,Deaths,age-adjusted rate
1992,A,All,45,54,All Origins,666,29,neo_lung,total,7.21251464691708,666,nvss,Deaths,age-adjusted rate
1992,A,All,55,64,All Origins,666,29,neo_lung,total,16.2813349706669,666,nvss,Deaths,age-adjusted rate
1992,A,All,65,74,All Origins,666,29,neo_lung,total,21.5654304684264,666,nvss,Deaths,age-adjusted rate
1992,A,All,75,84,All Origins,666,29,neo_lung,total,16.2544323500232,666,nvss,Deaths,age-adjusted rate
1992,A,All,85,150,All Origins,666,29,neo_lung,total,4.2325302984271,666,nvss,Deaths,age-adjusted rate
1992,A,All,25,34,All Origins,666,29,resp_copd,total,0.0979061805187012,666,nvss,Deaths,age-adjusted rate
1992,A,All,35,44,All Origins,666,29,resp_copd,total,0.37470506647648,666,nvss,Deaths,age-adjusted rate
1992,A,All,45,54,All Origins,666,29,resp_copd,total,1.3658250328049,666,nvss,Deaths,age-adjusted rate
1992,A,All,55,64,All Origins,666,29,resp_copd,total,4.91731163204447,666,nvss,Deaths,age-adjusted rate
1992,A,All,65,74,All Origins,666,29,resp_copd,total,10.7827152342132,666,nvss,Deaths,age-adjusted rate
1992,A,All,75,84,All Origins,666,29,resp_copd,total,15.7095910422012,666,nvss,Deaths,age-adjusted rate
1992,A,All,85,150,All Origins,666,29,resp_copd,total,6.41130116934738,666,nvss,Deaths,age-adjusted rate
1992,A,All,25,34,All Origins,666,29,t2_dm,total,0.293718541556103,666,nvss,Deaths,age-adjusted rate
1992,A,All,35,44,All Origins,666,29,t2_dm,total,0.56205759971472,666,nvss,Deaths,age-adjusted rate
1992,A,All,45,54,All Origins,666,29,t2_dm,total,1.24601581940096,666,nvss,Deaths,age-adjusted rate
1992,A,All,55,64,All Origins,666,29,t2_dm,total,2.71032924600876,666,nvss,Deaths,age-adjusted rate
1992,A,All,65,74,All Origins,666,29,t2_dm,total,5.11890003461883,666,nvss,Deaths,age-adjusted rate
1992,A,All,75,84,All Origins,666,29,t2_dm,total,6.10222264760647,666,nvss,Deaths,age-adjusted rate
1992,A,All,85,150,All Origins,666,29,t2_dm,total,3.42888530505487,666,nvss,Deaths,age-adjusted rate
1992,A,All,25,34,All Origins,666,30,all-cause,overall,17.8783771554116,666,nvss,Deaths,age-adjusted rate
1992,A,All,35,44,All Origins,666,30,all-cause,overall,30.1270945408937,666,nvss,Deaths,age-adjusted rate
1992,A,All,45,54,All Origins,666,30,all-cause,overall,49.8598797618825,666,nvss,Deaths,age-adjusted rate
1992,A,All,55,64,All Origins,666,30,all-cause,overall,86.7466332589479,666,nvss,Deaths,age-adjusted rate
1992,A,All,65,74,All Origins,666,30,all-cause,overall,165.700048718747,666,nvss,Deaths,age-adjusted rate
1992,A,All,75,84,All Origins,666,30,all-cause,overall,250.800846984255,666,nvss,Deaths,age-adjusted rate
1992,A,All,85,150,All Origins,666,30,all-cause,overall,233.380622347469,666,nvss,Deaths,age-adjusted rate
1992,A,All,35,44,All Origins,666,30,cvd_ihd,total,0.833555975439745,666,nvss,Deaths,age-adjusted rate
1992,A,All,45,54,All Origins,666,30,cvd_ihd,total,2.811091143845,666,nvss,Deaths,age-adjusted rate
1992,A,All,55,64,All Origins,666,30,cvd_ihd,total,5.41379568960052,666,nvss,Deaths,age-adjusted rate
1992,A,All,65,74,All Origins,666,30,cvd_ihd,total,14.2305832341409,666,nvss,Deaths,age-adjusted rate
1992,A,All,75,84,All Origins,666,30,cvd_ihd,total,22.8109341780917,666,nvss,Deaths,age-adjusted rate
1992,A,All,85,150,All Origins,666,30,cvd_ihd,total,25.8860039885985,666,nvss,Deaths,age-adjusted rate
1992,A,All,25,34,All Origins,666,30,cvd_stroke,total,0.23679969742267,666,nvss,Deaths,age-adjusted rate
1992,A,All,35,44,All Origins,666,30,cvd_stroke,total,0.476317700251283,666,nvss,Deaths,age-adjusted rate
1992,A,All,45,54,All Origins,666,30,cvd_stroke,total,0.591808661862106,666,nvss,Deaths,age-adjusted rate
1992,A,All,55,64,All Origins,666,30,cvd_stroke,total,1.38492447873502,666,nvss,Deaths,age-adjusted rate
1992,A,All,65,74,All Origins,666,30,cvd_stroke,total,1.50930428240889,666,nvss,Deaths,age-adjusted rate
1992,A,All,75,84,All Origins,666,30,cvd_stroke,total,2.38857949508814,666,nvss,Deaths,age-adjusted rate
1992,A,All,85,150,All Origins,666,30,cvd_stroke,total,1.89740343371926,666,nvss,Deaths,age-adjusted rate
1992,A,All,45,54,All Origins,666,30,lri,total,0.147952165465527,666,nvss,Deaths,age-adjusted rate
1992,A,All,65,74,All Origins,666,30,lri,total,0.107807448743492,666,nvss,Deaths,age-adjusted rate
1992,A,All,75,84,All Origins,666,30,lri,total,0.119428974754407,666,nvss,Deaths,age-adjusted rate
1992,A,All,85,150,All Origins,666,30,lri,total,0.135528816694233,666,nvss,Deaths,age-adjusted rate
1992,A,All,25,34,All Origins,666,30,ncd_lri,total,4.61759409974207,666,nvss,Deaths,age-adjusted rate
1992,A,All,35,44,All Origins,666,30,ncd_lri,total,17.266516634109,666,nvss,Deaths,age-adjusted rate
1992,A,All,45,54,All Origins,666,30,ncd_lri,total,39.6511803447611,666,nvss,Deaths,age-adjusted rate
1992,A,All,55,64,All Origins,666,30,ncd_lri,total,77.0521619078028,666,nvss,Deaths,age-adjusted rate
1992,A,All,65,74,All Origins,666,30,ncd_lri,total,155.673955985602,666,nvss,Deaths,age-adjusted rate
1992,A,All,75,84,All Origins,666,30,ncd_lri,total,227.392767932391,666,nvss,Deaths,age-adjusted rate
1992,A,All,85,150,All Origins,666,30,ncd_lri,total,197.329957106803,666,nvss,Deaths,age-adjusted rate
1992,A,All,35,44,All Origins,666,30,neo_lung,total,1.19079425062821,666,nvss,Deaths,age-adjusted rate
1992,A,All,45,54,All Origins,666,30,neo_lung,total,4.58651712943132,666,nvss,Deaths,age-adjusted rate
1992,A,All,55,64,All Origins,666,30,neo_lung,total,12.4643203086152,666,nvss,Deaths,age-adjusted rate
1992,A,All,65,74,All Origins,666,30,neo_lung,total,17.7882290426762,666,nvss,Deaths,age-adjusted rate
1992,A,All,75,84,All Origins,666,30,neo_lung,total,13.495474147248,666,nvss,Deaths,age-adjusted rate
1992,A,All,85,150,All Origins,666,30,neo_lung,total,4.06586450082699,666,nvss,Deaths,age-adjusted rate
1992,A,All,35,44,All Origins,666,30,resp_copd,total,0.119079425062821,666,nvss,Deaths,age-adjusted rate
1992,A,All,45,54,All Origins,666,30,resp_copd,total,0.739760827327633,666,nvss,Deaths,age-adjusted rate
1992,A,All,55,64,All Origins,666,30,resp_copd,total,5.16199123892143,666,nvss,Deaths,age-adjusted rate
1992,A,All,65,74,All Origins,666,30,resp_copd,total,16.0633098627803,666,nvss,Deaths,age-adjusted rate
1992,A,All,75,84,All Origins,666,30,resp_copd,total,21.7360734053021,666,nvss,Deaths,age-adjusted rate
1992,A,All,85,150,All Origins,666,30,resp_copd,total,10.4357188854559,666,nvss,Deaths,age-adjusted rate
1992,A,All,25,34,All Origins,666,30,t2_dm,total,0.23679969742267,666,nvss,Deaths,age-adjusted rate
1992,A,All,35,44,All Origins,666,30,t2_dm,total,0.714476550376925,666,nvss,Deaths,age-adjusted rate
1992,A,All,45,54,All Origins,666,30,t2_dm,total,1.33156948918974,666,nvss,Deaths,age-adjusted rate
1992,A,All,55,64,All Origins,666,30,t2_dm,total,2.26624005611185,666,nvss,Deaths,age-adjusted rate
1992,A,All,65,74,All Origins,666,30,t2_dm,total,4.52791284722666,666,nvss,Deaths,age-adjusted rate
1992,A,All,75,84,All Origins,666,30,t2_dm,total,6.56859361149239,666,nvss,Deaths,age-adjusted rate
1992,A,All,85,150,All Origins,666,30,t2_dm,total,3.79480686743852,666,nvss,Deaths,age-adjusted rate
1992,A,All,25,34,All Origins,666,31,all-cause,overall,12.7266699558337,666,nvss,Deaths,age-adjusted rate
1992,A,All,35,44,All Origins,666,31,all-cause,overall,24.5792695209121,666,nvss,Deaths,age-adjusted rate
1992,A,All,45,54,All Origins,666,31,all-cause,overall,50.569676333038,666,nvss,Deaths,age-adjusted rate
1992,A,All,55,64,All Origins,666,31,all-cause,overall,86.3250959704535,666,nvss,Deaths,age-adjusted rate
1992,A,All,65,74,All Origins,666,31,all-cause,overall,157.361603664114,666,nvss,Deaths,age-adjusted rate
1992,A,All,75,84,All Origins,666,31,all-cause,overall,253.113073023172,666,nvss,Deaths,age-adjusted rate
1992,A,All,85,150,All Origins,666,31,all-cause,overall,225.412503793491,666,nvss,Deaths,age-adjusted rate
1992,A,All,25,34,All Origins,666,31,cvd_ihd,total,0.217549913774934,666,nvss,Deaths,age-adjusted rate
1992,A,All,35,44,All Origins,666,31,cvd_ihd,total,0.660733051637421,666,nvss,Deaths,age-adjusted rate
1992,A,All,45,54,All Origins,666,31,cvd_ihd,total,3.57647381960631,666,nvss,Deaths,age-adjusted rate
1992,A,All,55,64,All Origins,666,31,cvd_ihd,total,8.01962749574455,666,nvss,Deaths,age-adjusted rate
1992,A,All,65,74,All Origins,666,31,cvd_ihd,total,17.1394908467434,666,nvss,Deaths,age-adjusted rate
1992,A,All,75,84,All Origins,666,31,cvd_ihd,total,32.1660920999103,666,nvss,Deaths,age-adjusted rate
1992,A,All,85,150,All Origins,666,31,cvd_ihd,total,35.4848787691976,666,nvss,Deaths,age-adjusted rate
1992,A,All,25,34,All Origins,666,31,cvd_stroke,total,0.108774956887467,666,nvss,Deaths,age-adjusted rate
1992,A,All,35,44,All Origins,666,31,cvd_stroke,total,0.528586441309937,666,nvss,Deaths,age-adjusted rate
1992,A,All,45,54,All Origins,666,31,cvd_stroke,total,0.998085717099434,666,nvss,Deaths,age-adjusted rate
1992,A,All,55,64,All Origins,666,31,cvd_stroke,total,0.586802011883747,666,nvss,Deaths,age-adjusted rate
1992,A,All,65,74,All Origins,666,31,cvd_stroke,total,1.10935215836527,666,nvss,Deaths,age-adjusted rate
1992,A,All,75,84,All Origins,666,31,cvd_stroke,total,2.88744094254132,666,nvss,Deaths,age-adjusted rate
1992,A,All,85,150,All Origins,666,31,cvd_stroke,total,3.08784251771905,666,nvss,Deaths,age-adjusted rate
1992,A,All,35,44,All Origins,666,31,lri,total,0.0660733051637421,666,nvss,Deaths,age-adjusted rate
1992,A,All,65,74,All Origins,666,31,lri,total,0.110935215836527,666,nvss,Deaths,age-adjusted rate
1992,A,All,75,84,All Origins,666,31,lri,total,0.115497637701653,666,nvss,Deaths,age-adjusted rate
1992,A,All,85,150,All Origins,666,31,lri,total,0.10124073828587,666,nvss,Deaths,age-adjusted rate
1992,A,All,25,34,All Origins,666,31,ncd_lri,total,5.00364801682349,666,nvss,Deaths,age-adjusted rate
1992,A,All,35,44,All Origins,666,31,ncd_lri,total,15.6593733238069,666,nvss,Deaths,age-adjusted rate
1992,A,All,45,54,All Origins,666,31,ncd_lri,total,42.0027739279345,666,nvss,Deaths,age-adjusted rate
1992,A,All,55,64,All Origins,666,31,ncd_lri,total,78.4358689217942,666,nvss,Deaths,age-adjusted rate
1992,A,All,65,74,All Origins,666,31,ncd_lri,total,145.879808825033,666,nvss,Deaths,age-adjusted rate
1992,A,All,75,84,All Origins,666,31,ncd_lri,total,229.378308475482,666,nvss,Deaths,age-adjusted rate
1992,A,All,85,150,All Origins,666,31,ncd_lri,total,195.293384153444,666,nvss,Deaths,age-adjusted rate
1992,A,All,25,34,All Origins,666,31,neo_lung,total,0.0543874784437336,666,nvss,Deaths,age-adjusted rate
1992,A,All,35,44,All Origins,666,31,neo_lung,total,0.594659746473679,666,nvss,Deaths,age-adjusted rate
1992,A,All,45,54,All Origins,666,31,neo_lung,total,4.49138572694746,666,nvss,Deaths,age-adjusted rate
1992,A,All,55,64,All Origins,666,31,neo_lung,total,11.2144384493338,666,nvss,Deaths,age-adjusted rate
1992,A,All,65,74,All Origins,666,31,neo_lung,total,17.2504260625799,666,nvss,Deaths,age-adjusted rate
1992,A,All,75,84,All Origins,666,31,neo_lung,total,15.0146929012149,666,nvss,Deaths,age-adjusted rate
1992,A,All,85,150,All Origins,666,31,neo_lung,total,2.88536104114731,666,nvss,Deaths,age-adjusted rate
1992,A,All,25,34,All Origins,666,31,resp_copd,total,0.163162435331201,666,nvss,Deaths,age-adjusted rate
1992,A,All,35,44,All Origins,666,31,resp_copd,total,0.198219915491226,666,nvss,Deaths,age-adjusted rate
1992,A,All,45,54,All Origins,666,31,resp_copd,total,1.08125952685772,666,nvss,Deaths,age-adjusted rate
1992,A,All,55,64,All Origins,666,31,resp_copd,total,3.7164127419304,666,nvss,Deaths,age-adjusted rate
1992,A,All,65,74,All Origins,666,31,resp_copd,total,10.4279102886335,666,nvss,Deaths,age-adjusted rate
1992,A,All,75,84,All Origins,666,31,resp_copd,total,15.0724417200657,666,nvss,Deaths,age-adjusted rate
1992,A,All,85,150,All Origins,666,31,resp_copd,total,7.08685168001093,666,nvss,Deaths,age-adjusted rate
1992,A,All,25,34,All Origins,666,31,t2_dm,total,0.0543874784437336,666,nvss,Deaths,age-adjusted rate
1992,A,All,35,44,All Origins,666,31,t2_dm,total,0.396439830982453,666,nvss,Deaths,age-adjusted rate
1992,A,All,45,54,All Origins,666,31,t2_dm,total,1.08125952685772,666,nvss,Deaths,age-adjusted rate
1992,A,All,55,64,All Origins,666,31,t2_dm,total,1.89080648273652,666,nvss,Deaths,age-adjusted rate
1992,A,All,65,74,All Origins,666,31,t2_dm,total,3.60539451468713,666,nvss,Deaths,age-adjusted rate
1992,A,All,75,84,All Origins,666,31,t2_dm,total,5.48613779082851,666,nvss,Deaths,age-adjusted rate
1992,A,All,85,150,All Origins,666,31,t2_dm,total,2.83474067200437,666,nvss,Deaths,age-adjusted rate
1992,A,All,25,34,All Origins,666,32,all-cause,overall,17.7113805233098,666,nvss,Deaths,age-adjusted rate
1992,A,All,35,44,All Origins,666,32,all-cause,overall,41.9667456681303,666,nvss,Deaths,age-adjusted rate
1992,A,All,45,54,All Origins,666,32,all-cause,overall,67.6173944678342,666,nvss,Deaths,age-adjusted rate
1992,A,All,55,64,All Origins,666,32,all-cause,overall,112.480311563959,666,nvss,Deaths,age-adjusted rate
1992,A,All,65,74,All Origins,666,32,all-cause,overall,182.636056585084,666,nvss,Deaths,age-adjusted rate
1992,A,All,75,84,All Origins,666,32,all-cause,overall,277.838909989159,666,nvss,Deaths,age-adjusted rate
1992,A,All,85,150,All Origins,666,32,all-cause,overall,231.178334014363,666,nvss,Deaths,age-adjusted rate
1992,A,All,25,34,All Origins,666,32,cvd_ihd,total,0.1083264863811,666,nvss,Deaths,age-adjusted rate
1992,A,All,35,44,All Origins,666,32,cvd_ihd,total,0.970761020793051,666,nvss,Deaths,age-adjusted rate
1992,A,All,45,54,All Origins,666,32,cvd_ihd,total,4.10320472118336,666,nvss,Deaths,age-adjusted rate
1992,A,All,55,64,All Origins,666,32,cvd_ihd,total,7.78538741873149,666,nvss,Deaths,age-adjusted rate
1992,A,All,65,74,All Origins,666,32,cvd_ihd,total,13.5410724358546,666,nvss,Deaths,age-adjusted rate
1992,A,All,75,84,All Origins,666,32,cvd_ihd,total,28.5073735861399,666,nvss,Deaths,age-adjusted rate
1992,A,All,85,150,All Origins,666,32,cvd_ihd,total,34.5342543922834,666,nvss,Deaths,age-adjusted rate
1992,A,All,25,34,All Origins,666,32,cvd_stroke,total,0.162489729571649,666,nvss,Deaths,age-adjusted rate
1992,A,All,35,44,All Origins,666,32,cvd_stroke,total,0.298695698705554,666,nvss,Deaths,age-adjusted rate
1992,A,All,45,54,All Origins,666,32,cvd_stroke,total,1.45321833875244,666,nvss,Deaths,age-adjusted rate
1992,A,All,55,64,All Origins,666,32,cvd_stroke,total,1.11219820267593,666,nvss,Deaths,age-adjusted rate
1992,A,All,65,74,All Origins,666,32,cvd_stroke,total,1.54947595037142,666,nvss,Deaths,age-adjusted rate
1992,A,All,75,84,All Origins,666,32,cvd_stroke,total,2.15964951410151,666,nvss,Deaths,age-adjusted rate
1992,A,All,85,150,All Origins,666,32,cvd_stroke,total,2.17934615096934,666,nvss,Deaths,age-adjusted rate
1992,A,All,65,74,All Origins,666,32,lri,total,0.0673685195813663,666,nvss,Deaths,age-adjusted rate
1992,A,All,75,84,All Origins,666,32,lri,total,0.107982475705076,666,nvss,Deaths,age-adjusted rate
1992,A,All,85,150,All Origins,666,32,lri,total,0.335284023226053,666,nvss,Deaths,age-adjusted rate
1992,A,All,25,34,All Origins,666,32,ncd_lri,total,6.17460972372267,666,nvss,Deaths,age-adjusted rate
1992,A,All,35,44,All Origins,666,32,ncd_lri,total,25.6878300886777,666,nvss,Deaths,age-adjusted rate
1992,A,All,45,54,All Origins,666,32,ncd_lri,total,57.4448660965671,666,nvss,Deaths,age-adjusted rate
1992,A,All,55,64,All Origins,666,32,ncd_lri,total,103.063700114636,666,nvss,Deaths,age-adjusted rate
1992,A,All,65,74,All Origins,666,32,ncd_lri,total,170.442354540857,666,nvss,Deaths,age-adjusted rate
1992,A,All,75,84,All Origins,666,32,ncd_lri,total,258.726011789361,666,nvss,Deaths,age-adjusted rate
1992,A,All,85,150,All Origins,666,32,ncd_lri,total,205.361464225957,666,nvss,Deaths,age-adjusted rate
1992,A,All,35,44,All Origins,666,32,neo_lung,total,1.56815241820416,666,nvss,Deaths,age-adjusted rate
1992,A,All,45,54,All Origins,666,32,neo_lung,total,7.35157512545352,666,nvss,Deaths,age-adjusted rate
1992,A,All,55,64,All Origins,666,32,neo_lung,total,16.757119586984,666,nvss,Deaths,age-adjusted rate
1992,A,All,65,74,All Origins,666,32,neo_lung,total,22.6358225793391,666,nvss,Deaths,age-adjusted rate
1992,A,All,75,84,All Origins,666,32,neo_lung,total,19.5448281026187,666,nvss,Deaths,age-adjusted rate
1992,A,All,85,150,All Origins,666,32,neo_lung,total,4.19105029032566,666,nvss,Deaths,age-adjusted rate
1992,A,All,35,44,All Origins,666,32,resp_copd,total,0.448043548058331,666,nvss,Deaths,age-adjusted rate
1992,A,All,45,54,All Origins,666,32,resp_copd,total,1.45321833875244,666,nvss,Deaths,age-adjusted rate
1992,A,All,55,64,All Origins,666,32,resp_copd,total,6.52489612236544,666,nvss,Deaths,age-adjusted rate
1992,A,All,65,74,All Origins,666,32,resp_copd,total,16.7747613757602,666,nvss,Deaths,age-adjusted rate
1992,A,All,75,84,All Origins,666,32,resp_copd,total,22.7843023737709,666,nvss,Deaths,age-adjusted rate
1992,A,All,85,150,All Origins,666,32,resp_copd,total,10.3938047200076,666,nvss,Deaths,age-adjusted rate
1992,A,All,25,34,All Origins,666,32,t2_dm,total,0.162489729571649,666,nvss,Deaths,age-adjusted rate
1992,A,All,35,44,All Origins,666,32,t2_dm,total,0.373369623381943,666,nvss,Deaths,age-adjusted rate
1992,A,All,45,54,All Origins,666,32,t2_dm,total,1.19676804367848,666,nvss,Deaths,age-adjusted rate
1992,A,All,55,64,All Origins,666,32,t2_dm,total,2.07610331166173,666,nvss,Deaths,age-adjusted rate
1992,A,All,65,74,All Origins,666,32,t2_dm,total,3.70526857697515,666,nvss,Deaths,age-adjusted rate
1992,A,All,75,84,All Origins,666,32,t2_dm,total,4.8592114067284,666,nvss,Deaths,age-adjusted rate
1992,A,All,85,150,All Origins,666,32,t2_dm,total,3.85576626709961,666,nvss,Deaths,age-adjusted rate
1992,A,All,25,34,All Origins,666,33,all-cause,overall,9.37001788620038,666,nvss,Deaths,age-adjusted rate
1992,A,All,35,44,All Origins,666,33,all-cause,overall,24.8152269149184,666,nvss,Deaths,age-adjusted rate
1992,A,All,45,54,All Origins,666,33,all-cause,overall,49.5880184501052,666,nvss,Deaths,age-adjusted rate
1992,A,All,55,64,All Origins,666,33,all-cause,overall,92.5371057614118,666,nvss,Deaths,age-adjusted rate
1992,A,All,65,74,All Origins,666,33,all-cause,overall,167.581913808183,666,nvss,Deaths,age-adjusted rate
1992,A,All,75,84,All Origins,666,33,all-cause,overall,258.370133924476,666,nvss,Deaths,age-adjusted rate
1992,A,All,85,150,All Origins,666,33,all-cause,overall,232.454017619876,666,nvss,Deaths,age-adjusted rate
1992,A,All,35,44,All Origins,666,33,cvd_ihd,total,1.10478749963678,666,nvss,Deaths,age-adjusted rate
1992,A,All,45,54,All Origins,666,33,cvd_ihd,total,2.72461639835743,666,nvss,Deaths,age-adjusted rate
1992,A,All,55,64,All Origins,666,33,cvd_ihd,total,5.84657095224606,666,nvss,Deaths,age-adjusted rate
1992,A,All,65,74,All Origins,666,33,cvd_ihd,total,14.5297084844329,666,nvss,Deaths,age-adjusted rate
1992,A,All,75,84,All Origins,666,33,cvd_ihd,total,30.7358705805406,666,nvss,Deaths,age-adjusted rate
1992,A,All,85,150,All Origins,666,33,cvd_ihd,total,42.8121314852432,666,nvss,Deaths,age-adjusted rate
1992,A,All,35,44,All Origins,666,33,cvd_stroke,total,0.594885576727496,666,nvss,Deaths,age-adjusted rate
1992,A,All,45,54,All Origins,666,33,cvd_stroke,total,0.326953967802891,666,nvss,Deaths,age-adjusted rate
1992,A,All,55,64,All Origins,666,33,cvd_stroke,total,0.705620632167628,666,nvss,Deaths,age-adjusted rate
1992,A,All,65,74,All Origins,666,33,cvd_stroke,total,1.6045076853975,666,nvss,Deaths,age-adjusted rate
1992,A,All,75,84,All Origins,666,33,cvd_stroke,total,2.83231571902592,666,nvss,Deaths,age-adjusted rate
1992,A,All,85,150,All Origins,666,33,cvd_stroke,total,3.4883958987976,666,nvss,Deaths,age-adjusted rate
1992,A,All,55,64,All Origins,666,33,lri,total,0.100802947452518,666,nvss,Deaths,age-adjusted rate
1992,A,All,65,74,All Origins,666,33,lri,total,0.0891393158554164,666,nvss,Deaths,age-adjusted rate
1992,A,All,25,34,All Origins,666,33,ncd_lri,total,4.33008402316836,666,nvss,Deaths,age-adjusted rate
1992,A,All,35,44,All Origins,666,33,ncd_lri,total,17.7615836480067,666,nvss,Deaths,age-adjusted rate
1992,A,All,45,54,All Origins,666,33,ncd_lri,total,44.1387856533903,666,nvss,Deaths,age-adjusted rate
1992,A,All,55,64,All Origins,666,33,ncd_lri,total,87.2953524938809,666,nvss,Deaths,age-adjusted rate
1992,A,All,65,74,All Origins,666,33,ncd_lri,total,156.974335221388,666,nvss,Deaths,age-adjusted rate
1992,A,All,75,84,All Origins,666,33,ncd_lri,total,238.334122726922,666,nvss,Deaths,age-adjusted rate
1992,A,All,85,150,All Origins,666,33,ncd_lri,total,201.269872463958,666,nvss,Deaths,age-adjusted rate
1992,A,All,25,34,All Origins,666,33,neo_lung,total,0.2129549519591,666,nvss,Deaths,age-adjusted rate
1992,A,All,35,44,All Origins,666,33,neo_lung,total,1.01980384581856,666,nvss,Deaths,age-adjusted rate
1992,A,All,45,54,All Origins,666,33,neo_lung,total,5.01329417297766,666,nvss,Deaths,age-adjusted rate
1992,A,All,55,64,All Origins,666,33,neo_lung,total,13.3059890637324,666,nvss,Deaths,age-adjusted rate
1992,A,All,65,74,All Origins,666,33,neo_lung,total,21.5717144370108,666,nvss,Deaths,age-adjusted rate
1992,A,All,75,84,All Origins,666,33,neo_lung,total,16.1546896566664,666,nvss,Deaths,age-adjusted rate
1992,A,All,85,150,All Origins,666,33,neo_lung,total,4.01694073194875,666,nvss,Deaths,age-adjusted rate
1992,A,All,35,44,All Origins,666,33,resp_copd,total,0.254950961454641,666,nvss,Deaths,age-adjusted rate
1992,A,All,45,54,All Origins,666,33,resp_copd,total,1.19883121527727,666,nvss,Deaths,age-adjusted rate
1992,A,All,55,64,All Origins,666,33,resp_copd,total,5.24175326753095,666,nvss,Deaths,age-adjusted rate
1992,A,All,65,74,All Origins,666,33,resp_copd,total,10.4292999550837,666,nvss,Deaths,age-adjusted rate
1992,A,All,75,84,All Origins,666,33,resp_copd,total,16.8889937319694,666,nvss,Deaths,age-adjusted rate
1992,A,All,85,150,All Origins,666,33,resp_copd,total,6.55395593107427,666,nvss,Deaths,age-adjusted rate
1992,A,All,25,34,All Origins,666,33,t2_dm,total,0.354924919931833,666,nvss,Deaths,age-adjusted rate
1992,A,All,35,44,All Origins,666,33,t2_dm,total,0.849836538182137,666,nvss,Deaths,age-adjusted rate
1992,A,All,45,54,All Origins,666,33,t2_dm,total,1.74375449494875,666,nvss,Deaths,age-adjusted rate
1992,A,All,55,64,All Origins,666,33,t2_dm,total,2.31846779140792,666,nvss,Deaths,age-adjusted rate
1992,A,All,65,74,All Origins,666,33,t2_dm,total,5.25921963546957,666,nvss,Deaths,age-adjusted rate
1992,A,All,75,84,All Origins,666,33,t2_dm,total,7.65774249958861,666,nvss,Deaths,age-adjusted rate
1992,A,All,85,150,All Origins,666,33,t2_dm,total,5.6025752314022,666,nvss,Deaths,age-adjusted rate
1992,A,All,25,34,All Origins,666,34,all-cause,overall,19.9181392181702,666,nvss,Deaths,age-adjusted rate
1992,A,All,35,44,All Origins,666,34,all-cause,overall,41.8419261115303,666,nvss,Deaths,age-adjusted rate
1992,A,All,45,54,All Origins,666,34,all-cause,overall,59.7751404731823,666,nvss,Deaths,age-adjusted rate
1992,A,All,55,64,All Origins,666,34,all-cause,overall,96.231235870422,666,nvss,Deaths,age-adjusted rate
1992,A,All,65,74,All Origins,666,34,all-cause,overall,173.289337653835,666,nvss,Deaths,age-adjusted rate
1992,A,All,75,84,All Origins,666,34,all-cause,overall,263.558710969356,666,nvss,Deaths,age-adjusted rate
1992,A,All,85,150,All Origins,666,34,all-cause,overall,235.500111688425,666,nvss,Deaths,age-adjusted rate
1992,A,All,25,34,All Origins,666,34,cvd_ihd,total,0.100292745308007,666,nvss,Deaths,age-adjusted rate
1992,A,All,35,44,All Origins,666,34,cvd_ihd,total,0.999946713404045,666,nvss,Deaths,age-adjusted rate
1992,A,All,45,54,All Origins,666,34,cvd_ihd,total,3.23590281180873,666,nvss,Deaths,age-adjusted rate
1992,A,All,55,64,All Origins,666,34,cvd_ihd,total,8.12406931159078,666,nvss,Deaths,age-adjusted rate
1992,A,All,65,74,All Origins,666,34,cvd_ihd,total,19.2878380044277,666,nvss,Deaths,age-adjusted rate
1992,A,All,75,84,All Origins,666,34,cvd_ihd,total,37.0985621924938,666,nvss,Deaths,age-adjusted rate
1992,A,All,85,150,All Origins,666,34,cvd_ihd,total,49.1417637285104,666,nvss,Deaths,age-adjusted rate
1992,A,All,25,34,All Origins,666,34,cvd_stroke,total,0.120351294369608,666,nvss,Deaths,age-adjusted rate
1992,A,All,35,44,All Origins,666,34,cvd_stroke,total,0.454521233365475,666,nvss,Deaths,age-adjusted rate
1992,A,All,45,54,All Origins,666,34,cvd_stroke,total,0.801553907512254,666,nvss,Deaths,age-adjusted rate
1992,A,All,55,64,All Origins,666,34,cvd_stroke,total,0.918044984127132,666,nvss,Deaths,age-adjusted rate
1992,A,All,65,74,All Origins,666,34,cvd_stroke,total,1.72116792008278,666,nvss,Deaths,age-adjusted rate
1992,A,All,75,84,All Origins,666,34,cvd_stroke,total,2.96996916428672,666,nvss,Deaths,age-adjusted rate
1992,A,All,85,150,All Origins,666,34,cvd_stroke,total,3.04283366740002,666,nvss,Deaths,age-adjusted rate
1992,A,All,35,44,All Origins,666,34,lri,total,0.0259726419065986,666,nvss,Deaths,age-adjusted rate
1992,A,All,45,54,All Origins,666,34,lri,total,0.0148435908798566,666,nvss,Deaths,age-adjusted rate
1992,A,All,55,64,All Origins,666,34,lri,total,0.012575958686673,666,nvss,Deaths,age-adjusted rate
1992,A,All,65,74,All Origins,666,34,lri,total,0.0322718985015522,666,nvss,Deaths,age-adjusted rate
1992,A,All,75,84,All Origins,666,34,lri,total,0.0781570832707032,666,nvss,Deaths,age-adjusted rate
1992,A,All,85,150,All Origins,666,34,lri,total,0.0760708416850006,666,nvss,Deaths,age-adjusted rate
1992,A,All,25,34,All Origins,666,34,ncd_lri,total,11.7141926519752,666,nvss,Deaths,age-adjusted rate
1992,A,All,35,44,All Origins,666,34,ncd_lri,total,31.8944042613031,666,nvss,Deaths,age-adjusted rate
1992,A,All,45,54,All Origins,666,34,ncd_lri,total,52.2197527153353,666,nvss,Deaths,age-adjusted rate
1992,A,All,55,64,All Origins,666,34,ncd_lri,total,90.5720544614192,666,nvss,Deaths,age-adjusted rate
1992,A,All,65,74,All Origins,666,34,ncd_lri,total,164.640468855419,666,nvss,Deaths,age-adjusted rate
1992,A,All,75,84,All Origins,666,34,ncd_lri,total,245.869157789087,666,nvss,Deaths,age-adjusted rate
1992,A,All,85,150,All Origins,666,34,ncd_lri,total,212.374575816185,666,nvss,Deaths,age-adjusted rate
1992,A,All,25,34,All Origins,666,34,neo_lung,total,0.100292745308007,666,nvss,Deaths,age-adjusted rate
1992,A,All,35,44,All Origins,666,34,neo_lung,total,1.42849530486292,666,nvss,Deaths,age-adjusted rate
1992,A,All,45,54,All Origins,666,34,neo_lung,total,5.90774917018291,666,nvss,Deaths,age-adjusted rate
1992,A,All,55,64,All Origins,666,34,neo_lung,total,12.1609520500128,666,nvss,Deaths,age-adjusted rate
1992,A,All,65,74,All Origins,666,34,neo_lung,total,18.7607303289023,666,nvss,Deaths,age-adjusted rate
1992,A,All,75,84,All Origins,666,34,neo_lung,total,16.2045685981258,666,nvss,Deaths,age-adjusted rate
1992,A,All,85,150,All Origins,666,34,neo_lung,total,4.16868212433803,666,nvss,Deaths,age-adjusted rate
1992,A,All,25,34,All Origins,666,34,resp_copd,total,0.0702049217156048,666,nvss,Deaths,age-adjusted rate
1992,A,All,35,44,All Origins,666,34,resp_copd,total,0.350630665739081,666,nvss,Deaths,age-adjusted rate
1992,A,All,45,54,All Origins,666,34,resp_copd,total,0.935146225430963,666,nvss,Deaths,age-adjusted rate
1992,A,All,55,64,All Origins,666,34,resp_copd,total,2.66610324157468,666,nvss,Deaths,age-adjusted rate
1992,A,All,65,74,All Origins,666,34,resp_copd,total,7.94964433088235,666,nvss,Deaths,age-adjusted rate
1992,A,All,75,84,All Origins,666,34,resp_copd,total,12.557238045493,666,nvss,Deaths,age-adjusted rate
1992,A,All,85,150,All Origins,666,34,resp_copd,total,6.11609567147405,666,nvss,Deaths,age-adjusted rate
1992,A,All,25,34,All Origins,666,34,t2_dm,total,0.250731863270017,666,nvss,Deaths,age-adjusted rate
1992,A,All,35,44,All Origins,666,34,t2_dm,total,0.72723397338476,666,nvss,Deaths,age-adjusted rate
1992,A,All,45,54,All Origins,666,34,t2_dm,total,1.72185654206336,666,nvss,Deaths,age-adjusted rate
1992,A,All,55,64,All Origins,666,34,t2_dm,total,3.70990781256854,666,nvss,Deaths,age-adjusted rate
1992,A,All,65,74,All Origins,666,34,t2_dm,total,6.90618627933216,666,nvss,Deaths,age-adjusted rate
1992,A,All,75,84,All Origins,666,34,t2_dm,total,8.34978172942013,666,nvss,Deaths,age-adjusted rate
1992,A,All,85,150,All Origins,666,34,t2_dm,total,4.95981887786204,666,nvss,Deaths,age-adjusted rate
1992,A,All,25,34,All Origins,666,35,all-cause,overall,24.416100746149,666,nvss,Deaths,age-adjusted rate
1992,A,All,35,44,All Origins,666,35,all-cause,overall,39.0252314870303,666,nvss,Deaths,age-adjusted rate
1992,A,All,45,54,All Origins,666,35,all-cause,overall,52.9871647409824,666,nvss,Deaths,age-adjusted rate
1992,A,All,55,64,All Origins,666,35,all-cause,overall,85.2986083037058,666,nvss,Deaths,age-adjusted rate
1992,A,All,65,74,All Origins,666,35,all-cause,overall,154.035039051472,666,nvss,Deaths,age-adjusted rate
1992,A,All,75,84,All Origins,666,35,all-cause,overall,239.718810411779,666,nvss,Deaths,age-adjusted rate
1992,A,All,85,150,All Origins,666,35,all-cause,overall,221.564867223649,666,nvss,Deaths,age-adjusted rate
1992,A,All,25,34,All Origins,666,35,cvd_ihd,total,0.0533102636378798,666,nvss,Deaths,age-adjusted rate
1992,A,All,35,44,All Origins,666,35,cvd_ihd,total,0.591291386167125,666,nvss,Deaths,age-adjusted rate
1992,A,All,45,54,All Origins,666,35,cvd_ihd,total,1.55603729533024,666,nvss,Deaths,age-adjusted rate
1992,A,All,55,64,All Origins,666,35,cvd_ihd,total,4.08491711844046,666,nvss,Deaths,age-adjusted rate
1992,A,All,65,74,All Origins,666,35,cvd_ihd,total,11.369558762348,666,nvss,Deaths,age-adjusted rate
1992,A,All,75,84,All Origins,666,35,cvd_ihd,total,21.0920103915609,666,nvss,Deaths,age-adjusted rate
1992,A,All,85,150,All Origins,666,35,cvd_ihd,total,29.4441611630544,666,nvss,Deaths,age-adjusted rate
1992,A,All,25,34,All Origins,666,35,cvd_stroke,total,0.10662052727576,666,nvss,Deaths,age-adjusted rate
1992,A,All,35,44,All Origins,666,35,cvd_stroke,total,0.39419425744475,666,nvss,Deaths,age-adjusted rate
1992,A,All,45,54,All Origins,666,35,cvd_stroke,total,0.491380198525339,666,nvss,Deaths,age-adjusted rate
1992,A,All,55,64,All Origins,666,35,cvd_stroke,total,0.692358833633976,666,nvss,Deaths,age-adjusted rate
1992,A,All,65,74,All Origins,666,35,cvd_stroke,total,0.835052338477538,666,nvss,Deaths,age-adjusted rate
1992,A,All,75,84,All Origins,666,35,cvd_stroke,total,1.78470857159362,666,nvss,Deaths,age-adjusted rate
1992,A,All,85,150,All Origins,666,35,cvd_stroke,total,1.56513813491319,666,nvss,Deaths,age-adjusted rate
1992,A,All,75,84,All Origins,666,35,lri,total,0.162246233781238,666,nvss,Deaths,age-adjusted rate
1992,A,All,85,150,All Origins,666,35,lri,total,0.195642266864149,666,nvss,Deaths,age-adjusted rate
1992,A,All,25,34,All Origins,666,35,ncd_lri,total,7.46343690930317,666,nvss,Deaths,age-adjusted rate
1992,A,All,35,44,All Origins,666,35,ncd_lri,total,22.9946650176104,666,nvss,Deaths,age-adjusted rate
1992,A,All,45,54,All Origins,666,35,ncd_lri,total,40.2112795793236,666,nvss,Deaths,age-adjusted rate
1992,A,All,55,64,All Origins,666,35,ncd_lri,total,76.9210664167347,666,nvss,Deaths,age-adjusted rate
1992,A,All,65,74,All Origins,666,35,ncd_lri,total,143.436297832334,666,nvss,Deaths,age-adjusted rate
1992,A,All,75,84,All Origins,666,35,ncd_lri,total,217.409953266859,666,nvss,Deaths,age-adjusted rate
1992,A,All,85,150,All Origins,666,35,ncd_lri,total,191.142494726273,666,nvss,Deaths,age-adjusted rate
1992,A,All,35,44,All Origins,666,35,neo_lung,total,0.39419425744475,666,nvss,Deaths,age-adjusted rate
1992,A,All,45,54,All Origins,666,35,neo_lung,total,2.94828119115203,666,nvss,Deaths,age-adjusted rate
1992,A,All,55,64,All Origins,666,35,neo_lung,total,7.68518305333713,666,nvss,Deaths,age-adjusted rate
1992,A,All,65,74,All Origins,666,35,neo_lung,total,14.1958897541182,666,nvss,Deaths,age-adjusted rate
1992,A,All,75,84,All Origins,666,35,neo_lung,total,13.0608218193897,666,nvss,Deaths,age-adjusted rate
1992,A,All,85,150,All Origins,666,35,neo_lung,total,2.34770720236979,666,nvss,Deaths,age-adjusted rate
1992,A,All,35,44,All Origins,666,35,resp_copd,total,0.262796171629833,666,nvss,Deaths,age-adjusted rate
1992,A,All,45,54,All Origins,666,35,resp_copd,total,0.818966997542231,666,nvss,Deaths,age-adjusted rate
1992,A,All,55,64,All Origins,666,35,resp_copd,total,4.08491711844046,666,nvss,Deaths,age-adjusted rate
1992,A,All,65,74,All Origins,666,35,resp_copd,total,10.084862856998,666,nvss,Deaths,age-adjusted rate
1992,A,All,75,84,All Origins,666,35,resp_copd,total,17.4414701314831,666,nvss,Deaths,age-adjusted rate
1992,A,All,85,150,All Origins,666,35,resp_copd,total,8.60825974202255,666,nvss,Deaths,age-adjusted rate
1992,A,All,25,34,All Origins,666,35,t2_dm,total,0.159930790913639,666,nvss,Deaths,age-adjusted rate
1992,A,All,35,44,All Origins,666,35,t2_dm,total,0.525592343259667,666,nvss,Deaths,age-adjusted rate
1992,A,All,45,54,All Origins,666,35,t2_dm,total,1.0646570968049,666,nvss,Deaths,age-adjusted rate
1992,A,All,55,64,All Origins,666,35,t2_dm,total,4.43109653525744,666,nvss,Deaths,age-adjusted rate
1992,A,All,65,74,All Origins,666,35,t2_dm,total,7.38700145576284,666,nvss,Deaths,age-adjusted rate
1992,A,All,75,84,All Origins,666,35,t2_dm,total,9.00466597485871,666,nvss,Deaths,age-adjusted rate
1992,A,All,85,150,All Origins,666,35,t2_dm,total,5.47798347219617,666,nvss,Deaths,age-adjusted rate
1992,A,All,25,34,All Origins,666,36,all-cause,overall,23.1419530901994,666,nvss,Deaths,age-adjusted rate
1992,A,All,35,44,All Origins,666,36,all-cause,overall,53.1992648632655,666,nvss,Deaths,age-adjusted rate
1992,A,All,45,54,All Origins,666,36,all-cause,overall,70.1383041569711,666,nvss,Deaths,age-adjusted rate
1992,A,All,55,64,All Origins,666,36,all-cause,overall,100.873810893174,666,nvss,Deaths,age-adjusted rate
1992,A,All,65,74,All Origins,666,36,all-cause,overall,168.847016175232,666,nvss,Deaths,age-adjusted rate
1992,A,All,75,84,All Origins,666,36,all-cause,overall,257.429502101472,666,nvss,Deaths,age-adjusted rate
1992,A,All,85,150,All Origins,666,36,all-cause,overall,230.571714280177,666,nvss,Deaths,age-adjusted rate
1992,A,All,25,34,All Origins,666,36,cvd_ihd,total,0.125795058972031,666,nvss,Deaths,age-adjusted rate
1992,A,All,35,44,All Origins,666,36,cvd_ihd,total,1.48562545581432,666,nvss,Deaths,age-adjusted rate
1992,A,All,45,54,All Origins,666,36,cvd_ihd,total,5.49544078993985,666,nvss,Deaths,age-adjusted rate
1992,A,All,55,64,All Origins,666,36,cvd_ihd,total,12.8700311742651,666,nvss,Deaths,age-adjusted rate
1992,A,All,65,74,All Origins,666,36,cvd_ihd,total,28.5341955783784,666,nvss,Deaths,age-adjusted rate
1992,A,All,75,84,All Origins,666,36,cvd_ihd,total,57.6684054715479,666,nvss,Deaths,age-adjusted rate
1992,A,All,85,150,All Origins,666,36,cvd_ihd,total,71.4656910590899,666,nvss,Deaths,age-adjusted rate
1992,A,All,25,34,All Origins,666,36,cvd_stroke,total,0.156159383551486,666,nvss,Deaths,age-adjusted rate
1992,A,All,35,44,All Origins,666,36,cvd_stroke,total,0.606967598679004,666,nvss,Deaths,age-adjusted rate
1992,A,All,45,54,All Origins,666,36,cvd_stroke,total,0.956884490630397,666,nvss,Deaths,age-adjusted rate
1992,A,All,55,64,All Origins,666,36,cvd_stroke,total,1.04321925047371,666,nvss,Deaths,age-adjusted rate
1992,A,All,65,74,All Origins,666,36,cvd_stroke,total,1.41292514337381,666,nvss,Deaths,age-adjusted rate
1992,A,All,75,84,All Origins,666,36,cvd_stroke,total,2.98056239416078,666,nvss,Deaths,age-adjusted rate
1992,A,All,85,150,All Origins,666,36,cvd_stroke,total,3.14188022917879,666,nvss,Deaths,age-adjusted rate
1992,A,All,25,34,All Origins,666,36,lri,total,0.00433776065420795,666,nvss,Deaths,age-adjusted rate
1992,A,All,45,54,All Origins,666,36,lri,total,0.0199350935547999,666,nvss,Deaths,age-adjusted rate
1992,A,All,55,64,All Origins,666,36,lri,total,0.0219625105362886,666,nvss,Deaths,age-adjusted rate
1992,A,All,65,74,All Origins,666,36,lri,total,0.0295385047395221,666,nvss,Deaths,age-adjusted rate
1992,A,All,75,84,All Origins,666,36,lri,total,0.0518859991246557,666,nvss,Deaths,age-adjusted rate
1992,A,All,85,150,All Origins,666,36,lri,total,0.0785470057294698,666,nvss,Deaths,age-adjusted rate
1992,A,All,25,34,All Origins,666,36,ncd_lri,total,12.9178512282313,666,nvss,Deaths,age-adjusted rate
1992,A,All,35,44,All Origins,666,36,ncd_lri,total,41.0772548210762,666,nvss,Deaths,age-adjusted rate
1992,A,All,45,54,All Origins,666,36,ncd_lri,total,60.8485505604343,666,nvss,Deaths,age-adjusted rate
1992,A,All,55,64,All Origins,666,36,ncd_lri,total,94.3015296151894,666,nvss,Deaths,age-adjusted rate
1992,A,All,65,74,All Origins,666,36,ncd_lri,total,159.842695313801,666,nvss,Deaths,age-adjusted rate
1992,A,All,75,84,All Origins,666,36,ncd_lri,total,240.036162172685,666,nvss,Deaths,age-adjusted rate
1992,A,All,85,150,All Origins,666,36,ncd_lri,total,208.264364653007,666,nvss,Deaths,age-adjusted rate
1992,A,All,25,34,All Origins,666,36,neo_lung,total,0.0780796917757431,666,nvss,Deaths,age-adjusted rate
1992,A,All,35,44,All Origins,666,36,neo_lung,total,1.34689000468769,666,nvss,Deaths,age-adjusted rate
1992,A,All,45,54,All Origins,666,36,neo_lung,total,5.68814669430292,666,nvss,Deaths,age-adjusted rate
1992,A,All,55,64,All Origins,666,36,neo_lung,total,12.4692153569779,666,nvss,Deaths,age-adjusted rate
1992,A,All,65,74,All Origins,666,36,neo_lung,total,17.6000257406319,666,nvss,Deaths,age-adjusted rate
1992,A,All,75,84,All Origins,666,36,neo_lung,total,15.5600346263829,666,nvss,Deaths,age-adjusted rate
1992,A,All,85,150,All Origins,666,36,neo_lung,total,4.28383285093801,666,nvss,Deaths,age-adjusted rate
1992,A,All,25,34,All Origins,666,36,resp_copd,total,0.182185947476734,666,nvss,Deaths,age-adjusted rate
1992,A,All,35,44,All Origins,666,36,resp_copd,total,0.450890216161546,666,nvss,Deaths,age-adjusted rate
1992,A,All,45,54,All Origins,666,36,resp_copd,total,1.12301027025373,666,nvss,Deaths,age-adjusted rate
1992,A,All,55,64,All Origins,666,36,resp_copd,total,3.11867649615299,666,nvss,Deaths,age-adjusted rate
1992,A,All,65,74,All Origins,666,36,resp_copd,total,8.12801188749184,666,nvss,Deaths,age-adjusted rate
1992,A,All,75,84,All Origins,666,36,resp_copd,total,12.6890093414852,666,nvss,Deaths,age-adjusted rate
1992,A,All,85,150,All Origins,666,36,resp_copd,total,6.57982224918405,666,nvss,Deaths,age-adjusted rate
1992,A,All,25,34,All Origins,666,36,t2_dm,total,0.16917266551411,666,nvss,Deaths,age-adjusted rate
1992,A,All,35,44,All Origins,666,36,t2_dm,total,0.583845023491232,666,nvss,Deaths,age-adjusted rate
1992,A,All,45,54,All Origins,666,36,t2_dm,total,1.50177704779493,666,nvss,Deaths,age-adjusted rate
1992,A,All,55,64,All Origins,666,36,t2_dm,total,2.25664795760366,666,nvss,Deaths,age-adjusted rate
1992,A,All,65,74,All Origins,666,36,t2_dm,total,4.14523683177961,666,nvss,Deaths,age-adjusted rate
1992,A,All,75,84,All Origins,666,36,t2_dm,total,4.73315614237137,666,nvss,Deaths,age-adjusted rate
1992,A,All,85,150,All Origins,666,36,t2_dm,total,3.11771191972357,666,nvss,Deaths,age-adjusted rate
1992,A,All,25,34,All Origins,666,37,all-cause,overall,18.6369771982075,666,nvss,Deaths,age-adjusted rate
1992,A,All,35,44,All Origins,666,37,all-cause,overall,38.1236582759358,666,nvss,Deaths,age-adjusted rate
1992,A,All,45,54,All Origins,666,37,all-cause,overall,68.0960385209219,666,nvss,Deaths,age-adjusted rate
1992,A,All,55,64,All Origins,666,37,all-cause,overall,111.770019904162,666,nvss,Deaths,age-adjusted rate
1992,A,All,65,74,All Origins,666,37,all-cause,overall,181.555597491526,666,nvss,Deaths,age-adjusted rate
1992,A,All,75,84,All Origins,666,37,all-cause,overall,269.449614738816,666,nvss,Deaths,age-adjusted rate
1992,A,All,85,150,All Origins,666,37,all-cause,overall,229.699364947851,666,nvss,Deaths,age-adjusted rate
1992,A,All,25,34,All Origins,666,37,cvd_ihd,total,0.15228202613243,666,nvss,Deaths,age-adjusted rate
1992,A,All,35,44,All Origins,666,37,cvd_ihd,total,1.67992301255612,666,nvss,Deaths,age-adjusted rate
1992,A,All,45,54,All Origins,666,37,cvd_ihd,total,5.90610969102472,666,nvss,Deaths,age-adjusted rate
1992,A,All,55,64,All Origins,666,37,cvd_ihd,total,11.2622777225188,666,nvss,Deaths,age-adjusted rate
1992,A,All,65,74,All Origins,666,37,cvd_ihd,total,20.3475386378249,666,nvss,Deaths,age-adjusted rate
1992,A,All,75,84,All Origins,666,37,cvd_ihd,total,30.5924601131151,666,nvss,Deaths,age-adjusted rate
1992,A,All,85,150,All Origins,666,37,cvd_ihd,total,30.3622144267976,666,nvss,Deaths,age-adjusted rate
1992,A,All,25,34,All Origins,666,37,cvd_stroke,total,0.187424032162991,666,nvss,Deaths,age-adjusted rate
1992,A,All,35,44,All Origins,666,37,cvd_stroke,total,0.575108779073268,666,nvss,Deaths,age-adjusted rate
1992,A,All,45,54,All Origins,666,37,cvd_stroke,total,1.23043951896348,666,nvss,Deaths,age-adjusted rate
1992,A,All,55,64,All Origins,666,37,cvd_stroke,total,1.39675768099124,666,nvss,Deaths,age-adjusted rate
1992,A,All,65,74,All Origins,666,37,cvd_stroke,total,1.76878153001053,666,nvss,Deaths,age-adjusted rate
1992,A,All,75,84,All Origins,666,37,cvd_stroke,total,3.63918998629669,666,nvss,Deaths,age-adjusted rate
1992,A,All,85,150,All Origins,666,37,cvd_stroke,total,3.66509580481792,666,nvss,Deaths,age-adjusted rate
1992,A,All,35,44,All Origins,666,37,lri,total,0.0151344415545597,666,nvss,Deaths,age-adjusted rate
1992,A,All,45,54,All Origins,666,37,lri,total,0.0703108296550562,666,nvss,Deaths,age-adjusted rate
1992,A,All,55,64,All Origins,666,37,lri,total,0.0294054248629734,666,nvss,Deaths,age-adjusted rate
1992,A,All,65,74,All Origins,666,37,lri,total,0.0524083416299417,666,nvss,Deaths,age-adjusted rate
1992,A,All,75,84,All Origins,666,37,lri,total,0.116321141114506,666,nvss,Deaths,age-adjusted rate
1992,A,All,85,150,All Origins,666,37,lri,total,0.240334151135601,666,nvss,Deaths,age-adjusted rate
1992,A,All,25,34,All Origins,666,37,ncd_lri,total,8.57464947145685,666,nvss,Deaths,age-adjusted rate
1992,A,All,35,44,All Origins,666,37,ncd_lri,total,26.3490627464884,666,nvss,Deaths,age-adjusted rate
1992,A,All,45,54,All Origins,666,37,ncd_lri,total,57.7603465616286,666,nvss,Deaths,age-adjusted rate
1992,A,All,55,64,All Origins,666,37,ncd_lri,total,103.05131143229,666,nvss,Deaths,age-adjusted rate
1992,A,All,65,74,All Origins,666,37,ncd_lri,total,169.737516453974,666,nvss,Deaths,age-adjusted rate
1992,A,All,75,84,All Origins,666,37,ncd_lri,total,245.504076975102,666,nvss,Deaths,age-adjusted rate
1992,A,All,85,150,All Origins,666,37,ncd_lri,total,201.359962959778,666,nvss,Deaths,age-adjusted rate
1992,A,All,25,34,All Origins,666,37,neo_lung,total,0.0819980140713087,666,nvss,Deaths,age-adjusted rate
1992,A,All,35,44,All Origins,666,37,neo_lung,total,1.28642753213757,666,nvss,Deaths,age-adjusted rate
1992,A,All,45,54,All Origins,666,37,neo_lung,total,6.80257276912668,666,nvss,Deaths,age-adjusted rate
1992,A,All,55,64,All Origins,666,37,neo_lung,total,15.0849829547054,666,nvss,Deaths,age-adjusted rate
1992,A,All,65,74,All Origins,666,37,neo_lung,total,21.0288470790141,666,nvss,Deaths,age-adjusted rate
1992,A,All,75,84,All Origins,666,37,neo_lung,total,14.9721925920243,666,nvss,Deaths,age-adjusted rate
1992,A,All,85,150,All Origins,666,37,neo_lung,total,3.56495657517809,666,nvss,Deaths,age-adjusted rate
1992,A,All,25,34,All Origins,666,37,resp_copd,total,0.0585700100509348,666,nvss,Deaths,age-adjusted rate
1992,A,All,35,44,All Origins,666,37,resp_copd,total,0.242151064872955,666,nvss,Deaths,age-adjusted rate
1992,A,All,45,54,All Origins,666,37,resp_copd,total,1.01950702999831,666,nvss,Deaths,age-adjusted rate
1992,A,All,55,64,All Origins,666,37,resp_copd,total,5.05773307643143,666,nvss,Deaths,age-adjusted rate
1992,A,All,65,74,All Origins,666,37,resp_copd,total,10.389953728136,666,nvss,Deaths,age-adjusted rate
1992,A,All,75,84,All Origins,666,37,resp_copd,total,14.2410311335902,666,nvss,Deaths,age-adjusted rate
1992,A,All,85,150,All Origins,666,37,resp_copd,total,6.46899423473327,666,nvss,Deaths,age-adjusted rate
1992,A,All,25,34,All Origins,666,37,t2_dm,total,0.257708044224113,666,nvss,Deaths,age-adjusted rate
1992,A,All,35,44,All Origins,666,37,t2_dm,total,0.90806649327358,666,nvss,Deaths,age-adjusted rate
1992,A,All,45,54,All Origins,666,37,t2_dm,total,1.98628093775534,666,nvss,Deaths,age-adjusted rate
1992,A,All,55,64,All Origins,666,37,t2_dm,total,3.60216454571424,666,nvss,Deaths,age-adjusted rate
1992,A,All,65,74,All Origins,666,37,t2_dm,total,5.18842582136423,666,nvss,Deaths,age-adjusted rate
1992,A,All,75,84,All Origins,666,37,t2_dm,total,6.74662618464135,666,nvss,Deaths,age-adjusted rate
1992,A,All,85,150,All Origins,666,37,t2_dm,total,3.58498442110605,666,nvss,Deaths,age-adjusted rate
1992,A,All,25,34,All Origins,666,38,all-cause,overall,11.4167769285124,666,nvss,Deaths,age-adjusted rate
1992,A,All,35,44,All Origins,666,38,all-cause,overall,22.9878482425332,666,nvss,Deaths,age-adjusted rate
1992,A,All,45,54,All Origins,666,38,all-cause,overall,46.2715069985208,666,nvss,Deaths,age-adjusted rate
1992,A,All,55,64,All Origins,666,38,all-cause,overall,86.2469235065603,666,nvss,Deaths,age-adjusted rate
1992,A,All,65,74,All Origins,666,38,all-cause,overall,150.859018256963,666,nvss,Deaths,age-adjusted rate
1992,A,All,75,84,All Origins,666,38,all-cause,overall,238.047886637526,666,nvss,Deaths,age-adjusted rate
1992,A,All,85,150,All Origins,666,38,all-cause,overall,220.672666427576,666,nvss,Deaths,age-adjusted rate
1992,A,All,25,34,All Origins,666,38,cvd_ihd,total,0.281895726629936,666,nvss,Deaths,age-adjusted rate
1992,A,All,35,44,All Origins,666,38,cvd_ihd,total,0.507084887702939,666,nvss,Deaths,age-adjusted rate
1992,A,All,45,54,All Origins,666,38,cvd_ihd,total,2.89196918740755,666,nvss,Deaths,age-adjusted rate
1992,A,All,55,64,All Origins,666,38,cvd_ihd,total,3.98829704076579,666,nvss,Deaths,age-adjusted rate
1992,A,All,65,74,All Origins,666,38,cvd_ihd,total,13.3725445546338,666,nvss,Deaths,age-adjusted rate
1992,A,All,75,84,All Origins,666,38,cvd_ihd,total,24.2851543542768,666,nvss,Deaths,age-adjusted rate
1992,A,All,85,150,All Origins,666,38,cvd_ihd,total,29.9694741404834,666,nvss,Deaths,age-adjusted rate
1992,A,All,35,44,All Origins,666,38,cvd_stroke,total,0.16902829590098,666,nvss,Deaths,age-adjusted rate
1992,A,All,45,54,All Origins,666,38,cvd_stroke,total,0.667377504786357,666,nvss,Deaths,age-adjusted rate
1992,A,All,55,64,All Origins,666,38,cvd_stroke,total,0.830895216826207,666,nvss,Deaths,age-adjusted rate
1992,A,All,65,74,All Origins,666,38,cvd_stroke,total,1.53227073021846,666,nvss,Deaths,age-adjusted rate
1992,A,All,75,84,All Origins,666,38,cvd_stroke,total,2.93556810875873,666,nvss,Deaths,age-adjusted rate
1992,A,All,85,150,All Origins,666,38,cvd_stroke,total,2.56149351628063,666,nvss,Deaths,age-adjusted rate
1992,A,All,55,64,All Origins,666,38,lri,total,0.166179043365241,666,nvss,Deaths,age-adjusted rate
1992,A,All,75,84,All Origins,666,38,lri,total,0.133434914034488,666,nvss,Deaths,age-adjusted rate
1992,A,All,25,34,All Origins,666,38,ncd_lri,total,3.80559230950413,666,nvss,Deaths,age-adjusted rate
1992,A,All,35,44,All Origins,666,38,ncd_lri,total,15.5506032228901,666,nvss,Deaths,age-adjusted rate
1992,A,All,45,54,All Origins,666,38,ncd_lri,total,39.1528136141329,666,nvss,Deaths,age-adjusted rate
1992,A,All,55,64,All Origins,666,38,ncd_lri,total,80.7630150755073,666,nvss,Deaths,age-adjusted rate
1992,A,All,65,74,All Origins,666,38,ncd_lri,total,140.829609840987,666,nvss,Deaths,age-adjusted rate
1992,A,All,75,84,All Origins,666,38,ncd_lri,total,219.233563758664,666,nvss,Deaths,age-adjusted rate
1992,A,All,85,150,All Origins,666,38,ncd_lri,total,191.087416314535,666,nvss,Deaths,age-adjusted rate
1992,A,All,25,34,All Origins,666,38,neo_lung,total,0.140947863314968,666,nvss,Deaths,age-adjusted rate
1992,A,All,35,44,All Origins,666,38,neo_lung,total,0.16902829590098,666,nvss,Deaths,age-adjusted rate
1992,A,All,45,54,All Origins,666,38,neo_lung,total,3.5593466921939,666,nvss,Deaths,age-adjusted rate
1992,A,All,55,64,All Origins,666,38,neo_lung,total,11.7987120789321,666,nvss,Deaths,age-adjusted rate
1992,A,All,65,74,All Origins,666,38,neo_lung,total,15.7405993195169,666,nvss,Deaths,age-adjusted rate
1992,A,All,75,84,All Origins,666,38,neo_lung,total,11.7422724350349,666,nvss,Deaths,age-adjusted rate
1992,A,All,85,150,All Origins,666,38,neo_lung,total,3.07379221953676,666,nvss,Deaths,age-adjusted rate
1992,A,All,45,54,All Origins,666,38,resp_copd,total,0.889836673048476,666,nvss,Deaths,age-adjusted rate
1992,A,All,55,64,All Origins,666,38,resp_copd,total,3.82211799740055,666,nvss,Deaths,age-adjusted rate
1992,A,All,65,74,All Origins,666,38,resp_copd,total,8.63643502486766,666,nvss,Deaths,age-adjusted rate
1992,A,All,75,84,All Origins,666,38,resp_copd,total,13.3434914034488,666,nvss,Deaths,age-adjusted rate
1992,A,All,85,150,All Origins,666,38,resp_copd,total,5.63528573581739,666,nvss,Deaths,age-adjusted rate
1992,A,All,25,34,All Origins,666,38,t2_dm,total,0.281895726629936,666,nvss,Deaths,age-adjusted rate
1992,A,All,35,44,All Origins,666,38,t2_dm,total,0.507084887702939,666,nvss,Deaths,age-adjusted rate
1992,A,All,45,54,All Origins,666,38,t2_dm,total,1.55721417783483,666,nvss,Deaths,age-adjusted rate
1992,A,All,55,64,All Origins,666,38,t2_dm,total,2.16032756374814,666,nvss,Deaths,age-adjusted rate
1992,A,All,65,74,All Origins,666,38,t2_dm,total,4.17892017332306,666,nvss,Deaths,age-adjusted rate
1992,A,All,75,84,All Origins,666,38,t2_dm,total,7.07205044382786,666,nvss,Deaths,age-adjusted rate
1992,A,All,85,150,All Origins,666,38,t2_dm,total,4.4826136534911,666,nvss,Deaths,age-adjusted rate
1992,A,All,25,34,All Origins,666,39,all-cause,overall,15.2968639348298,666,nvss,Deaths,age-adjusted rate
1992,A,All,35,44,All Origins,666,39,all-cause,overall,30.7779316681604,666,nvss,Deaths,age-adjusted rate
1992,A,All,45,54,All Origins,666,39,all-cause,overall,57.3917282172479,666,nvss,Deaths,age-adjusted rate
1992,A,All,55,64,All Origins,666,39,all-cause,overall,103.727449277054,666,nvss,Deaths,age-adjusted rate
1992,A,All,65,74,All Origins,666,39,all-cause,overall,183.720639034119,666,nvss,Deaths,age-adjusted rate
1992,A,All,75,84,All Origins,666,39,all-cause,overall,273.220863322851,666,nvss,Deaths,age-adjusted rate
1992,A,All,85,150,All Origins,666,39,all-cause,overall,234.275150238184,666,nvss,Deaths,age-adjusted rate
1992,A,All,25,34,All Origins,666,39,cvd_ihd,total,0.178865211235936,666,nvss,Deaths,age-adjusted rate
1992,A,All,35,44,All Origins,666,39,cvd_ihd,total,1.24096923623546,666,nvss,Deaths,age-adjusted rate
1992,A,All,45,54,All Origins,666,39,cvd_ihd,total,4.50175116943096,666,nvss,Deaths,age-adjusted rate
1992,A,All,55,64,All Origins,666,39,cvd_ihd,total,10.6214874544157,666,nvss,Deaths,age-adjusted rate
1992,A,All,65,74,All Origins,666,39,cvd_ihd,total,22.2470532915482,666,nvss,Deaths,age-adjusted rate
1992,A,All,75,84,All Origins,666,39,cvd_ihd,total,38.5429155778496,666,nvss,Deaths,age-adjusted rate
1992,A,All,85,150,All Origins,666,39,cvd_ihd,total,41.9306747675348,666,nvss,Deaths,age-adjusted rate
1992,A,All,25,34,All Origins,666,39,cvd_stroke,total,0.163311714606724,666,nvss,Deaths,age-adjusted rate
1992,A,All,35,44,All Origins,666,39,cvd_stroke,total,0.587328951500753,666,nvss,Deaths,age-adjusted rate
1992,A,All,45,54,All Origins,666,39,cvd_stroke,total,1.01905312541845,666,nvss,Deaths,age-adjusted rate
1992,A,All,55,64,All Origins,666,39,cvd_stroke,total,1.14385249509092,666,nvss,Deaths,age-adjusted rate
1992,A,All,65,74,All Origins,666,39,cvd_stroke,total,1.82057014590447,666,nvss,Deaths,age-adjusted rate
1992,A,All,75,84,All Origins,666,39,cvd_stroke,total,3.69099868406582,666,nvss,Deaths,age-adjusted rate
1992,A,All,85,150,All Origins,666,39,cvd_stroke,total,3.50386818007254,666,nvss,Deaths,age-adjusted rate
1992,A,All,25,34,All Origins,666,39,lri,total,0.00777674831460591,666,nvss,Deaths,age-adjusted rate
1992,A,All,35,44,All Origins,666,39,lri,total,0.00947304760485085,666,nvss,Deaths,age-adjusted rate
1992,A,All,45,54,All Origins,666,39,lri,total,0.0223967719872187,666,nvss,Deaths,age-adjusted rate
1992,A,All,55,64,All Origins,666,39,lri,total,0.0181563888109669,666,nvss,Deaths,age-adjusted rate
1992,A,All,65,74,All Origins,666,39,lri,total,0.0941674213398866,666,nvss,Deaths,age-adjusted rate
1992,A,All,75,84,All Origins,666,39,lri,total,0.0966230022006759,666,nvss,Deaths,age-adjusted rate
1992,A,All,85,150,All Origins,666,39,lri,total,0.126265520002614,666,nvss,Deaths,age-adjusted rate
1992,A,All,25,34,All Origins,666,39,ncd_lri,total,6.73466404044872,666,nvss,Deaths,age-adjusted rate
1992,A,All,35,44,All Origins,666,39,ncd_lri,total,21.0585848255834,666,nvss,Deaths,age-adjusted rate
1992,A,All,45,54,All Origins,666,39,ncd_lri,total,49.0601290380025,666,nvss,Deaths,age-adjusted rate
1992,A,All,55,64,All Origins,666,39,ncd_lri,total,96.4104245862345,666,nvss,Deaths,age-adjusted rate
1992,A,All,65,74,All Origins,666,39,ncd_lri,total,173.275902550503,666,nvss,Deaths,age-adjusted rate
1992,A,All,75,84,All Origins,666,39,ncd_lri,total,252.118399642224,666,nvss,Deaths,age-adjusted rate
1992,A,All,85,150,All Origins,666,39,ncd_lri,total,207.222762577623,666,nvss,Deaths,age-adjusted rate
1992,A,All,25,34,All Origins,666,39,neo_lung,total,0.124427973033695,666,nvss,Deaths,age-adjusted rate
1992,A,All,35,44,All Origins,666,39,neo_lung,total,1.12729266497725,666,nvss,Deaths,age-adjusted rate
1992,A,All,45,54,All Origins,666,39,neo_lung,total,5.68878008475355,666,nvss,Deaths,age-adjusted rate
1992,A,All,55,64,All Origins,666,39,neo_lung,total,15.0153335466697,666,nvss,Deaths,age-adjusted rate
1992,A,All,65,74,All Origins,666,39,neo_lung,total,21.9410091721936,666,nvss,Deaths,age-adjusted rate
1992,A,All,75,84,All Origins,666,39,neo_lung,total,17.4597764976621,666,nvss,Deaths,age-adjusted rate
1992,A,All,85,150,All Origins,666,39,neo_lung,total,4.13519578008561,666,nvss,Deaths,age-adjusted rate
1992,A,All,25,34,All Origins,666,39,resp_copd,total,0.0777674831460591,666,nvss,Deaths,age-adjusted rate
1992,A,All,35,44,All Origins,666,39,resp_copd,total,0.227353142516421,666,nvss,Deaths,age-adjusted rate
1992,A,All,45,54,All Origins,666,39,resp_copd,total,1.11983859936093,666,nvss,Deaths,age-adjusted rate
1992,A,All,55,64,All Origins,666,39,resp_copd,total,4.52094081393077,666,nvss,Deaths,age-adjusted rate
1992,A,All,65,74,All Origins,666,39,resp_copd,total,11.0254355818784,666,nvss,Deaths,age-adjusted rate
1992,A,All,75,84,All Origins,666,39,resp_copd,total,15.7881985595904,666,nvss,Deaths,age-adjusted rate
1992,A,All,85,150,All Origins,666,39,resp_copd,total,7.21817889348277,666,nvss,Deaths,age-adjusted rate
1992,A,All,25,34,All Origins,666,39,t2_dm,total,0.256632694381995,666,nvss,Deaths,age-adjusted rate
1992,A,All,35,44,All Origins,666,39,t2_dm,total,0.644167237129858,666,nvss,Deaths,age-adjusted rate
1992,A,All,45,54,All Origins,666,39,t2_dm,total,1.69095628503501,666,nvss,Deaths,age-adjusted rate
1992,A,All,55,64,All Origins,666,39,t2_dm,total,3.49510484611114,666,nvss,Deaths,age-adjusted rate
1992,A,All,65,74,All Origins,666,39,t2_dm,total,6.56817763845709,666,nvss,Deaths,age-adjusted rate
1992,A,All,75,84,All Origins,666,39,t2_dm,total,8.91830310312238,666,nvss,Deaths,age-adjusted rate
1992,A,All,85,150,All Origins,666,39,t2_dm,total,5.18740844677406,666,nvss,Deaths,age-adjusted rate
1992,A,All,25,34,All Origins,666,40,all-cause,overall,18.8498604979194,666,nvss,Deaths,age-adjusted rate
1992,A,All,35,44,All Origins,666,40,all-cause,overall,35.9472827426457,666,nvss,Deaths,age-adjusted rate
1992,A,All,45,54,All Origins,666,40,all-cause,overall,64.7245134217811,666,nvss,Deaths,age-adjusted rate
1992,A,All,55,64,All Origins,666,40,all-cause,overall,108.351819892959,666,nvss,Deaths,age-adjusted rate
1992,A,All,65,74,All Origins,666,40,all-cause,overall,182.720980533986,666,nvss,Deaths,age-adjusted rate
1992,A,All,75,84,All Origins,666,40,all-cause,overall,265.600857321233,666,nvss,Deaths,age-adjusted rate
1992,A,All,85,150,All Origins,666,40,all-cause,overall,228.779372691216,666,nvss,Deaths,age-adjusted rate
1992,A,All,25,34,All Origins,666,40,cvd_ihd,total,0.303584868926959,666,nvss,Deaths,age-adjusted rate
1992,A,All,35,44,All Origins,666,40,cvd_ihd,total,1.80246545445622,666,nvss,Deaths,age-adjusted rate
1992,A,All,45,54,All Origins,666,40,cvd_ihd,total,5.07719237021157,666,nvss,Deaths,age-adjusted rate
1992,A,All,55,64,All Origins,666,40,cvd_ihd,total,8.92456985197228,666,nvss,Deaths,age-adjusted rate
1992,A,All,65,74,All Origins,666,40,cvd_ihd,total,18.9135128365512,666,nvss,Deaths,age-adjusted rate
1992,A,All,75,84,All Origins,666,40,cvd_ihd,total,31.9080032507797,666,nvss,Deaths,age-adjusted rate
1992,A,All,85,150,All Origins,666,40,cvd_ihd,total,33.1577947257117,666,nvss,Deaths,age-adjusted rate
1992,A,All,25,34,All Origins,666,40,cvd_stroke,total,0.165591746687432,666,nvss,Deaths,age-adjusted rate
1992,A,All,35,44,All Origins,666,40,cvd_stroke,total,0.476122950233717,666,nvss,Deaths,age-adjusted rate
1992,A,All,45,54,All Origins,666,40,cvd_stroke,total,1.16271580997211,666,nvss,Deaths,age-adjusted rate
1992,A,All,55,64,All Origins,666,40,cvd_stroke,total,0.9741607937012,666,nvss,Deaths,age-adjusted rate
1992,A,All,65,74,All Origins,666,40,cvd_stroke,total,1.75429684281055,666,nvss,Deaths,age-adjusted rate
1992,A,All,75,84,All Origins,666,40,cvd_stroke,total,2.16640177260386,666,nvss,Deaths,age-adjusted rate
1992,A,All,85,150,All Origins,666,40,cvd_stroke,total,2.35272904865504,666,nvss,Deaths,age-adjusted rate
1992,A,All,35,44,All Origins,666,40,lri,total,0.0680175643191025,666,nvss,Deaths,age-adjusted rate
1992,A,All,55,64,All Origins,666,40,lri,total,0.0314245417322968,666,nvss,Deaths,age-adjusted rate
1992,A,All,75,84,All Origins,666,40,lri,total,0.123794387005935,666,nvss,Deaths,age-adjusted rate
1992,A,All,85,150,All Origins,666,40,lri,total,0.15684860324367,666,nvss,Deaths,age-adjusted rate
1992,A,All,25,34,All Origins,666,40,ncd_lri,total,7.58962172317397,666,nvss,Deaths,age-adjusted rate
1992,A,All,35,44,All Origins,666,40,ncd_lri,total,23.7721387295263,666,nvss,Deaths,age-adjusted rate
1992,A,All,45,54,All Origins,666,40,ncd_lri,total,55.0739721990125,666,nvss,Deaths,age-adjusted rate
1992,A,All,55,64,All Origins,666,40,ncd_lri,total,100.527109001617,666,nvss,Deaths,age-adjusted rate
1992,A,All,65,74,All Origins,666,40,ncd_lri,total,170.440902634312,666,nvss,Deaths,age-adjusted rate
1992,A,All,75,84,All Origins,666,40,ncd_lri,total,243.00838169265,666,nvss,Deaths,age-adjusted rate
1992,A,All,85,150,All Origins,666,40,ncd_lri,total,198.821289471676,666,nvss,Deaths,age-adjusted rate
1992,A,All,35,44,All Origins,666,40,neo_lung,total,1.12228981126519,666,nvss,Deaths,age-adjusted rate
1992,A,All,45,54,All Origins,666,40,neo_lung,total,7.01505205349843,666,nvss,Deaths,age-adjusted rate
1992,A,All,55,64,All Origins,666,40,neo_lung,total,15.2409027401639,666,nvss,Deaths,age-adjusted rate
1992,A,All,65,74,All Origins,666,40,neo_lung,total,21.7368343179495,666,nvss,Deaths,age-adjusted rate
1992,A,All,75,84,All Origins,666,40,neo_lung,total,16.9288824230616,666,nvss,Deaths,age-adjusted rate
1992,A,All,85,150,All Origins,666,40,neo_lung,total,4.04669396368668,666,nvss,Deaths,age-adjusted rate
1992,A,All,25,34,All Origins,666,40,resp_copd,total,0.110394497791621,666,nvss,Deaths,age-adjusted rate
1992,A,All,35,44,All Origins,666,40,resp_copd,total,0.27207025727641,666,nvss,Deaths,age-adjusted rate
1992,A,All,45,54,All Origins,666,40,resp_copd,total,1.6665593276267,666,nvss,Deaths,age-adjusted rate
1992,A,All,55,64,All Origins,666,40,resp_copd,total,5.12220030236437,666,nvss,Deaths,age-adjusted rate
1992,A,All,65,74,All Origins,666,40,resp_copd,total,12.3074887878428,666,nvss,Deaths,age-adjusted rate
1992,A,All,75,84,All Origins,666,40,resp_copd,total,15.8766301335111,666,nvss,Deaths,age-adjusted rate
1992,A,All,85,150,All Origins,666,40,resp_copd,total,5.89750748196198,666,nvss,Deaths,age-adjusted rate
1992,A,All,25,34,All Origins,666,40,t2_dm,total,0.331183493374864,666,nvss,Deaths,age-adjusted rate
1992,A,All,35,44,All Origins,666,40,t2_dm,total,0.646166861031473,666,nvss,Deaths,age-adjusted rate
1992,A,All,45,54,All Origins,666,40,t2_dm,total,1.82158810228965,666,nvss,Deaths,age-adjusted rate
1992,A,All,55,64,All Origins,666,40,t2_dm,total,2.8910578393713,666,nvss,Deaths,age-adjusted rate
1992,A,All,65,74,All Origins,666,40,t2_dm,total,4.0568114489994,666,nvss,Deaths,age-adjusted rate
1992,A,All,75,84,All Origins,666,40,t2_dm,total,4.48754652896513,666,nvss,Deaths,age-adjusted rate
1992,A,All,85,150,All Origins,666,40,t2_dm,total,3.29382066811706,666,nvss,Deaths,age-adjusted rate
1992,A,All,25,34,All Origins,666,41,all-cause,overall,15.0594813476876,666,nvss,Deaths,age-adjusted rate
1992,A,All,35,44,All Origins,666,41,all-cause,overall,27.7548966944585,666,nvss,Deaths,age-adjusted rate
1992,A,All,45,54,All Origins,666,41,all-cause,overall,51.1981411192134,666,nvss,Deaths,age-adjusted rate
1992,A,All,55,64,All Origins,666,41,all-cause,overall,91.5443561850979,666,nvss,Deaths,age-adjusted rate
1992,A,All,65,74,All Origins,666,41,all-cause,overall,162.767210958356,666,nvss,Deaths,age-adjusted rate
1992,A,All,75,84,All Origins,666,41,all-cause,overall,255.00215274697,666,nvss,Deaths,age-adjusted rate
1992,A,All,85,150,All Origins,666,41,all-cause,overall,229.08766142655,666,nvss,Deaths,age-adjusted rate
1992,A,All,25,34,All Origins,666,41,cvd_ihd,total,0.119995867312252,666,nvss,Deaths,age-adjusted rate
1992,A,All,35,44,All Origins,666,41,cvd_ihd,total,1.72470013981675,666,nvss,Deaths,age-adjusted rate
1992,A,All,45,54,All Origins,666,41,cvd_ihd,total,5.23482155517906,666,nvss,Deaths,age-adjusted rate
1992,A,All,55,64,All Origins,666,41,cvd_ihd,total,11.2222783908581,666,nvss,Deaths,age-adjusted rate
1992,A,All,65,74,All Origins,666,41,cvd_ihd,total,18.6833958103949,666,nvss,Deaths,age-adjusted rate
1992,A,All,75,84,All Origins,666,41,cvd_ihd,total,30.8355049639239,666,nvss,Deaths,age-adjusted rate
1992,A,All,85,150,All Origins,666,41,cvd_ihd,total,33.5728785342002,666,nvss,Deaths,age-adjusted rate
1992,A,All,25,34,All Origins,666,41,cvd_stroke,total,0.179993800968377,666,nvss,Deaths,age-adjusted rate
1992,A,All,35,44,All Origins,666,41,cvd_stroke,total,0.31938891478088,666,nvss,Deaths,age-adjusted rate
1992,A,All,45,54,All Origins,666,41,cvd_stroke,total,1.15007443257722,666,nvss,Deaths,age-adjusted rate
1992,A,All,55,64,All Origins,666,41,cvd_stroke,total,0.846270173736837,666,nvss,Deaths,age-adjusted rate
1992,A,All,65,74,All Origins,666,41,cvd_stroke,total,1.75606647832679,666,nvss,Deaths,age-adjusted rate
1992,A,All,75,84,All Origins,666,41,cvd_stroke,total,3.24926290452307,666,nvss,Deaths,age-adjusted rate
1992,A,All,85,150,All Origins,666,41,cvd_stroke,total,4.10577410645522,666,nvss,Deaths,age-adjusted rate
1992,A,All,55,64,All Origins,666,41,lri,total,0.0367943553798625,666,nvss,Deaths,age-adjusted rate
1992,A,All,65,74,All Origins,666,41,lri,total,0.0287879750545376,666,nvss,Deaths,age-adjusted rate
1992,A,All,75,84,All Origins,666,41,lri,total,0.097477887135692,666,nvss,Deaths,age-adjusted rate
1992,A,All,85,150,All Origins,666,41,lri,total,0.327008557151301,666,nvss,Deaths,age-adjusted rate
1992,A,All,25,34,All Origins,666,41,ncd_lri,total,6.59977270217384,666,nvss,Deaths,age-adjusted rate
1992,A,All,35,44,All Origins,666,41,ncd_lri,total,17.2789402896456,666,nvss,Deaths,age-adjusted rate
1992,A,All,45,54,All Origins,666,41,ncd_lri,total,41.7992569633237,666,nvss,Deaths,age-adjusted rate
1992,A,All,55,64,All Origins,666,41,ncd_lri,total,83.1184488031093,666,nvss,Deaths,age-adjusted rate
1992,A,All,65,74,All Origins,666,41,ncd_lri,total,150.561109535232,666,nvss,Deaths,age-adjusted rate
1992,A,All,75,84,All Origins,666,41,ncd_lri,total,229.462946317419,666,nvss,Deaths,age-adjusted rate
1992,A,All,85,150,All Origins,666,41,ncd_lri,total,193.58906583357,666,nvss,Deaths,age-adjusted rate
1992,A,All,25,34,All Origins,666,41,neo_lung,total,0.0599979336561258,666,nvss,Deaths,age-adjusted rate
1992,A,All,35,44,All Origins,666,41,neo_lung,total,0.862350069908377,666,nvss,Deaths,age-adjusted rate
1992,A,All,45,54,All Origins,666,41,neo_lung,total,5.07619059896151,666,nvss,Deaths,age-adjusted rate
1992,A,All,55,64,All Origins,666,41,neo_lung,total,14.7545365073249,666,nvss,Deaths,age-adjusted rate
1992,A,All,65,74,All Origins,666,41,neo_lung,total,21.1879496401397,666,nvss,Deaths,age-adjusted rate
1992,A,All,75,84,All Origins,666,41,neo_lung,total,17.4810344263341,666,nvss,Deaths,age-adjusted rate
1992,A,All,85,150,All Origins,666,41,neo_lung,total,4.10577410645522,666,nvss,Deaths,age-adjusted rate
1992,A,All,25,34,All Origins,666,41,resp_copd,total,0.0299989668280629,666,nvss,Deaths,age-adjusted rate
1992,A,All,35,44,All Origins,666,41,resp_copd,total,0.127755565912352,666,nvss,Deaths,age-adjusted rate
1992,A,All,45,54,All Origins,666,41,resp_copd,total,1.1897321716316,666,nvss,Deaths,age-adjusted rate
1992,A,All,55,64,All Origins,666,41,resp_copd,total,4.85685491014185,666,nvss,Deaths,age-adjusted rate
1992,A,All,65,74,All Origins,666,41,resp_copd,total,11.7454938222513,666,nvss,Deaths,age-adjusted rate
1992,A,All,75,84,All Origins,666,41,resp_copd,total,15.7589250869369,666,nvss,Deaths,age-adjusted rate
1992,A,All,85,150,All Origins,666,41,resp_copd,total,7.04885112081693,666,nvss,Deaths,age-adjusted rate
1992,A,All,25,34,All Origins,666,41,t2_dm,total,0.179993800968377,666,nvss,Deaths,age-adjusted rate
1992,A,All,35,44,All Origins,666,41,t2_dm,total,0.798472286952201,666,nvss,Deaths,age-adjusted rate
1992,A,All,45,54,All Origins,666,41,t2_dm,total,1.78459825744741,666,nvss,Deaths,age-adjusted rate
1992,A,All,55,64,All Origins,666,41,t2_dm,total,2.75957665348969,666,nvss,Deaths,age-adjusted rate
1992,A,All,65,74,All Origins,666,41,t2_dm,total,3.77122473214442,666,nvss,Deaths,age-adjusted rate
1992,A,All,75,84,All Origins,666,41,t2_dm,total,5.91365848623198,666,nvss,Deaths,age-adjusted rate
1992,A,All,85,150,All Origins,666,41,t2_dm,total,3.52442556040846,666,nvss,Deaths,age-adjusted rate
1992,A,All,25,34,All Origins,666,42,all-cause,overall,17.734547529342,666,nvss,Deaths,age-adjusted rate
1992,A,All,35,44,All Origins,666,42,all-cause,overall,33.6570629214073,666,nvss,Deaths,age-adjusted rate
1992,A,All,45,54,All Origins,666,42,all-cause,overall,59.8342985526886,666,nvss,Deaths,age-adjusted rate
1992,A,All,55,64,All Origins,666,42,all-cause,overall,101.418744928522,666,nvss,Deaths,age-adjusted rate
1992,A,All,65,74,All Origins,666,42,all-cause,overall,179.331776077973,666,nvss,Deaths,age-adjusted rate
1992,A,All,75,84,All Origins,666,42,all-cause,overall,272.382193297811,666,nvss,Deaths,age-adjusted rate
1992,A,All,85,150,All Origins,666,42,all-cause,overall,237.454725691053,666,nvss,Deaths,age-adjusted rate
1992,A,All,25,34,All Origins,666,42,cvd_ihd,total,0.169814568349237,666,nvss,Deaths,age-adjusted rate
1992,A,All,35,44,All Origins,666,42,cvd_ihd,total,0.942997049644039,666,nvss,Deaths,age-adjusted rate
1992,A,All,45,54,All Origins,666,42,cvd_ihd,total,3.07106802767847,666,nvss,Deaths,age-adjusted rate
1992,A,All,55,64,All Origins,666,42,cvd_ihd,total,7.13719417562102,666,nvss,Deaths,age-adjusted rate
1992,A,All,65,74,All Origins,666,42,cvd_ihd,total,16.5020582394658,666,nvss,Deaths,age-adjusted rate
1992,A,All,75,84,All Origins,666,42,cvd_ihd,total,30.5692313899174,666,nvss,Deaths,age-adjusted rate
1992,A,All,85,150,All Origins,666,42,cvd_ihd,total,35.8363651387451,666,nvss,Deaths,age-adjusted rate
1992,A,All,25,34,All Origins,666,42,cvd_stroke,total,0.184581052553518,666,nvss,Deaths,age-adjusted rate
1992,A,All,35,44,All Origins,666,42,cvd_stroke,total,0.52878339232376,666,nvss,Deaths,age-adjusted rate
1992,A,All,45,54,All Origins,666,42,cvd_stroke,total,0.76261420821546,666,nvss,Deaths,age-adjusted rate
1992,A,All,55,64,All Origins,666,42,cvd_stroke,total,1.17646057839907,666,nvss,Deaths,age-adjusted rate
1992,A,All,65,74,All Origins,666,42,cvd_stroke,total,1.98221078889827,666,nvss,Deaths,age-adjusted rate
1992,A,All,75,84,All Origins,666,42,cvd_stroke,total,3.76781867853015,666,nvss,Deaths,age-adjusted rate
1992,A,All,85,150,All Origins,666,42,cvd_stroke,total,3.64992246203561,666,nvss,Deaths,age-adjusted rate
1992,A,All,45,54,All Origins,666,42,lri,total,0.0309167922249511,666,nvss,Deaths,age-adjusted rate
1992,A,All,55,64,All Origins,666,42,lri,total,0.0235292115679814,666,nvss,Deaths,age-adjusted rate
1992,A,All,65,74,All Origins,666,42,lri,total,0.067505630581675,666,nvss,Deaths,age-adjusted rate
1992,A,All,75,84,All Origins,666,42,lri,total,0.11571036248845,666,nvss,Deaths,age-adjusted rate
1992,A,All,85,150,All Origins,666,42,lri,total,0.125859395242607,666,nvss,Deaths,age-adjusted rate
1992,A,All,25,34,All Origins,666,42,ncd_lri,total,8.02558416502698,666,nvss,Deaths,age-adjusted rate
1992,A,All,35,44,All Origins,666,42,ncd_lri,total,23.0637689618547,666,nvss,Deaths,age-adjusted rate
1992,A,All,45,54,All Origins,666,42,ncd_lri,total,52.3112124446172,666,nvss,Deaths,age-adjusted rate
1992,A,All,55,64,All Origins,666,42,ncd_lri,total,94.4854705864906,666,nvss,Deaths,age-adjusted rate
1992,A,All,65,74,All Origins,666,42,ncd_lri,total,168.622928317517,666,nvss,Deaths,age-adjusted rate
1992,A,All,75,84,All Origins,666,42,ncd_lri,total,251.561559947546,666,nvss,Deaths,age-adjusted rate
1992,A,All,85,150,All Origins,666,42,ncd_lri,total,212.224112258085,666,nvss,Deaths,age-adjusted rate
1992,A,All,25,34,All Origins,666,42,neo_lung,total,0.10336538942997,666,nvss,Deaths,age-adjusted rate
1992,A,All,35,44,All Origins,666,42,neo_lung,total,1.23382791542211,666,nvss,Deaths,age-adjusted rate
1992,A,All,45,54,All Origins,666,42,neo_lung,total,6.10091366572368,666,nvss,Deaths,age-adjusted rate
1992,A,All,55,64,All Origins,666,42,neo_lung,total,13.2391030422509,666,nvss,Deaths,age-adjusted rate
1992,A,All,65,74,All Origins,666,42,neo_lung,total,19.4845797360744,666,nvss,Deaths,age-adjusted rate
1992,A,All,75,84,All Origins,666,42,neo_lung,total,16.1126679765166,666,nvss,Deaths,age-adjusted rate
1992,A,All,85,150,All Origins,666,42,neo_lung,total,4.04428190046245,666,nvss,Deaths,age-adjusted rate
1992,A,All,25,34,All Origins,666,42,resp_copd,total,0.0664491789192666,666,nvss,Deaths,age-adjusted rate
1992,A,All,35,44,All Origins,666,42,resp_copd,total,0.237952526545692,666,nvss,Deaths,age-adjusted rate
1992,A,All,45,54,All Origins,666,42,resp_copd,total,0.948114961565166,666,nvss,Deaths,age-adjusted rate
1992,A,All,55,64,All Origins,666,42,resp_copd,total,3.75683078035436,666,nvss,Deaths,age-adjusted rate
1992,A,All,65,74,All Origins,666,42,resp_copd,total,9.082575750989,666,nvss,Deaths,age-adjusted rate
1992,A,All,75,84,All Origins,666,42,resp_copd,total,13.6538227736371,666,nvss,Deaths,age-adjusted rate
1992,A,All,85,150,All Origins,666,42,resp_copd,total,6.66215732150868,666,nvss,Deaths,age-adjusted rate
1992,A,All,25,34,All Origins,666,42,t2_dm,total,0.206730778859941,666,nvss,Deaths,age-adjusted rate
1992,A,All,35,44,All Origins,666,42,t2_dm,total,0.705044523098347,666,nvss,Deaths,age-adjusted rate
1992,A,All,45,54,All Origins,666,42,t2_dm,total,1.62828439051409,666,nvss,Deaths,age-adjusted rate
1992,A,All,55,64,All Origins,666,42,t2_dm,total,3.15291435010951,666,nvss,Deaths,age-adjusted rate
1992,A,All,65,74,All Origins,666,42,t2_dm,total,5.5231879566825,666,nvss,Deaths,age-adjusted rate
1992,A,All,75,84,All Origins,666,42,t2_dm,total,7.47055027816055,666,nvss,Deaths,age-adjusted rate
1992,A,All,85,150,All Origins,666,42,t2_dm,total,4.52254760238436,666,nvss,Deaths,age-adjusted rate
1992,A,All,25,34,All Origins,666,44,all-cause,overall,15.5226993185378,666,nvss,Deaths,age-adjusted rate
1992,A,All,35,44,All Origins,666,44,all-cause,overall,31.5047121490641,666,nvss,Deaths,age-adjusted rate
1992,A,All,45,54,All Origins,666,44,all-cause,overall,50.7187096064798,666,nvss,Deaths,age-adjusted rate
1992,A,All,55,64,All Origins,666,44,all-cause,overall,94.008493756211,666,nvss,Deaths,age-adjusted rate
1992,A,All,65,74,All Origins,666,44,all-cause,overall,164.335456560153,666,nvss,Deaths,age-adjusted rate
1992,A,All,75,84,All Origins,666,44,all-cause,overall,258.465164125619,666,nvss,Deaths,age-adjusted rate
1992,A,All,85,150,All Origins,666,44,all-cause,overall,221.987120667519,666,nvss,Deaths,age-adjusted rate
1992,A,All,35,44,All Origins,666,44,cvd_ihd,total,0.945141364471922,666,nvss,Deaths,age-adjusted rate
1992,A,All,45,54,All Origins,666,44,cvd_ihd,total,4.23725928357932,666,nvss,Deaths,age-adjusted rate
1992,A,All,55,64,All Origins,666,44,cvd_ihd,total,9.10093228883011,666,nvss,Deaths,age-adjusted rate
1992,A,All,65,74,All Origins,666,44,cvd_ihd,total,18.5777247171157,666,nvss,Deaths,age-adjusted rate
1992,A,All,75,84,All Origins,666,44,cvd_ihd,total,39.6758982371184,666,nvss,Deaths,age-adjusted rate
1992,A,All,85,150,All Origins,666,44,cvd_ihd,total,46.8217936881054,666,nvss,Deaths,age-adjusted rate
1992,A,All,25,34,All Origins,666,44,cvd_stroke,total,0.0812706770604076,666,nvss,Deaths,age-adjusted rate
1992,A,All,35,44,All Origins,666,44,cvd_stroke,total,0.525078535817734,666,nvss,Deaths,age-adjusted rate
1992,A,All,45,54,All Origins,666,44,cvd_stroke,total,0.642008982360504,666,nvss,Deaths,age-adjusted rate
1992,A,All,55,64,All Origins,666,44,cvd_stroke,total,0.93077716590308,666,nvss,Deaths,age-adjusted rate
1992,A,All,65,74,All Origins,666,44,cvd_stroke,total,1.47073654010499,666,nvss,Deaths,age-adjusted rate
1992,A,All,75,84,All Origins,666,44,cvd_stroke,total,3.25500717244652,666,nvss,Deaths,age-adjusted rate
1992,A,All,85,150,All Origins,666,44,cvd_stroke,total,2.49839610588705,666,nvss,Deaths,age-adjusted rate
1992,A,All,55,64,All Origins,666,44,lri,total,0.206839370200684,666,nvss,Deaths,age-adjusted rate
1992,A,All,65,74,All Origins,666,44,lri,total,0.154814372642631,666,nvss,Deaths,age-adjusted rate
1992,A,All,75,84,All Origins,666,44,lri,total,0.087973166822879,666,nvss,Deaths,age-adjusted rate
1992,A,All,85,150,All Origins,666,44,lri,total,0.0925331891069276,666,nvss,Deaths,age-adjusted rate
1992,A,All,25,34,All Origins,666,44,ncd_lri,total,7.5581729666179,666,nvss,Deaths,age-adjusted rate
1992,A,All,35,44,All Origins,666,44,ncd_lri,total,23.9435812332887,666,nvss,Deaths,age-adjusted rate
1992,A,All,45,54,All Origins,666,44,ncd_lri,total,45.5826377475958,666,nvss,Deaths,age-adjusted rate
1992,A,All,55,64,All Origins,666,44,ncd_lri,total,88.2169913905919,666,nvss,Deaths,age-adjusted rate
1992,A,All,65,74,All Origins,666,44,ncd_lri,total,156.749552300664,666,nvss,Deaths,age-adjusted rate
1992,A,All,75,84,All Origins,666,44,ncd_lri,total,242.278101430209,666,nvss,Deaths,age-adjusted rate
1992,A,All,85,150,All Origins,666,44,ncd_lri,total,198.853823390787,666,nvss,Deaths,age-adjusted rate
1992,A,All,25,34,All Origins,666,44,neo_lung,total,0.162541354120815,666,nvss,Deaths,age-adjusted rate
1992,A,All,35,44,All Origins,666,44,neo_lung,total,1.99529843610739,666,nvss,Deaths,age-adjusted rate
1992,A,All,45,54,All Origins,666,44,neo_lung,total,6.29168802713293,666,nvss,Deaths,age-adjusted rate
1992,A,All,55,64,All Origins,666,44,neo_lung,total,14.8924346544493,666,nvss,Deaths,age-adjusted rate
1992,A,All,65,74,All Origins,666,44,neo_lung,total,19.4292037666502,666,nvss,Deaths,age-adjusted rate
1992,A,All,75,84,All Origins,666,44,neo_lung,total,16.5389553627013,666,nvss,Deaths,age-adjusted rate
1992,A,All,85,150,All Origins,666,44,neo_lung,total,4.3490598880256,666,nvss,Deaths,age-adjusted rate
1992,A,All,35,44,All Origins,666,44,resp_copd,total,0.315047121490641,666,nvss,Deaths,age-adjusted rate
1992,A,All,45,54,All Origins,666,44,resp_copd,total,0.898812575304705,666,nvss,Deaths,age-adjusted rate
1992,A,All,55,64,All Origins,666,44,resp_copd,total,3.41284960831129,666,nvss,Deaths,age-adjusted rate
1992,A,All,65,74,All Origins,666,44,resp_copd,total,8.51479049534471,666,nvss,Deaths,age-adjusted rate
1992,A,All,75,84,All Origins,666,44,resp_copd,total,14.515572525775,666,nvss,Deaths,age-adjusted rate
1992,A,All,85,150,All Origins,666,44,resp_copd,total,5.27439177909488,666,nvss,Deaths,age-adjusted rate
1992,A,All,25,34,All Origins,666,44,t2_dm,total,0.406353385302038,666,nvss,Deaths,age-adjusted rate
1992,A,All,35,44,All Origins,666,44,t2_dm,total,0.420062828654187,666,nvss,Deaths,age-adjusted rate
1992,A,All,45,54,All Origins,666,44,t2_dm,total,1.15561616824891,666,nvss,Deaths,age-adjusted rate
1992,A,All,55,64,All Origins,666,44,t2_dm,total,2.89575118280958,666,nvss,Deaths,age-adjusted rate
1992,A,All,65,74,All Origins,666,44,t2_dm,total,4.95405992456419,666,nvss,Deaths,age-adjusted rate
1992,A,All,75,84,All Origins,666,44,t2_dm,total,6.15812167760153,666,nvss,Deaths,age-adjusted rate
1992,A,All,85,150,All Origins,666,44,t2_dm,total,4.44159307713253,666,nvss,Deaths,age-adjusted rate
1992,A,All,25,34,All Origins,666,45,all-cause,overall,22.6842812887113,666,nvss,Deaths,age-adjusted rate
1992,A,All,35,44,All Origins,666,45,all-cause,overall,43.9074617336343,666,nvss,Deaths,age-adjusted rate
1992,A,All,45,54,All Origins,666,45,all-cause,overall,74.8869239353118,666,nvss,Deaths,age-adjusted rate
1992,A,All,55,64,All Origins,666,45,all-cause,overall,120.462794261811,666,nvss,Deaths,age-adjusted rate
1992,A,All,65,74,All Origins,666,45,all-cause,overall,191.593421295516,666,nvss,Deaths,age-adjusted rate
1992,A,All,75,84,All Origins,666,45,all-cause,overall,281.7359846419,666,nvss,Deaths,age-adjusted rate
1992,A,All,85,150,All Origins,666,45,all-cause,overall,218.029638881295,666,nvss,Deaths,age-adjusted rate
1992,A,All,25,34,All Origins,666,45,cvd_ihd,total,0.161044593327565,666,nvss,Deaths,age-adjusted rate
1992,A,All,35,44,All Origins,666,45,cvd_ihd,total,1.16465415739083,666,nvss,Deaths,age-adjusted rate
1992,A,All,45,54,All Origins,666,45,cvd_ihd,total,3.48470175246433,666,nvss,Deaths,age-adjusted rate
1992,A,All,55,64,All Origins,666,45,cvd_ihd,total,6.9989231960213,666,nvss,Deaths,age-adjusted rate
1992,A,All,65,74,All Origins,666,45,cvd_ihd,total,15.2156849975369,666,nvss,Deaths,age-adjusted rate
1992,A,All,75,84,All Origins,666,45,cvd_ihd,total,26.0267403374263,666,nvss,Deaths,age-adjusted rate
1992,A,All,85,150,All Origins,666,45,cvd_ihd,total,26.7103113614084,666,nvss,Deaths,age-adjusted rate
1992,A,All,25,34,All Origins,666,45,cvd_stroke,total,0.115031852376832,666,nvss,Deaths,age-adjusted rate
1992,A,All,35,44,All Origins,666,45,cvd_stroke,total,0.989956033782206,666,nvss,Deaths,age-adjusted rate
1992,A,All,45,54,All Origins,666,45,cvd_stroke,total,0.990748537465347,666,nvss,Deaths,age-adjusted rate
1992,A,All,55,64,All Origins,666,45,cvd_stroke,total,1.59726462979739,666,nvss,Deaths,age-adjusted rate
1992,A,All,65,74,All Origins,666,45,cvd_stroke,total,2.35480839247595,666,nvss,Deaths,age-adjusted rate
1992,A,All,75,84,All Origins,666,45,cvd_stroke,total,5.32365143265538,666,nvss,Deaths,age-adjusted rate
1992,A,All,85,150,All Origins,666,45,cvd_stroke,total,5.01938736992909,666,nvss,Deaths,age-adjusted rate
1992,A,All,45,54,All Origins,666,45,lri,total,0.0341637426712189,666,nvss,Deaths,age-adjusted rate
1992,A,All,55,64,All Origins,666,45,lri,total,0.0290411750872253,666,nvss,Deaths,age-adjusted rate
1992,A,All,65,74,All Origins,666,45,lri,total,0.0776310459058005,666,nvss,Deaths,age-adjusted rate
1992,A,All,75,84,All Origins,666,45,lri,total,0.173975537014882,666,nvss,Deaths,age-adjusted rate
1992,A,All,85,150,All Origins,666,45,lri,total,0.0896319173201623,666,nvss,Deaths,age-adjusted rate
1992,A,All,25,34,All Origins,666,45,ncd_lri,total,10.2378348615381,666,nvss,Deaths,age-adjusted rate
1992,A,All,35,44,All Origins,666,45,ncd_lri,total,29.3784011201837,666,nvss,Deaths,age-adjusted rate
1992,A,All,45,54,All Origins,666,45,ncd_lri,total,64.0570175085354,666,nvss,Deaths,age-adjusted rate
1992,A,All,55,64,All Origins,666,45,ncd_lri,total,110.763041782677,666,nvss,Deaths,age-adjusted rate
1992,A,All,65,74,All Origins,666,45,ncd_lri,total,179.767625302532,666,nvss,Deaths,age-adjusted rate
1992,A,All,75,84,All Origins,666,45,ncd_lri,total,259.919452300233,666,nvss,Deaths,age-adjusted rate
1992,A,All,85,150,All Origins,666,45,ncd_lri,total,194.994236130013,666,nvss,Deaths,age-adjusted rate
1992,A,All,25,34,All Origins,666,45,neo_lung,total,0.161044593327565,666,nvss,Deaths,age-adjusted rate
1992,A,All,35,44,All Origins,666,45,neo_lung,total,1.25200321919514,666,nvss,Deaths,age-adjusted rate
1992,A,All,45,54,All Origins,666,45,neo_lung,total,6.83274853424378,666,nvss,Deaths,age-adjusted rate
1992,A,All,55,64,All Origins,666,45,neo_lung,total,16.4663462744567,666,nvss,Deaths,age-adjusted rate
1992,A,All,65,74,All Origins,666,45,neo_lung,total,20.0288098436965,666,nvss,Deaths,age-adjusted rate
1992,A,All,75,84,All Origins,666,45,neo_lung,total,14.718330431459,666,nvss,Deaths,age-adjusted rate
1992,A,All,85,150,All Origins,666,45,neo_lung,total,3.40601285816617,666,nvss,Deaths,age-adjusted rate
1992,A,All,25,34,All Origins,666,45,resp_copd,total,0.138038222852199,666,nvss,Deaths,age-adjusted rate
1992,A,All,35,44,All Origins,666,45,resp_copd,total,0.203814477543395,666,nvss,Deaths,age-adjusted rate
1992,A,All,45,54,All Origins,666,45,resp_copd,total,1.63985964821851,666,nvss,Deaths,age-adjusted rate
1992,A,All,55,64,All Origins,666,45,resp_copd,total,5.63398796692171,666,nvss,Deaths,age-adjusted rate
1992,A,All,65,74,All Origins,666,45,resp_copd,total,11.6446568858701,666,nvss,Deaths,age-adjusted rate
1992,A,All,75,84,All Origins,666,45,resp_copd,total,13.7440674241757,666,nvss,Deaths,age-adjusted rate
1992,A,All,85,150,All Origins,666,45,resp_copd,total,6.90165763365249,666,nvss,Deaths,age-adjusted rate
1992,A,All,25,34,All Origins,666,45,t2_dm,total,0.207057334278298,666,nvss,Deaths,age-adjusted rate
1992,A,All,35,44,All Origins,666,45,t2_dm,total,1.01907238771698,666,nvss,Deaths,age-adjusted rate
1992,A,All,45,54,All Origins,666,45,t2_dm,total,1.87900584691704,666,nvss,Deaths,age-adjusted rate
1992,A,All,55,64,All Origins,666,45,t2_dm,total,3.77535276133929,666,nvss,Deaths,age-adjusted rate
1992,A,All,65,74,All Origins,666,45,t2_dm,total,5.7188203817273,666,nvss,Deaths,age-adjusted rate
1992,A,All,75,84,All Origins,666,45,t2_dm,total,8.2464404545054,666,nvss,Deaths,age-adjusted rate
1992,A,All,85,150,All Origins,666,45,t2_dm,total,4.21270011404763,666,nvss,Deaths,age-adjusted rate
1992,A,All,25,34,All Origins,666,46,all-cause,overall,14.0755515718946,666,nvss,Deaths,age-adjusted rate
1992,A,All,35,44,All Origins,666,46,all-cause,overall,27.1221368905711,666,nvss,Deaths,age-adjusted rate
1992,A,All,45,54,All Origins,666,46,all-cause,overall,58.6316782539527,666,nvss,Deaths,age-adjusted rate
1992,A,All,55,64,All Origins,666,46,all-cause,overall,91.2438646809848,666,nvss,Deaths,age-adjusted rate
1992,A,All,65,74,All Origins,666,46,all-cause,overall,159.141563157663,666,nvss,Deaths,age-adjusted rate
1992,A,All,75,84,All Origins,666,46,all-cause,overall,249.20596928633,666,nvss,Deaths,age-adjusted rate
1992,A,All,85,150,All Origins,666,46,all-cause,overall,222.002116590223,666,nvss,Deaths,age-adjusted rate
1992,A,All,25,34,All Origins,666,46,cvd_ihd,total,0.130329181221246,666,nvss,Deaths,age-adjusted rate
1992,A,All,35,44,All Origins,666,46,cvd_ihd,total,0.470326073246898,666,nvss,Deaths,age-adjusted rate
1992,A,All,45,54,All Origins,666,46,cvd_ihd,total,2.2163177346855,666,nvss,Deaths,age-adjusted rate
1992,A,All,55,64,All Origins,666,46,cvd_ihd,total,5.92492627798603,666,nvss,Deaths,age-adjusted rate
1992,A,All,65,74,All Origins,666,46,cvd_ihd,total,12.4367078947187,666,nvss,Deaths,age-adjusted rate
1992,A,All,75,84,All Origins,666,46,cvd_ihd,total,24.6577478399834,666,nvss,Deaths,age-adjusted rate
1992,A,All,85,150,All Origins,666,46,cvd_ihd,total,31.1344431803362,666,nvss,Deaths,age-adjusted rate
1992,A,All,25,34,All Origins,666,46,cvd_stroke,total,0.130329181221246,666,nvss,Deaths,age-adjusted rate
1992,A,All,35,44,All Origins,666,46,cvd_stroke,total,0.470326073246898,666,nvss,Deaths,age-adjusted rate
1992,A,All,45,54,All Origins,666,46,cvd_stroke,total,0.805933721703818,666,nvss,Deaths,age-adjusted rate
1992,A,All,55,64,All Origins,666,46,cvd_stroke,total,1.48123156949651,666,nvss,Deaths,age-adjusted rate
1992,A,All,65,74,All Origins,666,46,cvd_stroke,total,1.44893684210315,666,nvss,Deaths,age-adjusted rate
1992,A,All,75,84,All Origins,666,46,cvd_stroke,total,1.50199479228325,666,nvss,Deaths,age-adjusted rate
1992,A,All,85,150,All Origins,666,46,cvd_stroke,total,1.91770121038302,666,nvss,Deaths,age-adjusted rate
1992,A,All,65,74,All Origins,666,46,lri,total,0.241489473683858,666,nvss,Deaths,age-adjusted rate
1992,A,All,75,84,All Origins,666,46,lri,total,0.125166232690271,666,nvss,Deaths,age-adjusted rate
1992,A,All,85,150,All Origins,666,46,lri,total,0.225611907103885,666,nvss,Deaths,age-adjusted rate
1992,A,All,25,34,All Origins,666,46,ncd_lri,total,5.73448397373483,666,nvss,Deaths,age-adjusted rate
1992,A,All,35,44,All Origins,666,46,ncd_lri,total,18.499492214378,666,nvss,Deaths,age-adjusted rate
1992,A,All,45,54,All Origins,666,46,ncd_lri,total,49.3634404543588,666,nvss,Deaths,age-adjusted rate
1992,A,All,55,64,All Origins,666,46,ncd_lri,total,84.5783226182505,666,nvss,Deaths,age-adjusted rate
1992,A,All,65,74,All Origins,666,46,ncd_lri,total,149.723473683992,666,nvss,Deaths,age-adjusted rate
1992,A,All,75,84,All Origins,666,46,ncd_lri,total,230.431034382789,666,nvss,Deaths,age-adjusted rate
1992,A,All,85,150,All Origins,666,46,ncd_lri,total,194.251852016445,666,nvss,Deaths,age-adjusted rate
1992,A,All,35,44,All Origins,666,46,neo_lung,total,0.78387678874483,666,nvss,Deaths,age-adjusted rate
1992,A,All,45,54,All Origins,666,46,neo_lung,total,5.64153605192672,666,nvss,Deaths,age-adjusted rate
1992,A,All,55,64,All Origins,666,46,neo_lung,total,11.5536062420727,666,nvss,Deaths,age-adjusted rate
1992,A,All,65,74,All Origins,666,46,neo_lung,total,18.8361789473409,666,nvss,Deaths,age-adjusted rate
1992,A,All,75,84,All Origins,666,46,neo_lung,total,13.8934518286201,666,nvss,Deaths,age-adjusted rate
1992,A,All,85,150,All Origins,666,46,neo_lung,total,3.72259646721411,666,nvss,Deaths,age-adjusted rate
1992,A,All,25,34,All Origins,666,46,resp_copd,total,0.260658362442492,666,nvss,Deaths,age-adjusted rate
1992,A,All,35,44,All Origins,666,46,resp_copd,total,0.470326073246898,666,nvss,Deaths,age-adjusted rate
1992,A,All,45,54,All Origins,666,46,resp_copd,total,0.805933721703818,666,nvss,Deaths,age-adjusted rate
1992,A,All,55,64,All Origins,666,46,resp_copd,total,3.85120208069092,666,nvss,Deaths,age-adjusted rate
1992,A,All,65,74,All Origins,666,46,resp_copd,total,10.6255368420898,666,nvss,Deaths,age-adjusted rate
1992,A,All,75,84,All Origins,666,46,resp_copd,total,14.1437842940006,666,nvss,Deaths,age-adjusted rate
1992,A,All,85,150,All Origins,666,46,resp_copd,total,7.33238698087627,666,nvss,Deaths,age-adjusted rate
1992,A,All,25,34,All Origins,666,46,t2_dm,total,0.130329181221246,666,nvss,Deaths,age-adjusted rate
1992,A,All,35,44,All Origins,666,46,t2_dm,total,0.627101430995864,666,nvss,Deaths,age-adjusted rate
1992,A,All,45,54,All Origins,666,46,t2_dm,total,1.41038401298168,666,nvss,Deaths,age-adjusted rate
1992,A,All,55,64,All Origins,666,46,t2_dm,total,1.48123156949651,666,nvss,Deaths,age-adjusted rate
1992,A,All,65,74,All Origins,666,46,t2_dm,total,4.46755526315138,666,nvss,Deaths,age-adjusted rate
1992,A,All,75,84,All Origins,666,46,t2_dm,total,7.50997396141627,666,nvss,Deaths,age-adjusted rate
1992,A,All,85,150,All Origins,666,46,t2_dm,total,4.96346195628548,666,nvss,Deaths,age-adjusted rate
1992,A,All,25,34,All Origins,666,47,all-cause,overall,20.4269549231763,666,nvss,Deaths,age-adjusted rate
1992,A,All,35,44,All Origins,666,47,all-cause,overall,37.7743614601986,666,nvss,Deaths,age-adjusted rate
1992,A,All,45,54,All Origins,666,47,all-cause,overall,68.3174971674678,666,nvss,Deaths,age-adjusted rate
1992,A,All,55,64,All Origins,666,47,all-cause,overall,112.072178687889,666,nvss,Deaths,age-adjusted rate
1992,A,All,65,74,All Origins,666,47,all-cause,overall,186.492816874096,666,nvss,Deaths,age-adjusted rate
1992,A,All,75,84,All Origins,666,47,all-cause,overall,276.537133307203,666,nvss,Deaths,age-adjusted rate
1992,A,All,85,150,All Origins,666,47,all-cause,overall,236.302565851384,666,nvss,Deaths,age-adjusted rate
1992,A,All,25,34,All Origins,666,47,cvd_ihd,total,0.0998059686800143,666,nvss,Deaths,age-adjusted rate
1992,A,All,35,44,All Origins,666,47,cvd_ihd,total,1.30042883715438,666,nvss,Deaths,age-adjusted rate
1992,A,All,45,54,All Origins,666,47,cvd_ihd,total,3.76811135456057,666,nvss,Deaths,age-adjusted rate
1992,A,All,55,64,All Origins,666,47,cvd_ihd,total,8.19750564960882,666,nvss,Deaths,age-adjusted rate
1992,A,All,65,74,All Origins,666,47,cvd_ihd,total,16.7494513322191,666,nvss,Deaths,age-adjusted rate
1992,A,All,75,84,All Origins,666,47,cvd_ihd,total,29.1786716443983,666,nvss,Deaths,age-adjusted rate
1992,A,All,85,150,All Origins,666,47,cvd_ihd,total,33.5678992135698,666,nvss,Deaths,age-adjusted rate
1992,A,All,25,34,All Origins,666,47,cvd_stroke,total,0.182977609246693,666,nvss,Deaths,age-adjusted rate
1992,A,All,35,44,All Origins,666,47,cvd_stroke,total,0.577968372068613,666,nvss,Deaths,age-adjusted rate
1992,A,All,45,54,All Origins,666,47,cvd_stroke,total,1.31064742767324,666,nvss,Deaths,age-adjusted rate
1992,A,All,55,64,All Origins,666,47,cvd_stroke,total,1.26724725018107,666,nvss,Deaths,age-adjusted rate
1992,A,All,65,74,All Origins,666,47,cvd_stroke,total,2.19487976641325,666,nvss,Deaths,age-adjusted rate
1992,A,All,75,84,All Origins,666,47,cvd_stroke,total,4.04667708936911,666,nvss,Deaths,age-adjusted rate
1992,A,All,85,150,All Origins,666,47,cvd_stroke,total,3.98181406918692,666,nvss,Deaths,age-adjusted rate
1992,A,All,45,54,All Origins,666,47,lri,total,0.0234044183513079,666,nvss,Deaths,age-adjusted rate
1992,A,All,55,64,All Origins,666,47,lri,total,0.0792029531363171,666,nvss,Deaths,age-adjusted rate
1992,A,All,65,74,All Origins,666,47,lri,total,0.0719632710299426,666,nvss,Deaths,age-adjusted rate
1992,A,All,75,84,All Origins,666,47,lri,total,0.0212983004703637,666,nvss,Deaths,age-adjusted rate
1992,A,All,85,150,All Origins,666,47,lri,total,0.0723966194397623,666,nvss,Deaths,age-adjusted rate
1992,A,All,25,34,All Origins,666,47,ncd_lri,total,8.05101480685449,666,nvss,Deaths,age-adjusted rate
1992,A,All,35,44,All Origins,666,47,ncd_lri,total,25.2035493677063,666,nvss,Deaths,age-adjusted rate
1992,A,All,45,54,All Origins,666,47,ncd_lri,total,57.387633797407,666,nvss,Deaths,age-adjusted rate
1992,A,All,55,64,All Origins,666,47,ncd_lri,total,102.072805854429,666,nvss,Deaths,age-adjusted rate
1992,A,All,65,74,All Origins,666,47,ncd_lri,total,171.452493228838,666,nvss,Deaths,age-adjusted rate
1992,A,All,75,84,All Origins,666,47,ncd_lri,total,247.571444667508,666,nvss,Deaths,age-adjusted rate
1992,A,All,85,150,All Origins,666,47,ncd_lri,total,202.348551334136,666,nvss,Deaths,age-adjusted rate
1992,A,All,25,34,All Origins,666,47,neo_lung,total,0.11644029679335,666,nvss,Deaths,age-adjusted rate
1992,A,All,35,44,All Origins,666,47,neo_lung,total,1.30042883715438,666,nvss,Deaths,age-adjusted rate
1992,A,All,45,54,All Origins,666,47,neo_lung,total,8.09792874955254,666,nvss,Deaths,age-adjusted rate
1992,A,All,55,64,All Origins,666,47,neo_lung,total,16.8900297563196,666,nvss,Deaths,age-adjusted rate
1992,A,All,65,74,All Origins,666,47,neo_lung,total,23.4780171735188,666,nvss,Deaths,age-adjusted rate
1992,A,All,75,84,All Origins,666,47,neo_lung,total,16.8682539725281,666,nvss,Deaths,age-adjusted rate
1992,A,All,85,150,All Origins,666,47,neo_lung,total,3.76462421086764,666,nvss,Deaths,age-adjusted rate
1992,A,All,25,34,All Origins,666,47,resp_copd,total,0.133074624906686,666,nvss,Deaths,age-adjusted rate
1992,A,All,35,44,All Origins,666,47,resp_copd,total,0.350909368755944,666,nvss,Deaths,age-adjusted rate
1992,A,All,45,54,All Origins,666,47,resp_copd,total,1.56809602953763,666,nvss,Deaths,age-adjusted rate
1992,A,All,55,64,All Origins,666,47,resp_copd,total,5.24719564528101,666,nvss,Deaths,age-adjusted rate
1992,A,All,65,74,All Origins,666,47,resp_copd,total,11.298233551701,666,nvss,Deaths,age-adjusted rate
1992,A,All,75,84,All Origins,666,47,resp_copd,total,14.4828443198473,666,nvss,Deaths,age-adjusted rate
1992,A,All,85,150,All Origins,666,47,resp_copd,total,6.05718382646011,666,nvss,Deaths,age-adjusted rate
1992,A,All,25,34,All Origins,666,47,t2_dm,total,0.2328805935867,666,nvss,Deaths,age-adjusted rate
1992,A,All,35,44,All Origins,666,47,t2_dm,total,0.825669102955162,666,nvss,Deaths,age-adjusted rate
1992,A,All,45,54,All Origins,666,47,t2_dm,total,1.82554463140202,666,nvss,Deaths,age-adjusted rate
1992,A,All,55,64,All Origins,666,47,t2_dm,total,2.91070852775965,666,nvss,Deaths,age-adjusted rate
1992,A,All,65,74,All Origins,666,47,t2_dm,total,4.80354834124867,666,nvss,Deaths,age-adjusted rate
1992,A,All,75,84,All Origins,666,47,t2_dm,total,6.19780543687584,666,nvss,Deaths,age-adjusted rate
1992,A,All,85,150,All Origins,666,47,t2_dm,total,3.8370208303074,666,nvss,Deaths,age-adjusted rate
1992,A,All,25,34,All Origins,666,48,all-cause,overall,19.8532505198444,666,nvss,Deaths,age-adjusted rate
1992,A,All,35,44,All Origins,666,48,all-cause,overall,37.7835528102408,666,nvss,Deaths,age-adjusted rate
1992,A,All,45,54,All Origins,666,48,all-cause,overall,62.4720538000787,666,nvss,Deaths,age-adjusted rate
1992,A,All,55,64,All Origins,666,48,all-cause,overall,103.855300870272,666,nvss,Deaths,age-adjusted rate
1992,A,All,65,74,All Origins,666,48,all-cause,overall,173.788036145552,666,nvss,Deaths,age-adjusted rate
1992,A,All,75,84,All Origins,666,48,all-cause,overall,260.898772512219,666,nvss,Deaths,age-adjusted rate
1992,A,All,85,150,All Origins,666,48,all-cause,overall,223.267592879152,666,nvss,Deaths,age-adjusted rate
1992,A,All,25,34,All Origins,666,48,cvd_ihd,total,0.134967273270872,666,nvss,Deaths,age-adjusted rate
1992,A,All,35,44,All Origins,666,48,cvd_ihd,total,1.29919894260366,666,nvss,Deaths,age-adjusted rate
1992,A,All,45,54,All Origins,666,48,cvd_ihd,total,4.25655260031835,666,nvss,Deaths,age-adjusted rate
1992,A,All,55,64,All Origins,666,48,cvd_ihd,total,8.10237686975512,666,nvss,Deaths,age-adjusted rate
1992,A,All,65,74,All Origins,666,48,cvd_ihd,total,15.8664804846017,666,nvss,Deaths,age-adjusted rate
1992,A,All,75,84,All Origins,666,48,cvd_ihd,total,29.8983692370941,666,nvss,Deaths,age-adjusted rate
1992,A,All,85,150,All Origins,666,48,cvd_ihd,total,33.1690121896545,666,nvss,Deaths,age-adjusted rate
1992,A,All,25,34,All Origins,666,48,cvd_stroke,total,0.17850510335825,666,nvss,Deaths,age-adjusted rate
1992,A,All,35,44,All Origins,666,48,cvd_stroke,total,0.527984958409708,666,nvss,Deaths,age-adjusted rate
1992,A,All,45,54,All Origins,666,48,cvd_stroke,total,0.872367670736623,666,nvss,Deaths,age-adjusted rate
1992,A,All,55,64,All Origins,666,48,cvd_stroke,total,1.15364968675321,666,nvss,Deaths,age-adjusted rate
1992,A,All,65,74,All Origins,666,48,cvd_stroke,total,1.7825382997786,666,nvss,Deaths,age-adjusted rate
1992,A,All,75,84,All Origins,666,48,cvd_stroke,total,2.86335277666435,666,nvss,Deaths,age-adjusted rate
1992,A,All,85,150,All Origins,666,48,cvd_stroke,total,3.27042234838122,666,nvss,Deaths,age-adjusted rate
1992,A,All,25,34,All Origins,666,48,lri,total,0.0174151320349512,666,nvss,Deaths,age-adjusted rate
1992,A,All,35,44,All Origins,666,48,lri,total,0.0118648305260608,666,nvss,Deaths,age-adjusted rate
1992,A,All,45,54,All Origins,666,48,lri,total,0.0300816438185042,666,nvss,Deaths,age-adjusted rate
1992,A,All,55,64,All Origins,666,48,lri,total,0.0804871874478985,666,nvss,Deaths,age-adjusted rate
1992,A,All,65,74,All Origins,666,48,lri,total,0.0377923314440692,666,nvss,Deaths,age-adjusted rate
1992,A,All,75,84,All Origins,666,48,lri,total,0.147435508825535,666,nvss,Deaths,age-adjusted rate
1992,A,All,85,150,All Origins,666,48,lri,total,0.135211259881394,666,nvss,Deaths,age-adjusted rate
1992,A,All,25,34,All Origins,666,48,ncd_lri,total,8.99491569605229,666,nvss,Deaths,age-adjusted rate
1992,A,All,35,44,All Origins,666,48,ncd_lri,total,25.6814256736587,666,nvss,Deaths,age-adjusted rate
1992,A,All,45,54,All Origins,666,48,ncd_lri,total,53.3272340792534,666,nvss,Deaths,age-adjusted rate
1992,A,All,55,64,All Origins,666,48,ncd_lri,total,95.7998748598612,666,nvss,Deaths,age-adjusted rate
1992,A,All,65,74,All Origins,666,48,ncd_lri,total,163.21248206312,666,nvss,Deaths,age-adjusted rate
1992,A,All,75,84,All Origins,666,48,ncd_lri,total,241.018258111638,666,nvss,Deaths,age-adjusted rate
1992,A,All,85,150,All Origins,666,48,ncd_lri,total,199.157735101551,666,nvss,Deaths,age-adjusted rate
1992,A,All,25,34,All Origins,666,48,neo_lung,total,0.108844575218445,666,nvss,Deaths,age-adjusted rate
1992,A,All,35,44,All Origins,666,48,neo_lung,total,1.02037542524123,666,nvss,Deaths,age-adjusted rate
1992,A,All,45,54,All Origins,666,48,neo_lung,total,5.74559396933431,666,nvss,Deaths,age-adjusted rate
1992,A,All,55,64,All Origins,666,48,neo_lung,total,14.2194031157954,666,nvss,Deaths,age-adjusted rate
1992,A,All,65,74,All Origins,666,48,neo_lung,total,21.5227327573974,666,nvss,Deaths,age-adjusted rate
1992,A,All,75,84,All Origins,666,48,neo_lung,total,16.5981343883063,666,nvss,Deaths,age-adjusted rate
1992,A,All,85,150,All Origins,666,48,neo_lung,total,4.26760539000651,666,nvss,Deaths,age-adjusted rate
1992,A,All,25,34,All Origins,666,48,resp_copd,total,0.0522453961048536,666,nvss,Deaths,age-adjusted rate
1992,A,All,35,44,All Origins,666,48,resp_copd,total,0.237296610521217,666,nvss,Deaths,age-adjusted rate
1992,A,All,45,54,All Origins,666,48,resp_copd,total,1.0378167117384,666,nvss,Deaths,age-adjusted rate
1992,A,All,55,64,All Origins,666,48,resp_copd,total,4.16521195042875,666,nvss,Deaths,age-adjusted rate
1992,A,All,65,74,All Origins,666,48,resp_copd,total,11.4636738713677,666,nvss,Deaths,age-adjusted rate
1992,A,All,75,84,All Origins,666,48,resp_copd,total,14.8677071005119,666,nvss,Deaths,age-adjusted rate
1992,A,All,85,150,All Origins,666,48,resp_copd,total,6.77746440155489,666,nvss,Deaths,age-adjusted rate
1992,A,All,25,34,All Origins,666,48,t2_dm,total,0.195920235393201,666,nvss,Deaths,age-adjusted rate
1992,A,All,35,44,All Origins,666,48,t2_dm,total,0.812740891035168,666,nvss,Deaths,age-adjusted rate
1992,A,All,45,54,All Origins,666,48,t2_dm,total,2.16587835493231,666,nvss,Deaths,age-adjusted rate
1992,A,All,55,64,All Origins,666,48,t2_dm,total,4.27252820035928,666,nvss,Deaths,age-adjusted rate
1992,A,All,65,74,All Origins,666,48,t2_dm,total,6.79632093802512,666,nvss,Deaths,age-adjusted rate
1992,A,All,75,84,All Origins,666,48,t2_dm,total,8.17879085800602,666,nvss,Deaths,age-adjusted rate
1992,A,All,85,150,All Origins,666,48,t2_dm,total,4.38591524240273,666,nvss,Deaths,age-adjusted rate
1992,A,All,25,34,All Origins,666,49,all-cause,overall,13.1613368377246,666,nvss,Deaths,age-adjusted rate
1992,A,All,35,44,All Origins,666,49,all-cause,overall,26.6175210739181,666,nvss,Deaths,age-adjusted rate
1992,A,All,45,54,All Origins,666,49,all-cause,overall,43.0126314622875,666,nvss,Deaths,age-adjusted rate
1992,A,All,55,64,All Origins,666,49,all-cause,overall,71.9850552860087,666,nvss,Deaths,age-adjusted rate
1992,A,All,65,74,All Origins,666,49,all-cause,overall,132.651341154213,666,nvss,Deaths,age-adjusted rate
1992,A,All,75,84,All Origins,666,49,all-cause,overall,242.106624401997,666,nvss,Deaths,age-adjusted rate
1992,A,All,85,150,All Origins,666,49,all-cause,overall,234.920343202154,666,nvss,Deaths,age-adjusted rate
1992,A,All,25,34,All Origins,666,49,cvd_ihd,total,0.18801909768178,666,nvss,Deaths,age-adjusted rate
1992,A,All,35,44,All Origins,666,49,cvd_ihd,total,0.969084505118379,666,nvss,Deaths,age-adjusted rate
1992,A,All,45,54,All Origins,666,49,cvd_ihd,total,1.80292467207193,666,nvss,Deaths,age-adjusted rate
1992,A,All,55,64,All Origins,666,49,cvd_ihd,total,5.49563325301787,666,nvss,Deaths,age-adjusted rate
1992,A,All,65,74,All Origins,666,49,cvd_ihd,total,11.1191994453878,666,nvss,Deaths,age-adjusted rate
1992,A,All,75,84,All Origins,666,49,cvd_ihd,total,22.3889037333773,666,nvss,Deaths,age-adjusted rate
1992,A,All,85,150,All Origins,666,49,cvd_ihd,total,27.3420339542088,666,nvss,Deaths,age-adjusted rate
1992,A,All,25,34,All Origins,666,49,cvd_stroke,total,0.0470047744204451,666,nvss,Deaths,age-adjusted rate
1992,A,All,35,44,All Origins,666,49,cvd_stroke,total,0.193816901023676,666,nvss,Deaths,age-adjusted rate
1992,A,All,45,54,All Origins,666,49,cvd_stroke,total,0.343414223251797,666,nvss,Deaths,age-adjusted rate
1992,A,All,55,64,All Origins,666,49,cvd_stroke,total,0.619226282030182,666,nvss,Deaths,age-adjusted rate
1992,A,All,65,74,All Origins,666,49,cvd_stroke,total,1.27481267526739,666,nvss,Deaths,age-adjusted rate
1992,A,All,75,84,All Origins,666,49,cvd_stroke,total,2.21335169987761,666,nvss,Deaths,age-adjusted rate
1992,A,All,85,150,All Origins,666,49,cvd_stroke,total,2.61357677503466,666,nvss,Deaths,age-adjusted rate
1992,A,All,25,34,All Origins,666,49,ncd_lri,total,5.49955860719207,666,nvss,Deaths,age-adjusted rate
1992,A,All,35,44,All Origins,666,49,ncd_lri,total,15.957591517616,666,nvss,Deaths,age-adjusted rate
1992,A,All,45,54,All Origins,666,49,ncd_lri,total,34.5989829926185,666,nvss,Deaths,age-adjusted rate
1992,A,All,55,64,All Origins,666,49,ncd_lri,total,64.9413563279154,666,nvss,Deaths,age-adjusted rate
1992,A,All,65,74,All Origins,666,49,ncd_lri,total,122.877777310496,666,nvss,Deaths,age-adjusted rate
1992,A,All,75,84,All Origins,666,49,ncd_lri,total,217.334111145674,666,nvss,Deaths,age-adjusted rate
1992,A,All,85,150,All Origins,666,49,ncd_lri,total,197.626613066083,666,nvss,Deaths,age-adjusted rate
1992,A,All,25,34,All Origins,666,49,neo_lung,total,0.0470047744204451,666,nvss,Deaths,age-adjusted rate
1992,A,All,35,44,All Origins,666,49,neo_lung,total,0.323028168372793,666,nvss,Deaths,age-adjusted rate
1992,A,All,45,54,All Origins,666,49,neo_lung,total,1.97463178369783,666,nvss,Deaths,age-adjusted rate
1992,A,All,55,64,All Origins,666,49,neo_lung,total,5.49563325301787,666,nvss,Deaths,age-adjusted rate
1992,A,All,65,74,All Origins,666,49,neo_lung,total,8.56957409485304,666,nvss,Deaths,age-adjusted rate
1992,A,All,75,84,All Origins,666,49,neo_lung,total,7.66160203803787,666,nvss,Deaths,age-adjusted rate
1992,A,All,85,150,All Origins,666,49,neo_lung,total,2.01044367310359,666,nvss,Deaths,age-adjusted rate
1992,A,All,25,34,All Origins,666,49,resp_copd,total,0.0470047744204451,666,nvss,Deaths,age-adjusted rate
1992,A,All,35,44,All Origins,666,49,resp_copd,total,0.129211267349117,666,nvss,Deaths,age-adjusted rate
1992,A,All,45,54,All Origins,666,49,resp_copd,total,0.429267779064746,666,nvss,Deaths,age-adjusted rate
1992,A,All,55,64,All Origins,666,49,resp_copd,total,3.405744551166,666,nvss,Deaths,age-adjusted rate
1992,A,All,65,74,All Origins,666,49,resp_copd,total,10.1276784757354,666,nvss,Deaths,age-adjusted rate
1992,A,All,75,84,All Origins,666,49,resp_copd,total,13.2801101992656,666,nvss,Deaths,age-adjusted rate
1992,A,All,85,150,All Origins,666,49,resp_copd,total,6.53394193758666,666,nvss,Deaths,age-adjusted rate
1992,A,All,25,34,All Origins,666,49,t2_dm,total,0.18801909768178,666,nvss,Deaths,age-adjusted rate
1992,A,All,35,44,All Origins,666,49,t2_dm,total,0.90447887144382,666,nvss,Deaths,age-adjusted rate
1992,A,All,45,54,All Origins,666,49,t2_dm,total,1.71707111625898,666,nvss,Deaths,age-adjusted rate
1992,A,All,55,64,All Origins,666,49,t2_dm,total,3.63795440692732,666,nvss,Deaths,age-adjusted rate
1992,A,All,65,74,All Origins,666,49,t2_dm,total,7.43640727239314,666,nvss,Deaths,age-adjusted rate
1992,A,All,75,84,All Origins,666,49,t2_dm,total,10.385727207118,666,nvss,Deaths,age-adjusted rate
1992,A,All,85,150,All Origins,666,49,t2_dm,total,4.72454263179343,666,nvss,Deaths,age-adjusted rate
1992,A,All,25,34,All Origins,666,50,all-cause,overall,11.7086109682509,666,nvss,Deaths,age-adjusted rate
1992,A,All,35,44,All Origins,666,50,all-cause,overall,26.2870474598966,666,nvss,Deaths,age-adjusted rate
1992,A,All,45,54,All Origins,666,50,all-cause,overall,47.7054058477088,666,nvss,Deaths,age-adjusted rate
1992,A,All,55,64,All Origins,666,50,all-cause,overall,97.3465250566509,666,nvss,Deaths,age-adjusted rate
1992,A,All,65,74,All Origins,666,50,all-cause,overall,172.971413622996,666,nvss,Deaths,age-adjusted rate
1992,A,All,75,84,All Origins,666,50,all-cause,overall,276.283566117048,666,nvss,Deaths,age-adjusted rate
1992,A,All,85,150,All Origins,666,50,all-cause,overall,248.421349171917,666,nvss,Deaths,age-adjusted rate
1992,A,All,25,34,All Origins,666,50,cvd_ihd,total,0.154060670634881,666,nvss,Deaths,age-adjusted rate
1992,A,All,35,44,All Origins,666,50,cvd_ihd,total,0.998242308603667,666,nvss,Deaths,age-adjusted rate
1992,A,All,45,54,All Origins,666,50,cvd_ihd,total,3.34774777878658,666,nvss,Deaths,age-adjusted rate
1992,A,All,55,64,All Origins,666,50,cvd_ihd,total,7.68019921551486,666,nvss,Deaths,age-adjusted rate
1992,A,All,65,74,All Origins,666,50,cvd_ihd,total,15.0485129852006,666,nvss,Deaths,age-adjusted rate
1992,A,All,75,84,All Origins,666,50,cvd_ihd,total,28.4848954251896,666,nvss,Deaths,age-adjusted rate
1992,A,All,85,150,All Origins,666,50,cvd_ihd,total,36.1200414882602,666,nvss,Deaths,age-adjusted rate
1992,A,All,25,34,All Origins,666,50,cvd_stroke,total,0.154060670634881,666,nvss,Deaths,age-adjusted rate
1992,A,All,35,44,All Origins,666,50,cvd_stroke,total,0.665494872402445,666,nvss,Deaths,age-adjusted rate
1992,A,All,45,54,All Origins,666,50,cvd_stroke,total,1.04617118087081,666,nvss,Deaths,age-adjusted rate
1992,A,All,55,64,All Origins,666,50,cvd_stroke,total,0.576014941163615,666,nvss,Deaths,age-adjusted rate
1992,A,All,65,74,All Origins,666,50,cvd_stroke,total,1.21079989536097,666,nvss,Deaths,age-adjusted rate
1992,A,All,75,84,All Origins,666,50,cvd_stroke,total,3.98390145806847,666,nvss,Deaths,age-adjusted rate
1992,A,All,85,150,All Origins,666,50,cvd_stroke,total,2.88191820385055,666,nvss,Deaths,age-adjusted rate
1992,A,All,65,74,All Origins,666,50,lri,total,0.172971413622996,666,nvss,Deaths,age-adjusted rate
1992,A,All,85,150,All Origins,666,50,lri,total,0.192127880256703,666,nvss,Deaths,age-adjusted rate
1992,A,All,25,34,All Origins,666,50,ncd_lri,total,3.85151676587202,666,nvss,Deaths,age-adjusted rate
1992,A,All,35,44,All Origins,666,50,ncd_lri,total,18.1347352729666,666,nvss,Deaths,age-adjusted rate
1992,A,All,45,54,All Origins,666,50,ncd_lri,total,41.4283787624839,666,nvss,Deaths,age-adjusted rate
1992,A,All,55,64,All Origins,666,50,ncd_lri,total,90.6263507430754,666,nvss,Deaths,age-adjusted rate
1992,A,All,65,74,All Origins,666,50,ncd_lri,total,163.803928700977,666,nvss,Deaths,age-adjusted rate
1992,A,All,75,84,All Origins,666,50,ncd_lri,total,255.368083462189,666,nvss,Deaths,age-adjusted rate
1992,A,All,85,150,All Origins,666,50,ncd_lri,total,214.991098007251,666,nvss,Deaths,age-adjusted rate
1992,A,All,35,44,All Origins,666,50,neo_lung,total,1.33098974480489,666,nvss,Deaths,age-adjusted rate
1992,A,All,45,54,All Origins,666,50,neo_lung,total,3.97545048730906,666,nvss,Deaths,age-adjusted rate
1992,A,All,55,64,All Origins,666,50,neo_lung,total,18.0484681564599,666,nvss,Deaths,age-adjusted rate
1992,A,All,65,74,All Origins,666,50,neo_lung,total,21.9673695301204,666,nvss,Deaths,age-adjusted rate
1992,A,All,75,84,All Origins,666,50,neo_lung,total,16.7323861238876,666,nvss,Deaths,age-adjusted rate
1992,A,All,85,150,All Origins,666,50,neo_lung,total,3.84255760513406,666,nvss,Deaths,age-adjusted rate
1992,A,All,45,54,All Origins,666,50,resp_copd,total,0.836936944696645,666,nvss,Deaths,age-adjusted rate
1992,A,All,55,64,All Origins,666,50,resp_copd,total,4.41611454892105,666,nvss,Deaths,age-adjusted rate
1992,A,All,65,74,All Origins,666,50,resp_copd,total,12.4539417808557,666,nvss,Deaths,age-adjusted rate
1992,A,All,75,84,All Origins,666,50,resp_copd,total,18.9235319258252,666,nvss,Deaths,age-adjusted rate
1992,A,All,85,150,All Origins,666,50,resp_copd,total,9.22213825232175,666,nvss,Deaths,age-adjusted rate
1992,A,All,25,34,All Origins,666,50,t2_dm,total,0.154060670634881,666,nvss,Deaths,age-adjusted rate
1992,A,All,35,44,All Origins,666,50,t2_dm,total,0.831868590503056,666,nvss,Deaths,age-adjusted rate
1992,A,All,45,54,All Origins,666,50,t2_dm,total,0.836936944696645,666,nvss,Deaths,age-adjusted rate
1992,A,All,55,64,All Origins,666,50,t2_dm,total,2.30405976465446,666,nvss,Deaths,age-adjusted rate
1992,A,All,65,74,All Origins,666,50,t2_dm,total,5.53508523593586,666,nvss,Deaths,age-adjusted rate
1992,A,All,75,84,All Origins,666,50,t2_dm,total,8.56538813484721,666,nvss,Deaths,age-adjusted rate
1992,A,All,85,150,All Origins,666,50,t2_dm,total,5.37958064718769,666,nvss,Deaths,age-adjusted rate
1992,A,All,25,34,All Origins,666,51,all-cause,overall,15.0199693865229,666,nvss,Deaths,age-adjusted rate
1992,A,All,35,44,All Origins,666,51,all-cause,overall,31.4320665050566,666,nvss,Deaths,age-adjusted rate
1992,A,All,45,54,All Origins,666,51,all-cause,overall,55.9985617560527,666,nvss,Deaths,age-adjusted rate
1992,A,All,55,64,All Origins,666,51,all-cause,overall,101.99815610362,666,nvss,Deaths,age-adjusted rate
1992,A,All,65,74,All Origins,666,51,all-cause,overall,183.715553969771,666,nvss,Deaths,age-adjusted rate
1992,A,All,75,84,All Origins,666,51,all-cause,overall,276.397984358599,666,nvss,Deaths,age-adjusted rate
1992,A,All,85,150,All Origins,666,51,all-cause,overall,238.721324783774,666,nvss,Deaths,age-adjusted rate
1992,A,All,25,34,All Origins,666,51,cvd_ihd,total,0.118360672864641,666,nvss,Deaths,age-adjusted rate
1992,A,All,35,44,All Origins,666,51,cvd_ihd,total,1.00743802900822,666,nvss,Deaths,age-adjusted rate
1992,A,All,45,54,All Origins,666,51,cvd_ihd,total,3.22753026076891,666,nvss,Deaths,age-adjusted rate
1992,A,All,55,64,All Origins,666,51,cvd_ihd,total,7.70120306151496,666,nvss,Deaths,age-adjusted rate
1992,A,All,65,74,All Origins,666,51,cvd_ihd,total,14.4783194000599,666,nvss,Deaths,age-adjusted rate
1992,A,All,75,84,All Origins,666,51,cvd_ihd,total,25.5504324291533,666,nvss,Deaths,age-adjusted rate
1992,A,All,85,150,All Origins,666,51,cvd_ihd,total,25.7556480116385,666,nvss,Deaths,age-adjusted rate
1992,A,All,25,34,All Origins,666,51,cvd_stroke,total,0.0946885382917126,666,nvss,Deaths,age-adjusted rate
1992,A,All,35,44,All Origins,666,51,cvd_stroke,total,0.449472351403669,666,nvss,Deaths,age-adjusted rate
1992,A,All,45,54,All Origins,666,51,cvd_stroke,total,0.838793175115085,666,nvss,Deaths,age-adjusted rate
1992,A,All,55,64,All Origins,666,51,cvd_stroke,total,1.06105464403095,666,nvss,Deaths,age-adjusted rate
1992,A,All,65,74,All Origins,666,51,cvd_stroke,total,1.76603676198532,666,nvss,Deaths,age-adjusted rate
1992,A,All,75,84,All Origins,666,51,cvd_stroke,total,3.29682999085849,666,nvss,Deaths,age-adjusted rate
1992,A,All,85,150,All Origins,666,51,cvd_stroke,total,3.66239131467436,666,nvss,Deaths,age-adjusted rate
1992,A,All,25,34,All Origins,666,51,lri,total,0.0118360672864641,666,nvss,Deaths,age-adjusted rate
1992,A,All,55,64,All Origins,666,51,lri,total,0.0342275691622887,666,nvss,Deaths,age-adjusted rate
1992,A,All,65,74,All Origins,666,51,lri,total,0.111371687692768,666,nvss,Deaths,age-adjusted rate
1992,A,All,75,84,All Origins,666,51,lri,total,0.123631124657194,666,nvss,Deaths,age-adjusted rate
1992,A,All,85,150,All Origins,666,51,lri,total,0.0713452853507993,666,nvss,Deaths,age-adjusted rate
1992,A,All,25,34,All Origins,666,51,ncd_lri,total,7.08980430459198,666,nvss,Deaths,age-adjusted rate
1992,A,All,35,44,All Origins,666,51,ncd_lri,total,21.559173820776,666,nvss,Deaths,age-adjusted rate
1992,A,All,45,54,All Origins,666,51,ncd_lri,total,48.59530025395,666,nvss,Deaths,age-adjusted rate
1992,A,All,55,64,All Origins,666,51,ncd_lri,total,94.4509771033357,666,nvss,Deaths,age-adjusted rate
1992,A,All,65,74,All Origins,666,51,ncd_lri,total,172.276090619613,666,nvss,Deaths,age-adjusted rate
1992,A,All,75,84,All Origins,666,51,ncd_lri,total,251.012393428989,666,nvss,Deaths,age-adjusted rate
1992,A,All,85,150,All Origins,666,51,ncd_lri,total,207.162926896937,666,nvss,Deaths,age-adjusted rate
1992,A,All,25,34,All Origins,666,51,neo_lung,total,0.0946885382917126,666,nvss,Deaths,age-adjusted rate
1992,A,All,35,44,All Origins,666,51,neo_lung,total,0.852447563006959,666,nvss,Deaths,age-adjusted rate
1992,A,All,45,54,All Origins,666,51,neo_lung,total,5.65273661490601,666,nvss,Deaths,age-adjusted rate
1992,A,All,55,64,All Origins,666,51,neo_lung,total,14.6665133860407,666,nvss,Deaths,age-adjusted rate
1992,A,All,65,74,All Origins,666,51,neo_lung,total,21.2879025904177,666,nvss,Deaths,age-adjusted rate
1992,A,All,75,84,All Origins,666,51,neo_lung,total,16.5459655166211,666,nvss,Deaths,age-adjusted rate
1992,A,All,85,150,All Origins,666,51,neo_lung,total,4.92282468920515,666,nvss,Deaths,age-adjusted rate
1992,A,All,25,34,All Origins,666,51,resp_copd,total,0.0828524710052485,666,nvss,Deaths,age-adjusted rate
1992,A,All,35,44,All Origins,666,51,resp_copd,total,0.185988559201518,666,nvss,Deaths,age-adjusted rate
1992,A,All,45,54,All Origins,666,51,resp_copd,total,0.96643561480651,666,nvss,Deaths,age-adjusted rate
1992,A,All,55,64,All Origins,666,51,resp_copd,total,4.87742860562614,666,nvss,Deaths,age-adjusted rate
1992,A,All,65,74,All Origins,666,51,resp_copd,total,10.2461952677347,666,nvss,Deaths,age-adjusted rate
1992,A,All,75,84,All Origins,666,51,resp_copd,total,15.330259457492,666,nvss,Deaths,age-adjusted rate
1992,A,All,85,150,All Origins,666,51,resp_copd,total,7.27721910578153,666,nvss,Deaths,age-adjusted rate
1992,A,All,25,34,All Origins,666,51,t2_dm,total,0.130196740151105,666,nvss,Deaths,age-adjusted rate
1992,A,All,35,44,All Origins,666,51,t2_dm,total,0.588963770804808,666,nvss,Deaths,age-adjusted rate
1992,A,All,45,54,All Origins,666,51,t2_dm,total,1.0758434202563,666,nvss,Deaths,age-adjusted rate
1992,A,All,55,64,All Origins,666,51,t2_dm,total,2.70397796382081,666,nvss,Deaths,age-adjusted rate
1992,A,All,65,74,All Origins,666,51,t2_dm,total,4.45486750771073,666,nvss,Deaths,age-adjusted rate
1992,A,All,75,84,All Origins,666,51,t2_dm,total,5.7488472965595,666,nvss,Deaths,age-adjusted rate
1992,A,All,85,150,All Origins,666,51,t2_dm,total,3.25810136435317,666,nvss,Deaths,age-adjusted rate
1992,A,All,25,34,All Origins,666,53,all-cause,overall,15.0182828486467,666,nvss,Deaths,age-adjusted rate
1992,A,All,35,44,All Origins,666,53,all-cause,overall,28.4215039705927,666,nvss,Deaths,age-adjusted rate
1992,A,All,45,54,All Origins,666,53,all-cause,overall,49.2259002136453,666,nvss,Deaths,age-adjusted rate
1992,A,All,55,64,All Origins,666,53,all-cause,overall,88.6855819041017,666,nvss,Deaths,age-adjusted rate
1992,A,All,65,74,All Origins,666,53,all-cause,overall,161.70703294447,666,nvss,Deaths,age-adjusted rate
1992,A,All,75,84,All Origins,666,53,all-cause,overall,248.33659526928,666,nvss,Deaths,age-adjusted rate
1992,A,All,85,150,All Origins,666,53,all-cause,overall,226.187634393797,666,nvss,Deaths,age-adjusted rate
1992,A,All,25,34,All Origins,666,53,cvd_ihd,total,0.1719054228253,666,nvss,Deaths,age-adjusted rate
1992,A,All,35,44,All Origins,666,53,cvd_ihd,total,0.742075821686494,666,nvss,Deaths,age-adjusted rate
1992,A,All,45,54,All Origins,666,53,cvd_ihd,total,2.66845108148148,666,nvss,Deaths,age-adjusted rate
1992,A,All,55,64,All Origins,666,53,cvd_ihd,total,7.06523983302783,666,nvss,Deaths,age-adjusted rate
1992,A,All,65,74,All Origins,666,53,cvd_ihd,total,14.7164408340721,666,nvss,Deaths,age-adjusted rate
1992,A,All,75,84,All Origins,666,53,cvd_ihd,total,24.9474709821385,666,nvss,Deaths,age-adjusted rate
1992,A,All,85,150,All Origins,666,53,cvd_ihd,total,28.7101832776546,666,nvss,Deaths,age-adjusted rate
1992,A,All,25,34,All Origins,666,53,cvd_stroke,total,0.0156277657113909,666,nvss,Deaths,age-adjusted rate
1992,A,All,35,44,All Origins,666,53,cvd_stroke,total,0.38958980638541,666,nvss,Deaths,age-adjusted rate
1992,A,All,45,54,All Origins,666,53,cvd_stroke,total,0.585186640675764,666,nvss,Deaths,age-adjusted rate
1992,A,All,55,64,All Origins,666,53,cvd_stroke,total,1.07660797455662,666,nvss,Deaths,age-adjusted rate
1992,A,All,65,74,All Origins,666,53,cvd_stroke,total,1.602971901874,666,nvss,Deaths,age-adjusted rate
1992,A,All,75,84,All Origins,666,53,cvd_stroke,total,2.98186012651472,666,nvss,Deaths,age-adjusted rate
1992,A,All,85,150,All Origins,666,53,cvd_stroke,total,2.86089127899027,666,nvss,Deaths,age-adjusted rate
1992,A,All,35,44,All Origins,666,53,lri,total,0.0185518955421624,666,nvss,Deaths,age-adjusted rate
1992,A,All,55,64,All Origins,666,53,lri,total,0.0448586656065259,666,nvss,Deaths,age-adjusted rate
1992,A,All,65,74,All Origins,666,53,lri,total,0.0386258289608193,666,nvss,Deaths,age-adjusted rate
1992,A,All,75,84,All Origins,666,53,lri,total,0.113811455210486,666,nvss,Deaths,age-adjusted rate
1992,A,All,85,150,All Origins,666,53,lri,total,0.050635243875934,666,nvss,Deaths,age-adjusted rate
1992,A,All,25,34,All Origins,666,53,ncd_lri,total,6.11045639315385,666,nvss,Deaths,age-adjusted rate
1992,A,All,35,44,All Origins,666,53,ncd_lri,total,18.0138905714397,666,nvss,Deaths,age-adjusted rate
1992,A,All,45,54,All Origins,666,53,ncd_lri,total,41.7121037473685,666,nvss,Deaths,age-adjusted rate
1992,A,All,55,64,All Origins,666,53,ncd_lri,total,83.0109607048762,666,nvss,Deaths,age-adjusted rate
1992,A,All,65,74,All Origins,666,53,ncd_lri,total,152.28233067803,666,nvss,Deaths,age-adjusted rate
1992,A,All,75,84,All Origins,666,53,ncd_lri,total,227.440812092635,666,nvss,Deaths,age-adjusted rate
1992,A,All,85,150,All Origins,666,53,ncd_lri,total,196.211570019244,666,nvss,Deaths,age-adjusted rate
1992,A,All,25,34,All Origins,666,53,neo_lung,total,0.0781388285569547,666,nvss,Deaths,age-adjusted rate
1992,A,All,35,44,All Origins,666,53,neo_lung,total,0.742075821686494,666,nvss,Deaths,age-adjusted rate
1992,A,All,45,54,All Origins,666,53,neo_lung,total,4.89216031604939,666,nvss,Deaths,age-adjusted rate
1992,A,All,55,64,All Origins,666,53,neo_lung,total,12.8744370290729,666,nvss,Deaths,age-adjusted rate
1992,A,All,65,74,All Origins,666,53,neo_lung,total,20.510315178195,666,nvss,Deaths,age-adjusted rate
1992,A,All,75,84,All Origins,666,53,neo_lung,total,16.5937101696888,666,nvss,Deaths,age-adjusted rate
1992,A,All,85,150,All Origins,666,53,neo_lung,total,4.30399572945439,666,nvss,Deaths,age-adjusted rate
1992,A,All,25,34,All Origins,666,53,resp_copd,total,0.0312555314227819,666,nvss,Deaths,age-adjusted rate
1992,A,All,35,44,All Origins,666,53,resp_copd,total,0.241174642048111,666,nvss,Deaths,age-adjusted rate
1992,A,All,45,54,All Origins,666,53,resp_copd,total,1.07674341884341,666,nvss,Deaths,age-adjusted rate
1992,A,All,55,64,All Origins,666,53,resp_copd,total,5.38303987278311,666,nvss,Deaths,age-adjusted rate
1992,A,All,65,74,All Origins,666,53,resp_copd,total,12.823775214992,666,nvss,Deaths,age-adjusted rate
1992,A,All,75,84,All Origins,666,53,resp_copd,total,18.4602180351408,666,nvss,Deaths,age-adjusted rate
1992,A,All,85,150,All Origins,666,53,resp_copd,total,7.74719231301791,666,nvss,Deaths,age-adjusted rate
1992,A,All,25,34,All Origins,666,53,t2_dm,total,0.1719054228253,666,nvss,Deaths,age-adjusted rate
1992,A,All,35,44,All Origins,666,53,t2_dm,total,0.667868239517845,666,nvss,Deaths,age-adjusted rate
1992,A,All,45,54,All Origins,666,53,t2_dm,total,1.26400314385965,666,nvss,Deaths,age-adjusted rate
1992,A,All,55,64,All Origins,666,53,t2_dm,total,2.55694393957198,666,nvss,Deaths,age-adjusted rate
1992,A,All,65,74,All Origins,666,53,t2_dm,total,4.65441238977872,666,nvss,Deaths,age-adjusted rate
1992,A,All,75,84,All Origins,666,53,t2_dm,total,5.07599090238766,666,nvss,Deaths,age-adjusted rate
1992,A,All,85,150,All Origins,666,53,t2_dm,total,3.26597322999774,666,nvss,Deaths,age-adjusted rate
1992,A,All,25,34,All Origins,666,54,all-cause,overall,21.5133674490966,666,nvss,Deaths,age-adjusted rate
1992,A,All,35,44,All Origins,666,54,all-cause,overall,33.1900777679832,666,nvss,Deaths,age-adjusted rate
1992,A,All,45,54,All Origins,666,54,all-cause,overall,69.6970512301141,666,nvss,Deaths,age-adjusted rate
1992,A,All,55,64,All Origins,666,54,all-cause,overall,118.282513683861,666,nvss,Deaths,age-adjusted rate
1992,A,All,65,74,All Origins,666,54,all-cause,overall,198.661739574246,666,nvss,Deaths,age-adjusted rate
1992,A,All,75,84,All Origins,666,54,all-cause,overall,290.279051663872,666,nvss,Deaths,age-adjusted rate
1992,A,All,85,150,All Origins,666,54,all-cause,overall,242.624280761111,666,nvss,Deaths,age-adjusted rate
1992,A,All,25,34,All Origins,666,54,cvd_ihd,total,0.1650642003767,666,nvss,Deaths,age-adjusted rate
1992,A,All,35,44,All Origins,666,54,cvd_ihd,total,1.42814448227122,666,nvss,Deaths,age-adjusted rate
1992,A,All,45,54,All Origins,666,54,cvd_ihd,total,3.20070806961161,666,nvss,Deaths,age-adjusted rate
1992,A,All,55,64,All Origins,666,54,cvd_ihd,total,9.10250211013218,666,nvss,Deaths,age-adjusted rate
1992,A,All,65,74,All Origins,666,54,cvd_ihd,total,19.9837252826165,666,nvss,Deaths,age-adjusted rate
1992,A,All,75,84,All Origins,666,54,cvd_ihd,total,35.7297233954499,666,nvss,Deaths,age-adjusted rate
1992,A,All,85,150,All Origins,666,54,cvd_ihd,total,37.3978434665081,666,nvss,Deaths,age-adjusted rate
1992,A,All,25,34,All Origins,666,54,cvd_stroke,total,0.220085600502267,666,nvss,Deaths,age-adjusted rate
1992,A,All,35,44,All Origins,666,54,cvd_stroke,total,0.171377337872547,666,nvss,Deaths,age-adjusted rate
1992,A,All,45,54,All Origins,666,54,cvd_stroke,total,0.457244009944516,666,nvss,Deaths,age-adjusted rate
1992,A,All,55,64,All Origins,666,54,cvd_stroke,total,1.20032994858886,666,nvss,Deaths,age-adjusted rate
1992,A,All,65,74,All Origins,666,54,cvd_stroke,total,1.63732202945807,666,nvss,Deaths,age-adjusted rate
1992,A,All,75,84,All Origins,666,54,cvd_stroke,total,2.84440535410705,666,nvss,Deaths,age-adjusted rate
1992,A,All,85,150,All Origins,666,54,cvd_stroke,total,2.88563606994661,666,nvss,Deaths,age-adjusted rate
1992,A,All,35,44,All Origins,666,54,lri,total,0.0571257792908488,666,nvss,Deaths,age-adjusted rate
1992,A,All,45,54,All Origins,666,54,lri,total,0.0653205728492166,666,nvss,Deaths,age-adjusted rate
1992,A,All,65,74,All Origins,666,54,lri,total,0.0839652322799011,666,nvss,Deaths,age-adjusted rate
1992,A,All,75,84,All Origins,666,54,lri,total,0.099803696635335,666,nvss,Deaths,age-adjusted rate
1992,A,All,25,34,All Origins,666,54,ncd_lri,total,8.30823141896057,666,nvss,Deaths,age-adjusted rate
1992,A,All,35,44,All Origins,666,54,ncd_lri,total,22.3361797027219,666,nvss,Deaths,age-adjusted rate
1992,A,All,45,54,All Origins,666,54,ncd_lri,total,58.9191567099934,666,nvss,Deaths,age-adjusted rate
1992,A,All,55,64,All Origins,666,54,ncd_lri,total,110.380341522317,666,nvss,Deaths,age-adjusted rate
1992,A,All,65,74,All Origins,666,54,ncd_lri,total,187.24246798418,666,nvss,Deaths,age-adjusted rate
1992,A,All,75,84,All Origins,666,54,ncd_lri,total,267.42400513438,666,nvss,Deaths,age-adjusted rate
1992,A,All,85,150,All Origins,666,54,ncd_lri,total,211.978825698278,666,nvss,Deaths,age-adjusted rate
1992,A,All,35,44,All Origins,666,54,neo_lung,total,1.25676714439867,666,nvss,Deaths,age-adjusted rate
1992,A,All,45,54,All Origins,666,54,neo_lung,total,7.90378931475521,666,nvss,Deaths,age-adjusted rate
1992,A,All,55,64,All Origins,666,54,neo_lung,total,17.5548254981121,666,nvss,Deaths,age-adjusted rate
1992,A,All,65,74,All Origins,666,54,neo_lung,total,24.3079347450314,666,nvss,Deaths,age-adjusted rate
1992,A,All,75,84,All Origins,666,54,neo_lung,total,18.0644690909956,666,nvss,Deaths,age-adjusted rate
1992,A,All,85,150,All Origins,666,54,neo_lung,total,2.94334879134554,666,nvss,Deaths,age-adjusted rate
1992,A,All,25,34,All Origins,666,54,resp_copd,total,0.110042800251133,666,nvss,Deaths,age-adjusted rate
1992,A,All,35,44,All Origins,666,54,resp_copd,total,0.399880455035942,666,nvss,Deaths,age-adjusted rate
1992,A,All,45,54,All Origins,666,54,resp_copd,total,1.5676937483812,666,nvss,Deaths,age-adjusted rate
1992,A,All,55,64,All Origins,666,54,resp_copd,total,6.60181471723873,666,nvss,Deaths,age-adjusted rate
1992,A,All,65,74,All Origins,666,54,resp_copd,total,13.2665067002244,666,nvss,Deaths,age-adjusted rate
1992,A,All,75,84,All Origins,666,54,resp_copd,total,17.0165302763246,666,nvss,Deaths,age-adjusted rate
1992,A,All,85,150,All Origins,666,54,resp_copd,total,9.17632270243023,666,nvss,Deaths,age-adjusted rate
1992,A,All,25,34,All Origins,666,54,t2_dm,total,0.385149800878967,666,nvss,Deaths,age-adjusted rate
1992,A,All,35,44,All Origins,666,54,t2_dm,total,0.685509351490186,666,nvss,Deaths,age-adjusted rate
1992,A,All,45,54,All Origins,666,54,t2_dm,total,2.15557890402415,666,nvss,Deaths,age-adjusted rate
1992,A,All,55,64,All Origins,666,54,t2_dm,total,4.20115482006101,666,nvss,Deaths,age-adjusted rate
1992,A,All,65,74,All Origins,666,54,t2_dm,total,6.80118381467199,666,nvss,Deaths,age-adjusted rate
1992,A,All,75,84,All Origins,666,54,t2_dm,total,8.33360866905047,666,nvss,Deaths,age-adjusted rate
1992,A,All,85,150,All Origins,666,54,t2_dm,total,4.50159226911672,666,nvss,Deaths,age-adjusted rate
1992,A,All,25,34,All Origins,666,55,all-cause,overall,12.4374194210563,666,nvss,Deaths,age-adjusted rate
1992,A,All,35,44,All Origins,666,55,all-cause,overall,23.9203099072729,666,nvss,Deaths,age-adjusted rate
1992,A,All,45,54,All Origins,666,55,all-cause,overall,46.1252635653535,666,nvss,Deaths,age-adjusted rate
1992,A,All,55,64,All Origins,666,55,all-cause,overall,84.2841204427881,666,nvss,Deaths,age-adjusted rate
1992,A,All,65,74,All Origins,666,55,all-cause,overall,156.01671822877,666,nvss,Deaths,age-adjusted rate
1992,A,All,75,84,All Origins,666,55,all-cause,overall,254.300150021052,666,nvss,Deaths,age-adjusted rate
1992,A,All,85,150,All Origins,666,55,all-cause,overall,230.115167313471,666,nvss,Deaths,age-adjusted rate
1992,A,All,25,34,All Origins,666,55,cvd_ihd,total,0.235302529587552,666,nvss,Deaths,age-adjusted rate
1992,A,All,35,44,All Origins,666,55,cvd_ihd,total,0.789038000413514,666,nvss,Deaths,age-adjusted rate
1992,A,All,45,54,All Origins,666,55,cvd_ihd,total,2.64526845614221,666,nvss,Deaths,age-adjusted rate
1992,A,All,55,64,All Origins,666,55,cvd_ihd,total,7.55446422246431,666,nvss,Deaths,age-adjusted rate
1992,A,All,65,74,All Origins,666,55,cvd_ihd,total,15.7583443797158,666,nvss,Deaths,age-adjusted rate
1992,A,All,75,84,All Origins,666,55,cvd_ihd,total,30.2910880601391,666,nvss,Deaths,age-adjusted rate
1992,A,All,85,150,All Origins,666,55,cvd_ihd,total,36.6600240991814,666,nvss,Deaths,age-adjusted rate
1992,A,All,25,34,All Origins,666,55,cvd_stroke,total,0.117651264793776,666,nvss,Deaths,age-adjusted rate
1992,A,All,35,44,All Origins,666,55,cvd_stroke,total,0.436047316017995,666,nvss,Deaths,age-adjusted rate
1992,A,All,45,54,All Origins,666,55,cvd_stroke,total,0.719102104582349,666,nvss,Deaths,age-adjusted rate
1992,A,All,55,64,All Origins,666,55,cvd_stroke,total,1.18501399568068,666,nvss,Deaths,age-adjusted rate
1992,A,All,65,74,All Origins,666,55,cvd_stroke,total,1.73068522089364,666,nvss,Deaths,age-adjusted rate
1992,A,All,75,84,All Origins,666,55,cvd_stroke,total,3.40921689680738,666,nvss,Deaths,age-adjusted rate
1992,A,All,85,150,All Origins,666,55,cvd_stroke,total,2.86222648047085,666,nvss,Deaths,age-adjusted rate
1992,A,All,45,54,All Origins,666,55,lri,total,0.0256822180207982,666,nvss,Deaths,age-adjusted rate
1992,A,All,55,64,All Origins,666,55,lri,total,0.0211609642085835,666,nvss,Deaths,age-adjusted rate
1992,A,All,65,74,All Origins,666,55,lri,total,0.145741913338412,666,nvss,Deaths,age-adjusted rate
1992,A,All,75,84,All Origins,666,55,lri,total,0.0979660027818213,666,nvss,Deaths,age-adjusted rate
1992,A,All,85,150,All Origins,666,55,lri,total,0.137230036734904,666,nvss,Deaths,age-adjusted rate
1992,A,All,25,34,All Origins,666,55,ncd_lri,total,4.80689453300284,666,nvss,Deaths,age-adjusted rate
1992,A,All,35,44,All Origins,666,55,ncd_lri,total,16.3829205875332,666,nvss,Deaths,age-adjusted rate
1992,A,All,45,54,All Origins,666,55,ncd_lri,total,39.7817557142164,666,nvss,Deaths,age-adjusted rate
1992,A,All,55,64,All Origins,666,55,ncd_lri,total,78.8669136053907,666,nvss,Deaths,age-adjusted rate
1992,A,All,65,74,All Origins,666,55,ncd_lri,total,147.654775950978,666,nvss,Deaths,age-adjusted rate
1992,A,All,75,84,All Origins,666,55,ncd_lri,total,233.825255439651,666,nvss,Deaths,age-adjusted rate
1992,A,All,85,150,All Origins,666,55,ncd_lri,total,202.198656983399,666,nvss,Deaths,age-adjusted rate
1992,A,All,25,34,All Origins,666,55,neo_lung,total,0.0504219706259039,666,nvss,Deaths,age-adjusted rate
1992,A,All,35,44,All Origins,666,55,neo_lung,total,1.16279284271465,666,nvss,Deaths,age-adjusted rate
1992,A,All,45,54,All Origins,666,55,neo_lung,total,4.80257476988926,666,nvss,Deaths,age-adjusted rate
1992,A,All,55,64,All Origins,666,55,neo_lung,total,11.9559447778497,666,nvss,Deaths,age-adjusted rate
1992,A,All,65,74,All Origins,666,55,neo_lung,total,16.6510135989136,666,nvss,Deaths,age-adjusted rate
1992,A,All,75,84,All Origins,666,55,neo_lung,total,13.5584947850041,666,nvss,Deaths,age-adjusted rate
1992,A,All,85,150,All Origins,666,55,neo_lung,total,3.45035520933472,666,nvss,Deaths,age-adjusted rate
1992,A,All,25,34,All Origins,666,55,resp_copd,total,0.016807323541968,666,nvss,Deaths,age-adjusted rate
1992,A,All,35,44,All Origins,666,55,resp_copd,total,0.186877421150569,666,nvss,Deaths,age-adjusted rate
1992,A,All,45,54,All Origins,666,55,resp_copd,total,0.513644360415964,666,nvss,Deaths,age-adjusted rate
1992,A,All,55,64,All Origins,666,55,resp_copd,total,2.5604766692386,666,nvss,Deaths,age-adjusted rate
1992,A,All,65,74,All Origins,666,55,resp_copd,total,8.54411966946439,666,nvss,Deaths,age-adjusted rate
1992,A,All,75,84,All Origins,666,55,resp_copd,total,13.0882579716513,666,nvss,Deaths,age-adjusted rate
1992,A,All,85,150,All Origins,666,55,resp_copd,total,6.68506321808602,666,nvss,Deaths,age-adjusted rate
1992,A,All,25,34,All Origins,666,55,t2_dm,total,0.16807323541968,666,nvss,Deaths,age-adjusted rate
1992,A,All,35,44,All Origins,666,55,t2_dm,total,0.51910394764047,666,nvss,Deaths,age-adjusted rate
1992,A,All,45,54,All Origins,666,55,t2_dm,total,1.30979311906071,666,nvss,Deaths,age-adjusted rate
1992,A,All,55,64,All Origins,666,55,t2_dm,total,2.58163763344719,666,nvss,Deaths,age-adjusted rate
1992,A,All,65,74,All Origins,666,55,t2_dm,total,4.73661218349838,666,nvss,Deaths,age-adjusted rate
1992,A,All,75,84,All Origins,666,55,t2_dm,total,6.56372218638203,666,nvss,Deaths,age-adjusted rate
1992,A,All,85,150,All Origins,666,55,t2_dm,total,4.62661266706246,666,nvss,Deaths,age-adjusted rate
1992,A,All,25,34,All Origins,666,56,all-cause,overall,18.7718827673816,666,nvss,Deaths,age-adjusted rate
1992,A,All,35,44,All Origins,666,56,all-cause,overall,30.0084678837025,666,nvss,Deaths,age-adjusted rate
1992,A,All,45,54,All Origins,666,56,all-cause,overall,52.4721659667809,666,nvss,Deaths,age-adjusted rate
1992,A,All,55,64,All Origins,666,56,all-cause,overall,88.1424157995633,666,nvss,Deaths,age-adjusted rate
1992,A,All,65,74,All Origins,666,56,all-cause,overall,165.863573247279,666,nvss,Deaths,age-adjusted rate
1992,A,All,75,84,All Origins,666,56,all-cause,overall,255.661354005467,666,nvss,Deaths,age-adjusted rate
1992,A,All,85,150,All Origins,666,56,all-cause,overall,217.647505236219,666,nvss,Deaths,age-adjusted rate
1992,A,All,25,34,All Origins,666,56,cvd_ihd,total,0.19970088050406,666,nvss,Deaths,age-adjusted rate
1992,A,All,35,44,All Origins,666,56,cvd_ihd,total,0.805596453253758,666,nvss,Deaths,age-adjusted rate
1992,A,All,45,54,All Origins,666,56,cvd_ihd,total,3.74801185477006,666,nvss,Deaths,age-adjusted rate
1992,A,All,55,64,All Origins,666,56,cvd_ihd,total,5.52391161686636,666,nvss,Deaths,age-adjusted rate
1992,A,All,65,74,All Origins,666,56,cvd_ihd,total,14.4728602694994,666,nvss,Deaths,age-adjusted rate
1992,A,All,75,84,All Origins,666,56,cvd_ihd,total,20.2950578703348,666,nvss,Deaths,age-adjusted rate
1992,A,All,85,150,All Origins,666,56,cvd_ihd,total,19.4720711755348,666,nvss,Deaths,age-adjusted rate
1992,A,All,35,44,All Origins,666,56,cvd_stroke,total,0.604197339940319,666,nvss,Deaths,age-adjusted rate
1992,A,All,45,54,All Origins,666,56,cvd_stroke,total,0.267715132483576,666,nvss,Deaths,age-adjusted rate
1992,A,All,55,64,All Origins,666,56,cvd_stroke,total,0.720510210895613,666,nvss,Deaths,age-adjusted rate
1992,A,All,65,74,All Origins,666,56,cvd_stroke,total,1.14863970392853,666,nvss,Deaths,age-adjusted rate
1992,A,All,75,84,All Origins,666,56,cvd_stroke,total,3.66438544881045,666,nvss,Deaths,age-adjusted rate
1992,A,All,85,150,All Origins,666,56,cvd_stroke,total,1.88439398472917,666,nvss,Deaths,age-adjusted rate
1992,A,All,75,84,All Origins,666,56,lri,total,0.28187580375465,666,nvss,Deaths,age-adjusted rate
1992,A,All,25,34,All Origins,666,56,ncd_lri,total,7.18923169814616,666,nvss,Deaths,age-adjusted rate
1992,A,All,35,44,All Origins,666,56,ncd_lri,total,15.3063326118214,666,nvss,Deaths,age-adjusted rate
1992,A,All,45,54,All Origins,666,56,ncd_lri,total,42.0312757999214,666,nvss,Deaths,age-adjusted rate
1992,A,All,55,64,All Origins,666,56,ncd_lri,total,80.2168034797115,666,nvss,Deaths,age-adjusted rate
1992,A,All,65,74,All Origins,666,56,ncd_lri,total,154.377176207994,666,nvss,Deaths,age-adjusted rate
1992,A,All,75,84,All Origins,666,56,ncd_lri,total,230.856283275058,666,nvss,Deaths,age-adjusted rate
1992,A,All,85,150,All Origins,666,56,ncd_lri,total,184.670610503459,666,nvss,Deaths,age-adjusted rate
1992,A,All,25,34,All Origins,666,56,neo_lung,total,0.19970088050406,666,nvss,Deaths,age-adjusted rate
1992,A,All,35,44,All Origins,666,56,neo_lung,total,0.604197339940319,666,nvss,Deaths,age-adjusted rate
1992,A,All,45,54,All Origins,666,56,neo_lung,total,5.08658751718794,666,nvss,Deaths,age-adjusted rate
1992,A,All,55,64,All Origins,666,56,neo_lung,total,8.88629260104589,666,nvss,Deaths,age-adjusted rate
1992,A,All,65,74,All Origins,666,56,neo_lung,total,16.7701396773565,666,nvss,Deaths,age-adjusted rate
1992,A,All,75,84,All Origins,666,56,neo_lung,total,13.5300385802232,666,nvss,Deaths,age-adjusted rate
1992,A,All,85,150,All Origins,666,56,neo_lung,total,4.08285363357987,666,nvss,Deaths,age-adjusted rate
1992,A,All,25,34,All Origins,666,56,resp_copd,total,0.19970088050406,666,nvss,Deaths,age-adjusted rate
1992,A,All,45,54,All Origins,666,56,resp_copd,total,1.33857566241788,666,nvss,Deaths,age-adjusted rate
1992,A,All,55,64,All Origins,666,56,resp_copd,total,5.7640816871649,666,nvss,Deaths,age-adjusted rate
1992,A,All,65,74,All Origins,666,56,resp_copd,total,17.4593234997136,666,nvss,Deaths,age-adjusted rate
1992,A,All,75,84,All Origins,666,56,resp_copd,total,24.2413191228999,666,nvss,Deaths,age-adjusted rate
1992,A,All,85,150,All Origins,666,56,resp_copd,total,11.9344952366181,666,nvss,Deaths,age-adjusted rate
1992,A,All,25,34,All Origins,666,56,t2_dm,total,0.59910264151218,666,nvss,Deaths,age-adjusted rate
1992,A,All,45,54,All Origins,666,56,t2_dm,total,0.267715132483576,666,nvss,Deaths,age-adjusted rate
1992,A,All,55,64,All Origins,666,56,t2_dm,total,2.40170070298538,666,nvss,Deaths,age-adjusted rate
1992,A,All,65,74,All Origins,666,56,t2_dm,total,3.90537499335699,666,nvss,Deaths,age-adjusted rate
1992,A,All,75,84,All Origins,666,56,t2_dm,total,6.48314348635694,666,nvss,Deaths,age-adjusted rate
1992,A,All,85,150,All Origins,666,56,t2_dm,total,4.3969192977014,666,nvss,Deaths,age-adjusted rate
1992,A,American Indian or Alaska Native,35,44,All Origins,1,29,all-cause,overall,337.372760705649,666,nvss,Deaths,age-adjusted rate
1992,A,American Indian or Alaska Native,45,54,All Origins,1,29,all-cause,overall,1618.0020746676,666,nvss,Deaths,age-adjusted rate
1992,A,American Indian or Alaska Native,55,64,All Origins,1,29,all-cause,overall,2181.22455901857,666,nvss,Deaths,age-adjusted rate
1992,A,American Indian or Alaska Native,65,74,All Origins,1,29,all-cause,overall,1834.31379416583,666,nvss,Deaths,age-adjusted rate
1992,A,American Indian or Alaska Native,75,84,All Origins,1,29,all-cause,overall,6726.12046089493,666,nvss,Deaths,age-adjusted rate
1992,A,American Indian or Alaska Native,85,150,All Origins,1,29,all-cause,overall,7754.28124716054,666,nvss,Deaths,age-adjusted rate
1992,A,American Indian or Alaska Native,55,64,All Origins,1,29,cvd_ihd,total,545.306139754643,666,nvss,Deaths,age-adjusted rate
1992,A,American Indian or Alaska Native,35,44,All Origins,1,29,ncd_lri,total,337.372760705649,666,nvss,Deaths,age-adjusted rate
1992,A,American Indian or Alaska Native,45,54,All Origins,1,29,ncd_lri,total,1618.0020746676,666,nvss,Deaths,age-adjusted rate
1992,A,American Indian or Alaska Native,55,64,All Origins,1,29,ncd_lri,total,1635.91841926393,666,nvss,Deaths,age-adjusted rate
1992,A,American Indian or Alaska Native,65,74,All Origins,1,29,ncd_lri,total,1834.31379416583,666,nvss,Deaths,age-adjusted rate
1992,A,American Indian or Alaska Native,75,84,All Origins,1,29,ncd_lri,total,6726.12046089493,666,nvss,Deaths,age-adjusted rate
1992,A,American Indian or Alaska Native,85,150,All Origins,1,29,ncd_lri,total,7754.28124716054,666,nvss,Deaths,age-adjusted rate
1992,A,American Indian or Alaska Native,65,74,All Origins,1,29,neo_lung,total,917.156897082917,666,nvss,Deaths,age-adjusted rate
1992,A,American Indian or Alaska Native,75,84,All Origins,1,29,resp_copd,total,2242.04015363164,666,nvss,Deaths,age-adjusted rate
1992,A,American Indian or Alaska Native,65,74,All Origins,1,29,t2_dm,total,917.156897082917,666,nvss,Deaths,age-adjusted rate
1992,A,American Indian or Alaska Native,35,44,All Origins,1,37,all-cause,overall,2258.63970249773,666,nvss,Deaths,age-adjusted rate
1992,A,American Indian or Alaska Native,45,54,All Origins,1,37,all-cause,overall,14656.5707748669,666,nvss,Deaths,age-adjusted rate
1992,A,American Indian or Alaska Native,55,64,All Origins,1,37,all-cause,overall,12461.3159765151,666,nvss,Deaths,age-adjusted rate
1992,A,American Indian or Alaska Native,65,74,All Origins,1,37,all-cause,overall,8253.65931949509,666,nvss,Deaths,age-adjusted rate
1992,A,American Indian or Alaska Native,45,54,All Origins,1,37,ncd_lri,total,11725.2566198935,666,nvss,Deaths,age-adjusted rate
1992,A,American Indian or Alaska Native,55,64,All Origins,1,37,ncd_lri,total,12461.3159765151,666,nvss,Deaths,age-adjusted rate
1992,A,American Indian or Alaska Native,65,74,All Origins,1,37,ncd_lri,total,8253.65931949509,666,nvss,Deaths,age-adjusted rate
1992,A,American Indian or Alaska Native,55,64,All Origins,1,37,neo_lung,total,6230.65798825753,666,nvss,Deaths,age-adjusted rate
1992,A,American Indian or Alaska Native,25,34,All Origins,1,48,all-cause,overall,9683.92362923426,666,nvss,Deaths,age-adjusted rate
1992,A,American Indian or Alaska Native,35,44,All Origins,1,48,all-cause,overall,4279.3071620635,666,nvss,Deaths,age-adjusted rate
1992,A,American Indian or Alaska Native,45,54,All Origins,1,48,all-cause,overall,10112.6045103345,666,nvss,Deaths,age-adjusted rate
1992,A,American Indian or Alaska Native,55,64,All Origins,1,48,all-cause,overall,19388.662944053,666,nvss,Deaths,age-adjusted rate
1992,A,American Indian or Alaska Native,65,74,All Origins,1,48,all-cause,overall,11005.8828109889,666,nvss,Deaths,age-adjusted rate
1992,A,American Indian or Alaska Native,75,84,All Origins,1,48,all-cause,overall,67261.2042919345,666,nvss,Deaths,age-adjusted rate
1992,A,American Indian or Alaska Native,65,74,All Origins,1,48,cvd_ihd,total,5502.94140549445,666,nvss,Deaths,age-adjusted rate
1992,A,American Indian or Alaska Native,25,34,All Origins,1,48,ncd_lri,total,4841.96181461713,666,nvss,Deaths,age-adjusted rate
1992,A,American Indian or Alaska Native,35,44,All Origins,1,48,ncd_lri,total,4279.3071620635,666,nvss,Deaths,age-adjusted rate
1992,A,American Indian or Alaska Native,45,54,All Origins,1,48,ncd_lri,total,10112.6045103345,666,nvss,Deaths,age-adjusted rate
1992,A,American Indian or Alaska Native,55,64,All Origins,1,48,ncd_lri,total,19388.662944053,666,nvss,Deaths,age-adjusted rate
1992,A,American Indian or Alaska Native,65,74,All Origins,1,48,ncd_lri,total,11005.8828109889,666,nvss,Deaths,age-adjusted rate
1992,A,American Indian or Alaska Native,75,84,All Origins,1,48,ncd_lri,total,67261.2042919345,666,nvss,Deaths,age-adjusted rate
1992,A,American Indian or Alaska Native,65,74,All Origins,1,48,neo_lung,total,5502.94140549445,666,nvss,Deaths,age-adjusted rate
1992,A,American Indian or Alaska Native,55,64,All Origins,1,48,resp_copd,total,4847.16573601325,666,nvss,Deaths,age-adjusted rate
1992,A,American Indian or Alaska Native,45,54,All Origins,1,48,t2_dm,total,3370.86817011151,666,nvss,Deaths,age-adjusted rate
1992,A,American Indian or Alaska Native,55,64,All Origins,1,48,t2_dm,total,4847.16573601325,666,nvss,Deaths,age-adjusted rate
1992,A,American Indian or Alaska Native,75,84,All Origins,1,48,t2_dm,total,22420.4014306448,666,nvss,Deaths,age-adjusted rate
1992,A,American Indian or Alaska Native,35,44,All Origins,1,51,all-cause,overall,16261.3690454375,666,nvss,Deaths,age-adjusted rate
1992,A,American Indian or Alaska Native,35,44,All Origins,1,51,ncd_lri,total,16261.3690454375,666,nvss,Deaths,age-adjusted rate
1992,A,American Indian or Alaska Native,25,34,All Origins,1,55,all-cause,overall,69.596987087548,666,nvss,Deaths,age-adjusted rate
1992,A,American Indian or Alaska Native,35,44,All Origins,1,55,all-cause,overall,422.37317504493,666,nvss,Deaths,age-adjusted rate
1992,A,American Indian or Alaska Native,45,54,All Origins,1,55,all-cause,overall,232.473666972395,666,nvss,Deaths,age-adjusted rate
1992,A,American Indian or Alaska Native,55,64,All Origins,1,55,all-cause,overall,382.670978499762,666,nvss,Deaths,age-adjusted rate
1992,A,American Indian or Alaska Native,65,74,All Origins,1,55,all-cause,overall,1117.13847657025,666,nvss,Deaths,age-adjusted rate
1992,A,American Indian or Alaska Native,75,84,All Origins,1,55,all-cause,overall,1338.53142818321,666,nvss,Deaths,age-adjusted rate
1992,A,American Indian or Alaska Native,85,150,All Origins,1,55,all-cause,overall,352.467329285946,666,nvss,Deaths,age-adjusted rate
1992,A,American Indian or Alaska Native,75,84,All Origins,1,55,cvd_ihd,total,334.632857045803,666,nvss,Deaths,age-adjusted rate
1992,A,American Indian or Alaska Native,85,150,All Origins,1,55,cvd_ihd,total,352.467329285946,666,nvss,Deaths,age-adjusted rate
1992,A,American Indian or Alaska Native,25,34,All Origins,1,55,ncd_lri,total,69.596987087548,666,nvss,Deaths,age-adjusted rate
1992,A,American Indian or Alaska Native,35,44,All Origins,1,55,ncd_lri,total,211.186587522465,666,nvss,Deaths,age-adjusted rate
1992,A,American Indian or Alaska Native,45,54,All Origins,1,55,ncd_lri,total,232.473666972395,666,nvss,Deaths,age-adjusted rate
1992,A,American Indian or Alaska Native,55,64,All Origins,1,55,ncd_lri,total,382.670978499762,666,nvss,Deaths,age-adjusted rate
1992,A,American Indian or Alaska Native,65,74,All Origins,1,55,ncd_lri,total,1117.13847657025,666,nvss,Deaths,age-adjusted rate
1992,A,American Indian or Alaska Native,75,84,All Origins,1,55,ncd_lri,total,1338.53142818321,666,nvss,Deaths,age-adjusted rate
1992,A,American Indian or Alaska Native,85,150,All Origins,1,55,ncd_lri,total,352.467329285946,666,nvss,Deaths,age-adjusted rate
1992,A,American Indian or Alaska Native,55,64,All Origins,1,55,resp_copd,total,127.556992833254,666,nvss,Deaths,age-adjusted rate
1992,A,American Indian or Alaska Native,45,54,All Origins,1,55,t2_dm,total,116.236833486197,666,nvss,Deaths,age-adjusted rate
1992,A,American Indian or Alaska Native,65,74,All Origins,1,55,t2_dm,total,124.126497396694,666,nvss,Deaths,age-adjusted rate
1992,A,American Indian or Alaska Native,25,34,All Origins,2,8,all-cause,overall,1666.90487514748,666,nvss,Deaths,age-adjusted rate
1992,A,American Indian or Alaska Native,35,44,All Origins,2,8,all-cause,overall,2463.84350824948,666,nvss,Deaths,age-adjusted rate
1992,A,American Indian or Alaska Native,45,54,All Origins,2,8,all-cause,overall,2661.21168932165,666,nvss,Deaths,age-adjusted rate
1992,A,American Indian or Alaska Native,55,64,All Origins,2,8,all-cause,overall,5287.81714602421,666,nvss,Deaths,age-adjusted rate
1992,A,American Indian or Alaska Native,65,74,All Origins,2,8,all-cause,overall,10318.0149599837,666,nvss,Deaths,age-adjusted rate
1992,A,American Indian or Alaska Native,75,84,All Origins,2,8,all-cause,overall,29893.8685741931,666,nvss,Deaths,age-adjusted rate
1992,A,American Indian or Alaska Native,85,150,All Origins,2,8,all-cause,overall,1550.85621805746,666,nvss,Deaths,age-adjusted rate
1992,A,American Indian or Alaska Native,75,84,All Origins,2,8,cvd_ihd,total,14946.9342870966,666,nvss,Deaths,age-adjusted rate
1992,A,American Indian or Alaska Native,25,34,All Origins,2,8,ncd_lri,total,1111.26991676499,666,nvss,Deaths,age-adjusted rate
1992,A,American Indian or Alaska Native,35,44,All Origins,2,8,ncd_lri,total,1847.88263118711,666,nvss,Deaths,age-adjusted rate
1992,A,American Indian or Alaska Native,45,54,All Origins,2,8,ncd_lri,total,1774.14112621444,666,nvss,Deaths,age-adjusted rate
1992,A,American Indian or Alaska Native,55,64,All Origins,2,8,ncd_lri,total,3965.86285951816,666,nvss,Deaths,age-adjusted rate
1992,A,American Indian or Alaska Native,65,74,All Origins,2,8,ncd_lri,total,8254.41196798692,666,nvss,Deaths,age-adjusted rate
1992,A,American Indian or Alaska Native,75,84,All Origins,2,8,ncd_lri,total,29893.8685741931,666,nvss,Deaths,age-adjusted rate
1992,A,American Indian or Alaska Native,85,150,All Origins,2,8,ncd_lri,total,1550.85621805746,666,nvss,Deaths,age-adjusted rate
1992,A,American Indian or Alaska Native,55,64,All Origins,2,8,neo_lung,total,1321.95428650605,666,nvss,Deaths,age-adjusted rate
1992,A,American Indian or Alaska Native,65,74,All Origins,2,8,neo_lung,total,2063.60299199673,666,nvss,Deaths,age-adjusted rate
1992,A,American Indian or Alaska Native,65,74,All Origins,2,8,t2_dm,total,2063.60299199673,666,nvss,Deaths,age-adjusted rate
1992,A,American Indian or Alaska Native,45,54,All Origins,2,12,all-cause,overall,647855.508126407,666,nvss,Deaths,age-adjusted rate
1992,A,American Indian or Alaska Native,45,54,All Origins,2,12,ncd_lri,total,647855.508126407,666,nvss,Deaths,age-adjusted rate
1992,A,American Indian or Alaska Native,65,74,All Origins,2,13,all-cause,overall,892.371388757385,666,nvss,Deaths,age-adjusted rate
1992,A,American Indian or Alaska Native,65,74,All Origins,2,13,ncd_lri,total,892.371388757385,666,nvss,Deaths,age-adjusted rate
1992,A,American Indian or Alaska Native,25,34,All Origins,2,17,all-cause,overall,1303.60495960532,666,nvss,Deaths,age-adjusted rate
1992,A,American Indian or Alaska Native,45,54,All Origins,2,17,all-cause,overall,3548.28215776357,666,nvss,Deaths,age-adjusted rate
1992,A,American Indian or Alaska Native,55,64,All Origins,2,17,all-cause,overall,1615.72173622526,666,nvss,Deaths,age-adjusted rate
1992,A,American Indian or Alaska Native,65,74,All Origins,2,17,all-cause,overall,1179.20173104395,666,nvss,Deaths,age-adjusted rate
1992,A,American Indian or Alaska Native,85,150,All Origins,2,17,all-cause,overall,7754.25906849861,666,nvss,Deaths,age-adjusted rate
1992,A,American Indian or Alaska Native,55,64,All Origins,2,17,cvd_ihd,total,1615.72173622526,666,nvss,Deaths,age-adjusted rate
1992,A,American Indian or Alaska Native,45,54,All Origins,2,17,ncd_lri,total,3548.28215776357,666,nvss,Deaths,age-adjusted rate
1992,A,American Indian or Alaska Native,55,64,All Origins,2,17,ncd_lri,total,1615.72173622526,666,nvss,Deaths,age-adjusted rate
1992,A,American Indian or Alaska Native,65,74,All Origins,2,17,ncd_lri,total,1179.20173104395,666,nvss,Deaths,age-adjusted rate
1992,A,American Indian or Alaska Native,85,150,All Origins,2,17,ncd_lri,total,7754.25906849861,666,nvss,Deaths,age-adjusted rate
1992,A,American Indian or Alaska Native,65,74,All Origins,2,17,resp_copd,total,1179.20173104395,666,nvss,Deaths,age-adjusted rate
1992,A,American Indian or Alaska Native,25,34,All Origins,2,26,all-cause,overall,431.761435275315,666,nvss,Deaths,age-adjusted rate
1992,A,American Indian or Alaska Native,35,44,All Origins,2,26,all-cause,overall,1496.45140591536,666,nvss,Deaths,age-adjusted rate
1992,A,American Indian or Alaska Native,45,54,All Origins,2,26,all-cause,overall,2856.67424817239,666,nvss,Deaths,age-adjusted rate
1992,A,American Indian or Alaska Native,55,64,All Origins,2,26,all-cause,overall,3635.38159888308,666,nvss,Deaths,age-adjusted rate
1992,A,American Indian or Alaska Native,65,74,All Origins,2,26,all-cause,overall,8254.45049593779,666,nvss,Deaths,age-adjusted rate
1992,A,American Indian or Alaska Native,75,84,All Origins,2,26,all-cause,overall,17439.1746195879,666,nvss,Deaths,age-adjusted rate
1992,A,American Indian or Alaska Native,55,64,All Origins,2,26,cvd_ihd,total,727.076319776617,666,nvss,Deaths,age-adjusted rate
1992,A,American Indian or Alaska Native,75,84,All Origins,2,26,cvd_ihd,total,7473.93197982339,666,nvss,Deaths,age-adjusted rate
1992,A,American Indian or Alaska Native,35,44,All Origins,2,26,ncd_lri,total,1496.45140591536,666,nvss,Deaths,age-adjusted rate
1992,A,American Indian or Alaska Native,45,54,All Origins,2,26,ncd_lri,total,2285.33939853791,666,nvss,Deaths,age-adjusted rate
1992,A,American Indian or Alaska Native,55,64,All Origins,2,26,ncd_lri,total,3635.38159888308,666,nvss,Deaths,age-adjusted rate
1992,A,American Indian or Alaska Native,65,74,All Origins,2,26,ncd_lri,total,8254.45049593779,666,nvss,Deaths,age-adjusted rate
1992,A,American Indian or Alaska Native,75,84,All Origins,2,26,ncd_lri,total,17439.1746195879,666,nvss,Deaths,age-adjusted rate
1992,A,American Indian or Alaska Native,45,54,All Origins,2,26,neo_lung,total,571.334849634478,666,nvss,Deaths,age-adjusted rate
1992,A,American Indian or Alaska Native,65,74,All Origins,2,26,resp_copd,total,1179.2072137054,666,nvss,Deaths,age-adjusted rate
1992,A,American Indian or Alaska Native,55,64,All Origins,2,26,t2_dm,total,727.076319776617,666,nvss,Deaths,age-adjusted rate
1992,A,American Indian or Alaska Native,65,74,All Origins,2,26,t2_dm,total,2358.4144274108,666,nvss,Deaths,age-adjusted rate
1992,A,American Indian or Alaska Native,25,34,All Origins,2,27,all-cause,overall,16.6062959657452,666,nvss,Deaths,age-adjusted rate
1992,A,American Indian or Alaska Native,45,54,All Origins,2,27,all-cause,overall,31.9054722973345,666,nvss,Deaths,age-adjusted rate
1992,A,American Indian or Alaska Native,55,64,All Origins,2,27,all-cause,overall,25.6916691076866,666,nvss,Deaths,age-adjusted rate
1992,A,American Indian or Alaska Native,75,84,All Origins,2,27,all-cause,overall,47.0021955232085,666,nvss,Deaths,age-adjusted rate
1992,A,American Indian or Alaska Native,85,150,All Origins,2,27,all-cause,overall,64.0849373898096,666,nvss,Deaths,age-adjusted rate
1992,A,American Indian or Alaska Native,45,54,All Origins,2,27,cvd_ihd,total,31.9054722973345,666,nvss,Deaths,age-adjusted rate
1992,A,American Indian or Alaska Native,75,84,All Origins,2,27,cvd_ihd,total,47.0021955232085,666,nvss,Deaths,age-adjusted rate
1992,A,American Indian or Alaska Native,85,150,All Origins,2,27,cvd_ihd,total,64.0849373898096,666,nvss,Deaths,age-adjusted rate
1992,A,American Indian or Alaska Native,45,54,All Origins,2,27,ncd_lri,total,31.9054722973345,666,nvss,Deaths,age-adjusted rate
1992,A,American Indian or Alaska Native,55,64,All Origins,2,27,ncd_lri,total,25.6916691076866,666,nvss,Deaths,age-adjusted rate
1992,A,American Indian or Alaska Native,75,84,All Origins,2,27,ncd_lri,total,47.0021955232085,666,nvss,Deaths,age-adjusted rate
1992,A,American Indian or Alaska Native,85,150,All Origins,2,27,ncd_lri,total,64.0849373898096,666,nvss,Deaths,age-adjusted rate
1992,A,American Indian or Alaska Native,55,64,All Origins,2,27,t2_dm,total,25.6916691076866,666,nvss,Deaths,age-adjusted rate
1992,A,American Indian or Alaska Native,45,54,All Origins,2,29,all-cause,overall,443.535285293886,666,nvss,Deaths,age-adjusted rate
1992,A,American Indian or Alaska Native,55,64,All Origins,2,29,all-cause,overall,823.103615291997,666,nvss,Deaths,age-adjusted rate
1992,A,American Indian or Alaska Native,65,74,All Origins,2,29,all-cause,overall,1138.53958154113,666,nvss,Deaths,age-adjusted rate
1992,A,American Indian or Alaska Native,75,84,All Origins,2,29,all-cause,overall,2989.3867788802,666,nvss,Deaths,age-adjusted rate
1992,A,American Indian or Alaska Native,85,150,All Origins,2,29,all-cause,overall,2215.50893020767,666,nvss,Deaths,age-adjusted rate
1992,A,American Indian or Alaska Native,65,74,All Origins,2,29,cvd_ihd,total,569.269790770563,666,nvss,Deaths,age-adjusted rate
1992,A,American Indian or Alaska Native,75,84,All Origins,2,29,cvd_ihd,total,1494.6933894401,666,nvss,Deaths,age-adjusted rate
1992,A,American Indian or Alaska Native,45,54,All Origins,2,29,ncd_lri,total,443.535285293886,666,nvss,Deaths,age-adjusted rate
1992,A,American Indian or Alaska Native,55,64,All Origins,2,29,ncd_lri,total,823.103615291997,666,nvss,Deaths,age-adjusted rate
1992,A,American Indian or Alaska Native,65,74,All Origins,2,29,ncd_lri,total,1138.53958154113,666,nvss,Deaths,age-adjusted rate
1992,A,American Indian or Alaska Native,75,84,All Origins,2,29,ncd_lri,total,1494.6933894401,666,nvss,Deaths,age-adjusted rate
1992,A,American Indian or Alaska Native,85,150,All Origins,2,29,ncd_lri,total,2215.50893020767,666,nvss,Deaths,age-adjusted rate
1992,A,American Indian or Alaska Native,55,64,All Origins,2,29,resp_copd,total,411.551807645999,666,nvss,Deaths,age-adjusted rate
1992,A,American Indian or Alaska Native,25,34,All Origins,2,34,all-cause,overall,33893.7330469446,666,nvss,Deaths,age-adjusted rate
1992,A,American Indian or Alaska Native,25,34,All Origins,2,34,ncd_lri,total,16946.8665234723,666,nvss,Deaths,age-adjusted rate
1992,A,American Indian or Alaska Native,35,44,All Origins,2,39,all-cause,overall,625.293465714952,666,nvss,Deaths,age-adjusted rate
1992,A,American Indian or Alaska Native,65,74,All Origins,2,39,all-cause,overall,2063.60302125054,666,nvss,Deaths,age-adjusted rate
1992,A,American Indian or Alaska Native,35,44,All Origins,2,39,ncd_lri,total,625.293465714952,666,nvss,Deaths,age-adjusted rate
1992,A,American Indian or Alaska Native,65,74,All Origins,2,39,ncd_lri,total,2063.60302125054,666,nvss,Deaths,age-adjusted rate
1992,A,American Indian or Alaska Native,65,74,All Origins,2,39,neo_lung,total,2063.60302125054,666,nvss,Deaths,age-adjusted rate
1992,A,American Indian or Alaska Native,35,44,All Origins,2,48,all-cause,overall,16.1813090710498,666,nvss,Deaths,age-adjusted rate
1992,A,American Indian or Alaska Native,35,44,All Origins,2,48,cvd_ihd,total,16.1813090710498,666,nvss,Deaths,age-adjusted rate
1992,A,American Indian or Alaska Native,35,44,All Origins,2,48,ncd_lri,total,16.1813090710498,666,nvss,Deaths,age-adjusted rate
1992,A,American Indian or Alaska Native,25,34,All Origins,2,51,all-cause,overall,1027.30791998701,666,nvss,Deaths,age-adjusted rate
1992,A,American Indian or Alaska Native,35,44,All Origins,2,51,all-cause,overall,2427.43633483256,666,nvss,Deaths,age-adjusted rate
1992,A,American Indian or Alaska Native,45,54,All Origins,2,51,all-cause,overall,1070.15710589245,666,nvss,Deaths,age-adjusted rate
1992,A,American Indian or Alaska Native,65,74,All Origins,2,51,all-cause,overall,5502.923743596,666,nvss,Deaths,age-adjusted rate
1992,A,American Indian or Alaska Native,75,84,All Origins,2,51,all-cause,overall,4076.37479364058,666,nvss,Deaths,age-adjusted rate
1992,A,American Indian or Alaska Native,85,150,All Origins,2,51,all-cause,overall,1938.57030069692,666,nvss,Deaths,age-adjusted rate
1992,A,American Indian or Alaska Native,35,44,All Origins,2,51,ncd_lri,total,2427.43633483256,666,nvss,Deaths,age-adjusted rate
1992,A,American Indian or Alaska Native,65,74,All Origins,2,51,ncd_lri,total,5502.923743596,666,nvss,Deaths,age-adjusted rate
1992,A,American Indian or Alaska Native,75,84,All Origins,2,51,ncd_lri,total,4076.37479364058,666,nvss,Deaths,age-adjusted rate
1992,A,American Indian or Alaska Native,25,34,All Origins,3,4,all-cause,overall,17.2345882947668,666,nvss,Deaths,age-adjusted rate
1992,A,American Indian or Alaska Native,35,44,All Origins,3,4,all-cause,overall,47.3609065720833,666,nvss,Deaths,age-adjusted rate
1992,A,American Indian or Alaska Native,45,54,All Origins,3,4,all-cause,overall,65.2869472753274,666,nvss,Deaths,age-adjusted rate
1992,A,American Indian or Alaska Native,55,64,All Origins,3,4,all-cause,overall,84.1089172813001,666,nvss,Deaths,age-adjusted rate
1992,A,American Indian or Alaska Native,65,74,All Origins,3,4,all-cause,overall,82.995181847799,666,nvss,Deaths,age-adjusted rate
1992,A,American Indian or Alaska Native,75,84,All Origins,3,4,all-cause,overall,157.508858196066,666,nvss,Deaths,age-adjusted rate
1992,A,American Indian or Alaska Native,85,150,All Origins,3,4,all-cause,overall,68.693476644041,666,nvss,Deaths,age-adjusted rate
1992,A,American Indian or Alaska Native,55,64,All Origins,3,4,cvd_ihd,total,3.1151450844926,666,nvss,Deaths,age-adjusted rate
1992,A,American Indian or Alaska Native,65,74,All Origins,3,4,cvd_ihd,total,7.21697233459122,666,nvss,Deaths,age-adjusted rate
1992,A,American Indian or Alaska Native,75,84,All Origins,3,4,cvd_ihd,total,9.8443036372541,666,nvss,Deaths,age-adjusted rate
1992,A,American Indian or Alaska Native,85,150,All Origins,3,4,cvd_ihd,total,8.08158548753424,666,nvss,Deaths,age-adjusted rate
1992,A,American Indian or Alaska Native,55,64,All Origins,3,4,cvd_stroke,total,6.23029016898519,666,nvss,Deaths,age-adjusted rate
1992,A,American Indian or Alaska Native,85,150,All Origins,3,4,cvd_stroke,total,4.04079274376712,666,nvss,Deaths,age-adjusted rate
1992,A,American Indian or Alaska Native,25,34,All Origins,3,4,ncd_lri,total,11.4897255298446,666,nvss,Deaths,age-adjusted rate
1992,A,American Indian or Alaska Native,35,44,All Origins,3,4,ncd_lri,total,23.6804532860416,666,nvss,Deaths,age-adjusted rate
1992,A,American Indian or Alaska Native,45,54,All Origins,3,4,ncd_lri,total,54.9784819160652,666,nvss,Deaths,age-adjusted rate
1992,A,American Indian or Alaska Native,55,64,All Origins,3,4,ncd_lri,total,65.4180467743445,666,nvss,Deaths,age-adjusted rate
1992,A,American Indian or Alaska Native,65,74,All Origins,3,4,ncd_lri,total,64.952751011321,666,nvss,Deaths,age-adjusted rate
1992,A,American Indian or Alaska Native,75,84,All Origins,3,4,ncd_lri,total,113.209491828422,666,nvss,Deaths,age-adjusted rate
1992,A,American Indian or Alaska Native,85,150,All Origins,3,4,ncd_lri,total,56.5710984127397,666,nvss,Deaths,age-adjusted rate
1992,A,American Indian or Alaska Native,45,54,All Origins,3,4,neo_lung,total,3.43615511975407,666,nvss,Deaths,age-adjusted rate
1992,A,American Indian or Alaska Native,25,34,All Origins,3,4,resp_copd,total,1.91495425497409,666,nvss,Deaths,age-adjusted rate
1992,A,American Indian or Alaska Native,65,74,All Origins,3,4,resp_copd,total,3.60848616729561,666,nvss,Deaths,age-adjusted rate
1992,A,American Indian or Alaska Native,75,84,All Origins,3,4,resp_copd,total,9.8443036372541,666,nvss,Deaths,age-adjusted rate
1992,A,American Indian or Alaska Native,85,150,All Origins,3,4,resp_copd,total,4.04079274376712,666,nvss,Deaths,age-adjusted rate
1992,A,American Indian or Alaska Native,35,44,All Origins,3,4,t2_dm,total,2.9600566607552,666,nvss,Deaths,age-adjusted rate
1992,A,American Indian or Alaska Native,45,54,All Origins,3,4,t2_dm,total,3.43615511975407,666,nvss,Deaths,age-adjusted rate
1992,A,American Indian or Alaska Native,55,64,All Origins,3,4,t2_dm,total,12.4605803379704,666,nvss,Deaths,age-adjusted rate
1992,A,American Indian or Alaska Native,65,74,All Origins,3,4,t2_dm,total,14.4339446691824,666,nvss,Deaths,age-adjusted rate
1992,A,American Indian or Alaska Native,75,84,All Origins,3,4,t2_dm,total,14.7664554558811,666,nvss,Deaths,age-adjusted rate
1992,A,American Indian or Alaska Native,45,54,All Origins,3,5,all-cause,overall,1982.86391046289,666,nvss,Deaths,age-adjusted rate
1992,A,American Indian or Alaska Native,75,84,All Origins,3,5,all-cause,overall,22420.4158211211,666,nvss,Deaths,age-adjusted rate
1992,A,American Indian or Alaska Native,85,150,All Origins,3,5,all-cause,overall,2584.76096872719,666,nvss,Deaths,age-adjusted rate
1992,A,American Indian or Alaska Native,45,54,All Origins,3,5,ncd_lri,total,1982.86391046289,666,nvss,Deaths,age-adjusted rate
1992,A,American Indian or Alaska Native,75,84,All Origins,3,5,ncd_lri,total,22420.4158211211,666,nvss,Deaths,age-adjusted rate
1992,A,American Indian or Alaska Native,85,150,All Origins,3,5,ncd_lri,total,2584.76096872719,666,nvss,Deaths,age-adjusted rate
1992,A,American Indian or Alaska Native,25,34,All Origins,3,6,all-cause,overall,76157.4831707454,666,nvss,Deaths,age-adjusted rate
1992,A,American Indian or Alaska Native,35,44,All Origins,3,6,all-cause,overall,487841.016214612,666,nvss,Deaths,age-adjusted rate
1992,A,American Indian or Alaska Native,45,54,All Origins,3,6,all-cause,overall,202252.089713029,666,nvss,Deaths,age-adjusted rate
1992,A,American Indian or Alaska Native,55,64,All Origins,3,6,all-cause,overall,12837763.8624788,666,nvss,Deaths,age-adjusted rate
1992,A,American Indian or Alaska Native,55,64,All Origins,3,6,cvd_ihd,total,1510325.16029162,666,nvss,Deaths,age-adjusted rate
1992,A,American Indian or Alaska Native,25,34,All Origins,3,6,ncd_lri,total,43518.5618118545,666,nvss,Deaths,age-adjusted rate
1992,A,American Indian or Alaska Native,35,44,All Origins,3,6,ncd_lri,total,162613.672071537,666,nvss,Deaths,age-adjusted rate
1992,A,American Indian or Alaska Native,45,54,All Origins,3,6,ncd_lri,total,168543.408094191,666,nvss,Deaths,age-adjusted rate
1992,A,American Indian or Alaska Native,55,64,All Origins,3,6,ncd_lri,total,10572276.1220414,666,nvss,Deaths,age-adjusted rate
1992,A,American Indian or Alaska Native,55,64,All Origins,3,6,neo_lung,total,1510325.16029162,666,nvss,Deaths,age-adjusted rate
1992,A,American Indian or Alaska Native,55,64,All Origins,3,6,resp_copd,total,755162.580145812,666,nvss,Deaths,age-adjusted rate
1992,A,American Indian or Alaska Native,45,54,All Origins,3,6,t2_dm,total,33708.6816188382,666,nvss,Deaths,age-adjusted rate
1992,A,American Indian or Alaska Native,55,64,All Origins,3,6,t2_dm,total,755162.580145812,666,nvss,Deaths,age-adjusted rate
1992,A,American Indian or Alaska Native,25,34,All Origins,3,8,all-cause,overall,4067.24793012777,666,nvss,Deaths,age-adjusted rate
1992,A,American Indian or Alaska Native,35,44,All Origins,3,8,all-cause,overall,5949.28069033744,666,nvss,Deaths,age-adjusted rate
1992,A,American Indian or Alaska Native,45,54,All Origins,3,8,all-cause,overall,3210.35063457391,666,nvss,Deaths,age-adjusted rate
1992,A,American Indian or Alaska Native,55,64,All Origins,3,8,all-cause,overall,2908.29944327247,666,nvss,Deaths,age-adjusted rate
1992,A,American Indian or Alaska Native,75,84,All Origins,3,8,all-cause,overall,22420.4014306448,666,nvss,Deaths,age-adjusted rate
1992,A,American Indian or Alaska Native,25,34,All Origins,3,8,ncd_lri,total,2711.49862008518,666,nvss,Deaths,age-adjusted rate
1992,A,American Indian or Alaska Native,35,44,All Origins,3,8,ncd_lri,total,3966.18712689163,666,nvss,Deaths,age-adjusted rate
1992,A,American Indian or Alaska Native,45,54,All Origins,3,8,ncd_lri,total,3210.35063457391,666,nvss,Deaths,age-adjusted rate
1992,A,American Indian or Alaska Native,55,64,All Origins,3,8,ncd_lri,total,2908.29944327247,666,nvss,Deaths,age-adjusted rate
1992,A,American Indian or Alaska Native,75,84,All Origins,3,8,ncd_lri,total,22420.4014306448,666,nvss,Deaths,age-adjusted rate
1992,A,American Indian or Alaska Native,25,34,All Origins,3,9,all-cause,overall,1303.65928030978,666,nvss,Deaths,age-adjusted rate
1992,A,American Indian or Alaska Native,45,54,All Origins,3,9,all-cause,overall,949.6898206355,666,nvss,Deaths,age-adjusted rate
1992,A,American Indian or Alaska Native,55,64,All Origins,3,9,all-cause,overall,1455.14857800141,666,nvss,Deaths,age-adjusted rate
1992,A,American Indian or Alaska Native,75,84,All Origins,3,9,all-cause,overall,5979.2111006115,666,nvss,Deaths,age-adjusted rate
1992,A,American Indian or Alaska Native,85,150,All Origins,3,9,all-cause,overall,7754.28124716054,666,nvss,Deaths,age-adjusted rate
1992,A,American Indian or Alaska Native,85,150,All Origins,3,9,cvd_ihd,total,3877.14062358027,666,nvss,Deaths,age-adjusted rate
1992,A,American Indian or Alaska Native,45,54,All Origins,3,9,ncd_lri,total,949.6898206355,666,nvss,Deaths,age-adjusted rate
1992,A,American Indian or Alaska Native,55,64,All Origins,3,9,ncd_lri,total,1455.14857800141,666,nvss,Deaths,age-adjusted rate
1992,A,American Indian or Alaska Native,75,84,All Origins,3,9,ncd_lri,total,4484.40832545862,666,nvss,Deaths,age-adjusted rate
1992,A,American Indian or Alaska Native,85,150,All Origins,3,9,ncd_lri,total,7754.28124716054,666,nvss,Deaths,age-adjusted rate
1992,A,American Indian or Alaska Native,75,84,All Origins,3,9,resp_copd,total,1494.80277515287,666,nvss,Deaths,age-adjusted rate
1992,A,American Indian or Alaska Native,75,84,All Origins,3,9,t2_dm,total,1494.80277515287,666,nvss,Deaths,age-adjusted rate
1992,A,American Indian or Alaska Native,25,34,All Origins,3,12,all-cause,overall,406.367079970387,666,nvss,Deaths,age-adjusted rate
1992,A,American Indian or Alaska Native,35,44,All Origins,3,12,all-cause,overall,269.356214308518,666,nvss,Deaths,age-adjusted rate
1992,A,American Indian or Alaska Native,45,54,All Origins,3,12,all-cause,overall,378.774486623287,666,nvss,Deaths,age-adjusted rate
1992,A,American Indian or Alaska Native,55,64,All Origins,3,12,all-cause,overall,1406.41887769994,666,nvss,Deaths,age-adjusted rate
1992,A,American Indian or Alaska Native,65,74,All Origins,3,12,all-cause,overall,1434.65424701993,666,nvss,Deaths,age-adjusted rate
1992,A,American Indian or Alaska Native,45,54,All Origins,3,12,cvd_ihd,total,378.774486623287,666,nvss,Deaths,age-adjusted rate
1992,A,American Indian or Alaska Native,65,74,All Origins,3,12,cvd_ihd,total,478.218082339975,666,nvss,Deaths,age-adjusted rate
1992,A,American Indian or Alaska Native,25,34,All Origins,3,12,ncd_lri,total,203.183539985194,666,nvss,Deaths,age-adjusted rate
1992,A,American Indian or Alaska Native,35,44,All Origins,3,12,ncd_lri,total,269.356214308518,666,nvss,Deaths,age-adjusted rate
1992,A,American Indian or Alaska Native,45,54,All Origins,3,12,ncd_lri,total,378.774486623287,666,nvss,Deaths,age-adjusted rate
1992,A,American Indian or Alaska Native,55,64,All Origins,3,12,ncd_lri,total,1406.41887769994,666,nvss,Deaths,age-adjusted rate
1992,A,American Indian or Alaska Native,65,74,All Origins,3,12,ncd_lri,total,1434.65424701993,666,nvss,Deaths,age-adjusted rate
1992,A,American Indian or Alaska Native,65,74,All Origins,3,12,neo_lung,total,478.218082339975,666,nvss,Deaths,age-adjusted rate
1992,A,American Indian or Alaska Native,35,44,All Origins,3,17,all-cause,overall,4517.04644955471,666,nvss,Deaths,age-adjusted rate
1992,A,American Indian or Alaska Native,35,44,All Origins,3,17,ncd_lri,total,4517.04644955471,666,nvss,Deaths,age-adjusted rate
1992,A,American Indian or Alaska Native,55,64,All Origins,3,18,all-cause,overall,1246.41404576295,666,nvss,Deaths,age-adjusted rate
1992,A,American Indian or Alaska Native,65,74,All Origins,3,18,all-cause,overall,1737.77097089194,666,nvss,Deaths,age-adjusted rate
1992,A,American Indian or Alaska Native,75,84,All Origins,3,18,all-cause,overall,22420.4014306448,666,nvss,Deaths,age-adjusted rate
1992,A,American Indian or Alaska Native,55,64,All Origins,3,18,cvd_ihd,total,1246.41404576295,666,nvss,Deaths,age-adjusted rate
1992,A,American Indian or Alaska Native,65,74,All Origins,3,18,cvd_ihd,total,868.88548544597,666,nvss,Deaths,age-adjusted rate
1992,A,American Indian or Alaska Native,55,64,All Origins,3,18,ncd_lri,total,1246.41404576295,666,nvss,Deaths,age-adjusted rate
1992,A,American Indian or Alaska Native,65,74,All Origins,3,18,ncd_lri,total,1737.77097089194,666,nvss,Deaths,age-adjusted rate
1992,A,American Indian or Alaska Native,75,84,All Origins,3,18,ncd_lri,total,22420.4014306448,666,nvss,Deaths,age-adjusted rate
1992,A,American Indian or Alaska Native,25,34,All Origins,3,20,all-cause,overall,3227.97456883722,666,nvss,Deaths,age-adjusted rate
1992,A,American Indian or Alaska Native,35,44,All Origins,3,20,all-cause,overall,5420.45584152107,666,nvss,Deaths,age-adjusted rate
1992,A,American Indian or Alaska Native,45,54,All Origins,3,20,all-cause,overall,13483.4727679017,666,nvss,Deaths,age-adjusted rate
1992,A,American Indian or Alaska Native,55,64,All Origins,3,20,all-cause,overall,29082.9948524159,666,nvss,Deaths,age-adjusted rate
1992,A,American Indian or Alaska Native,65,74,All Origins,3,20,all-cause,overall,33017.6490950246,666,nvss,Deaths,age-adjusted rate
1992,A,American Indian or Alaska Native,75,84,All Origins,3,20,all-cause,overall,8968.16074730959,666,nvss,Deaths,age-adjusted rate
1992,A,American Indian or Alaska Native,45,54,All Origins,3,20,cvd_ihd,total,6741.73638395085,666,nvss,Deaths,age-adjusted rate
1992,A,American Indian or Alaska Native,65,74,All Origins,3,20,cvd_ihd,total,4127.20613687807,666,nvss,Deaths,age-adjusted rate
1992,A,American Indian or Alaska Native,25,34,All Origins,3,20,ncd_lri,total,1613.98728441861,666,nvss,Deaths,age-adjusted rate
1992,A,American Indian or Alaska Native,45,54,All Origins,3,20,ncd_lri,total,13483.4727679017,666,nvss,Deaths,age-adjusted rate
1992,A,American Indian or Alaska Native,55,64,All Origins,3,20,ncd_lri,total,29082.9948524159,666,nvss,Deaths,age-adjusted rate
1992,A,American Indian or Alaska Native,65,74,All Origins,3,20,ncd_lri,total,33017.6490950246,666,nvss,Deaths,age-adjusted rate
1992,A,American Indian or Alaska Native,75,84,All Origins,3,20,ncd_lri,total,8968.16074730959,666,nvss,Deaths,age-adjusted rate
1992,A,American Indian or Alaska Native,65,74,All Origins,3,20,neo_lung,total,8254.41227375615,666,nvss,Deaths,age-adjusted rate
1992,A,American Indian or Alaska Native,65,74,All Origins,3,20,resp_copd,total,4127.20613687807,666,nvss,Deaths,age-adjusted rate
1992,A,American Indian or Alaska Native,75,84,All Origins,3,20,resp_copd,total,4484.08037365479,666,nvss,Deaths,age-adjusted rate
1992,A,American Indian or Alaska Native,25,34,All Origins,3,20,t2_dm,total,1613.98728441861,666,nvss,Deaths,age-adjusted rate
1992,A,American Indian or Alaska Native,65,74,All Origins,3,20,t2_dm,total,4127.20613687807,666,nvss,Deaths,age-adjusted rate
1992,A,American Indian or Alaska Native,65,74,All Origins,3,22,all-cause,overall,971.110336764364,666,nvss,Deaths,age-adjusted rate
1992,A,American Indian or Alaska Native,65,74,All Origins,3,22,cvd_ihd,total,971.110336764364,666,nvss,Deaths,age-adjusted rate
1992,A,American Indian or Alaska Native,65,74,All Origins,3,22,ncd_lri,total,971.110336764364,666,nvss,Deaths,age-adjusted rate
1992,A,American Indian or Alaska Native,35,44,All Origins,3,27,all-cause,overall,589.191575820871,666,nvss,Deaths,age-adjusted rate
1992,A,American Indian or Alaska Native,45,54,All Origins,3,27,all-cause,overall,3304.85119821364,666,nvss,Deaths,age-adjusted rate
1992,A,American Indian or Alaska Native,55,64,All Origins,3,27,all-cause,overall,1615.75692245318,666,nvss,Deaths,age-adjusted rate
1992,A,American Indian or Alaska Native,65,74,All Origins,3,27,all-cause,overall,3809.82839330408,666,nvss,Deaths,age-adjusted rate
1992,A,American Indian or Alaska Native,75,84,All Origins,3,27,all-cause,overall,6406.00360506402,666,nvss,Deaths,age-adjusted rate
1992,A,American Indian or Alaska Native,85,150,All Origins,3,27,all-cause,overall,3101.86046623736,666,nvss,Deaths,age-adjusted rate
1992,A,American Indian or Alaska Native,65,74,All Origins,3,27,cvd_ihd,total,1269.94279776803,666,nvss,Deaths,age-adjusted rate
1992,A,American Indian or Alaska Native,45,54,All Origins,3,27,ncd_lri,total,3304.85119821364,666,nvss,Deaths,age-adjusted rate
1992,A,American Indian or Alaska Native,55,64,All Origins,3,27,ncd_lri,total,1077.17128163545,666,nvss,Deaths,age-adjusted rate
1992,A,American Indian or Alaska Native,65,74,All Origins,3,27,ncd_lri,total,3809.82839330408,666,nvss,Deaths,age-adjusted rate
1992,A,American Indian or Alaska Native,75,84,All Origins,3,27,ncd_lri,total,4804.50270379802,666,nvss,Deaths,age-adjusted rate
1992,A,American Indian or Alaska Native,85,150,All Origins,3,27,ncd_lri,total,3101.86046623736,666,nvss,Deaths,age-adjusted rate
1992,A,American Indian or Alaska Native,55,64,All Origins,3,27,neo_lung,total,538.585640817727,666,nvss,Deaths,age-adjusted rate
1992,A,American Indian or Alaska Native,75,84,All Origins,3,27,neo_lung,total,1601.50090126601,666,nvss,Deaths,age-adjusted rate
1992,A,American Indian or Alaska Native,75,84,All Origins,3,27,t2_dm,total,1601.50090126601,666,nvss,Deaths,age-adjusted rate
1992,A,American Indian or Alaska Native,25,34,All Origins,3,29,all-cause,overall,1168.7494095135,666,nvss,Deaths,age-adjusted rate
1992,A,American Indian or Alaska Native,55,64,All Origins,3,29,all-cause,overall,908.843514473854,666,nvss,Deaths,age-adjusted rate
1992,A,American Indian or Alaska Native,65,74,All Origins,3,29,all-cause,overall,1222.87579213706,666,nvss,Deaths,age-adjusted rate
1992,A,American Indian or Alaska Native,25,34,All Origins,3,29,ncd_lri,total,1168.7494095135,666,nvss,Deaths,age-adjusted rate
1992,A,American Indian or Alaska Native,55,64,All Origins,3,29,ncd_lri,total,908.843514473854,666,nvss,Deaths,age-adjusted rate
1992,A,American Indian or Alaska Native,65,74,All Origins,3,29,ncd_lri,total,1222.87579213706,666,nvss,Deaths,age-adjusted rate
1992,A,American Indian or Alaska Native,65,74,All Origins,3,29,neo_lung,total,1222.87579213706,666,nvss,Deaths,age-adjusted rate
1992,A,American Indian or Alaska Native,35,44,All Origins,3,31,all-cause,overall,33877.8552112293,666,nvss,Deaths,age-adjusted rate
1992,A,American Indian or Alaska Native,45,54,All Origins,3,31,all-cause,overall,14981.6392007172,666,nvss,Deaths,age-adjusted rate
1992,A,American Indian or Alaska Native,55,64,All Origins,3,31,all-cause,overall,24235.8335237999,666,nvss,Deaths,age-adjusted rate
1992,A,American Indian or Alaska Native,65,74,All Origins,3,31,all-cause,overall,5502.94247226917,666,nvss,Deaths,age-adjusted rate
1992,A,American Indian or Alaska Native,85,150,All Origins,3,31,all-cause,overall,15508.5654323759,666,nvss,Deaths,age-adjusted rate
1992,A,American Indian or Alaska Native,45,54,All Origins,3,31,cvd_stroke,total,7490.81960035858,666,nvss,Deaths,age-adjusted rate
1992,A,American Indian or Alaska Native,35,44,All Origins,3,31,ncd_lri,total,13551.1420844917,666,nvss,Deaths,age-adjusted rate
1992,A,American Indian or Alaska Native,45,54,All Origins,3,31,ncd_lri,total,14981.6392007172,666,nvss,Deaths,age-adjusted rate
1992,A,American Indian or Alaska Native,55,64,All Origins,3,31,ncd_lri,total,19388.6668190399,666,nvss,Deaths,age-adjusted rate
1992,A,American Indian or Alaska Native,65,74,All Origins,3,31,ncd_lri,total,5502.94247226917,666,nvss,Deaths,age-adjusted rate
1992,A,American Indian or Alaska Native,85,150,All Origins,3,31,ncd_lri,total,7754.28271618796,666,nvss,Deaths,age-adjusted rate
1992,A,American Indian or Alaska Native,85,150,All Origins,3,31,neo_lung,total,7754.28271618796,666,nvss,Deaths,age-adjusted rate
1992,A,American Indian or Alaska Native,55,64,All Origins,3,31,t2_dm,total,4847.16670475998,666,nvss,Deaths,age-adjusted rate
1992,A,American Indian or Alaska Native,25,34,All Origins,3,37,all-cause,overall,19361.6311118,666,nvss,Deaths,age-adjusted rate
1992,A,American Indian or Alaska Native,35,44,All Origins,3,37,all-cause,overall,11597.1309895506,666,nvss,Deaths,age-adjusted rate
1992,A,American Indian or Alaska Native,45,54,All Origins,3,37,all-cause,overall,38441.045518216,666,nvss,Deaths,age-adjusted rate
1992,A,American Indian or Alaska Native,55,64,All Origins,3,37,all-cause,overall,52182.7442464766,666,nvss,Deaths,age-adjusted rate
1992,A,American Indian or Alaska Native,65,74,All Origins,3,37,all-cause,overall,5502.56355215442,666,nvss,Deaths,age-adjusted rate
1992,A,American Indian or Alaska Native,75,84,All Origins,3,37,all-cause,overall,14381191.9347129,666,nvss,Deaths,age-adjusted rate
1992,A,American Indian or Alaska Native,85,150,All Origins,3,37,all-cause,overall,7754.28124716054,666,nvss,Deaths,age-adjusted rate
1992,A,American Indian or Alaska Native,35,44,All Origins,3,37,ncd_lri,total,5798.56549477529,666,nvss,Deaths,age-adjusted rate
1992,A,American Indian or Alaska Native,45,54,All Origins,3,37,ncd_lri,total,28830.784138662,666,nvss,Deaths,age-adjusted rate
1992,A,American Indian or Alaska Native,55,64,All Origins,3,37,ncd_lri,total,52182.7442464766,666,nvss,Deaths,age-adjusted rate
1992,A,American Indian or Alaska Native,65,74,All Origins,3,37,ncd_lri,total,5502.56355215442,666,nvss,Deaths,age-adjusted rate
1992,A,American Indian or Alaska Native,75,84,All Origins,3,37,ncd_lri,total,14381191.9347129,666,nvss,Deaths,age-adjusted rate
1992,A,American Indian or Alaska Native,85,150,All Origins,3,37,ncd_lri,total,7754.28124716054,666,nvss,Deaths,age-adjusted rate
1992,A,American Indian or Alaska Native,55,64,All Origins,3,37,neo_lung,total,8697.12404107944,666,nvss,Deaths,age-adjusted rate
1992,A,American Indian or Alaska Native,65,74,All Origins,3,37,neo_lung,total,2751.28177607721,666,nvss,Deaths,age-adjusted rate
1992,A,American Indian or Alaska Native,35,44,All Origins,3,39,all-cause,overall,650.454689223384,666,nvss,Deaths,age-adjusted rate
1992,A,American Indian or Alaska Native,45,54,All Origins,3,39,all-cause,overall,548.108642208383,666,nvss,Deaths,age-adjusted rate
1992,A,American Indian or Alaska Native,65,74,All Origins,3,39,all-cause,overall,1320.70592846638,666,nvss,Deaths,age-adjusted rate
1992,A,American Indian or Alaska Native,75,84,All Origins,3,39,all-cause,overall,3202.91447127526,666,nvss,Deaths,age-adjusted rate
1992,A,American Indian or Alaska Native,85,150,All Origins,3,39,all-cause,overall,1550.85624129529,666,nvss,Deaths,age-adjusted rate
1992,A,American Indian or Alaska Native,85,150,All Origins,3,39,cvd_ihd,total,1550.85624129529,666,nvss,Deaths,age-adjusted rate
1992,A,American Indian or Alaska Native,45,54,All Origins,3,39,ncd_lri,total,548.108642208383,666,nvss,Deaths,age-adjusted rate
1992,A,American Indian or Alaska Native,65,74,All Origins,3,39,ncd_lri,total,1320.70592846638,666,nvss,Deaths,age-adjusted rate
1992,A,American Indian or Alaska Native,75,84,All Origins,3,39,ncd_lri,total,3202.91447127526,666,nvss,Deaths,age-adjusted rate
1992,A,American Indian or Alaska Native,85,150,All Origins,3,39,ncd_lri,total,1550.85624129529,666,nvss,Deaths,age-adjusted rate
1992,A,American Indian or Alaska Native,75,84,All Origins,3,39,neo_lung,total,1067.63815709175,666,nvss,Deaths,age-adjusted rate
1992,A,American Indian or Alaska Native,25,34,All Origins,3,40,all-cause,overall,4236.71632510423,666,nvss,Deaths,age-adjusted rate
1992,A,American Indian or Alaska Native,35,44,All Origins,3,40,all-cause,overall,8296.61535178003,666,nvss,Deaths,age-adjusted rate
1992,A,American Indian or Alaska Native,45,54,All Origins,3,40,all-cause,overall,28893.1540798896,666,nvss,Deaths,age-adjusted rate
1992,A,American Indian or Alaska Native,55,64,All Origins,3,40,all-cause,overall,26174.6913080148,666,nvss,Deaths,age-adjusted rate
1992,A,American Indian or Alaska Native,65,74,All Origins,3,40,all-cause,overall,89147.6404537992,666,nvss,Deaths,age-adjusted rate
1992,A,American Indian or Alaska Native,75,84,All Origins,3,40,all-cause,overall,134522.408583869,666,nvss,Deaths,age-adjusted rate
1992,A,American Indian or Alaska Native,25,34,All Origins,3,40,cvd_ihd,total,2118.35816255211,666,nvss,Deaths,age-adjusted rate
1992,A,American Indian or Alaska Native,35,44,All Origins,3,40,cvd_ihd,total,1659.32307035601,666,nvss,Deaths,age-adjusted rate
1992,A,American Indian or Alaska Native,45,54,All Origins,3,40,cvd_ihd,total,6420.70090664214,666,nvss,Deaths,age-adjusted rate
1992,A,American Indian or Alaska Native,55,64,All Origins,3,40,cvd_ihd,total,17449.7942053432,666,nvss,Deaths,age-adjusted rate
1992,A,American Indian or Alaska Native,65,74,All Origins,3,40,cvd_ihd,total,9905.29338375547,666,nvss,Deaths,age-adjusted rate
1992,A,American Indian or Alaska Native,75,84,All Origins,3,40,cvd_ihd,total,11210.2007153224,666,nvss,Deaths,age-adjusted rate
1992,A,American Indian or Alaska Native,25,34,All Origins,3,40,cvd_stroke,total,1059.17908127606,666,nvss,Deaths,age-adjusted rate
1992,A,American Indian or Alaska Native,25,34,All Origins,3,40,ncd_lri,total,3177.53724382817,666,nvss,Deaths,age-adjusted rate
1992,A,American Indian or Alaska Native,35,44,All Origins,3,40,ncd_lri,total,8296.61535178003,666,nvss,Deaths,age-adjusted rate
1992,A,American Indian or Alaska Native,45,54,All Origins,3,40,ncd_lri,total,19262.1027199264,666,nvss,Deaths,age-adjusted rate
1992,A,American Indian or Alaska Native,55,64,All Origins,3,40,ncd_lri,total,21812.242756679,666,nvss,Deaths,age-adjusted rate
1992,A,American Indian or Alaska Native,65,74,All Origins,3,40,ncd_lri,total,89147.6404537992,666,nvss,Deaths,age-adjusted rate
1992,A,American Indian or Alaska Native,75,84,All Origins,3,40,ncd_lri,total,134522.408583869,666,nvss,Deaths,age-adjusted rate
1992,A,American Indian or Alaska Native,65,74,All Origins,3,40,neo_lung,total,3301.76446125182,666,nvss,Deaths,age-adjusted rate
1992,A,American Indian or Alaska Native,75,84,All Origins,3,40,resp_copd,total,22420.4014306448,666,nvss,Deaths,age-adjusted rate
1992,A,American Indian or Alaska Native,45,54,All Origins,3,40,t2_dm,total,3210.35045332107,666,nvss,Deaths,age-adjusted rate
1992,A,American Indian or Alaska Native,55,64,All Origins,3,40,t2_dm,total,4362.4485513358,666,nvss,Deaths,age-adjusted rate
1992,A,American Indian or Alaska Native,65,74,All Origins,3,40,t2_dm,total,9905.29338375547,666,nvss,Deaths,age-adjusted rate
1992,A,American Indian or Alaska Native,55,64,All Origins,3,42,all-cause,overall,1263.75626672289,666,nvss,Deaths,age-adjusted rate
1992,A,American Indian or Alaska Native,55,64,All Origins,3,42,ncd_lri,total,1263.75626672289,666,nvss,Deaths,age-adjusted rate
1992,A,American Indian or Alaska Native,55,64,All Origins,3,42,neo_lung,total,1263.75626672289,666,nvss,Deaths,age-adjusted rate
1992,A,American Indian or Alaska Native,65,74,All Origins,3,45,all-cause,overall,3668.62758292174,666,nvss,Deaths,age-adjusted rate
1992,A,American Indian or Alaska Native,65,74,All Origins,3,45,cvd_ihd,total,3668.62758292174,666,nvss,Deaths,age-adjusted rate
1992,A,American Indian or Alaska Native,65,74,All Origins,3,45,ncd_lri,total,3668.62758292174,666,nvss,Deaths,age-adjusted rate
1992,A,American Indian or Alaska Native,55,64,All Origins,3,48,all-cause,overall,4362.4491723094,666,nvss,Deaths,age-adjusted rate
1992,A,American Indian or Alaska Native,65,74,All Origins,3,48,all-cause,overall,4716.80688507095,666,nvss,Deaths,age-adjusted rate
1992,A,American Indian or Alaska Native,75,84,All Origins,3,48,all-cause,overall,3449.29250164025,666,nvss,Deaths,age-adjusted rate
1992,A,American Indian or Alaska Native,55,64,All Origins,3,48,ncd_lri,total,4362.4491723094,666,nvss,Deaths,age-adjusted rate
1992,A,American Indian or Alaska Native,65,74,All Origins,3,48,ncd_lri,total,4716.80688507095,666,nvss,Deaths,age-adjusted rate
1992,A,American Indian or Alaska Native,75,84,All Origins,3,48,ncd_lri,total,3449.29250164025,666,nvss,Deaths,age-adjusted rate
1992,A,American Indian or Alaska Native,75,84,All Origins,3,48,neo_lung,total,3449.29250164025,666,nvss,Deaths,age-adjusted rate
1992,A,American Indian or Alaska Native,55,64,All Origins,3,48,t2_dm,total,2181.2245861547,666,nvss,Deaths,age-adjusted rate
1992,A,American Indian or Alaska Native,25,34,All Origins,3,49,all-cause,overall,1506.38812825178,666,nvss,Deaths,age-adjusted rate
1992,A,American Indian or Alaska Native,45,54,All Origins,3,49,all-cause,overall,11236.2272062794,666,nvss,Deaths,age-adjusted rate
1992,A,American Indian or Alaska Native,35,44,All Origins,4,17,all-cause,overall,4065.34157650214,666,nvss,Deaths,age-adjusted rate
1992,A,American Indian or Alaska Native,55,64,All Origins,4,17,all-cause,overall,3116.034070519,666,nvss,Deaths,age-adjusted rate
1992,A,American Indian or Alaska Native,65,74,All Origins,4,17,all-cause,overall,3301.76330510577,666,nvss,Deaths,age-adjusted rate
1992,A,American Indian or Alaska Native,35,44,All Origins,4,17,ncd_lri,total,4065.34157650214,666,nvss,Deaths,age-adjusted rate
1992,A,American Indian or Alaska Native,55,64,All Origins,4,17,ncd_lri,total,3116.034070519,666,nvss,Deaths,age-adjusted rate
1992,A,American Indian or Alaska Native,65,74,All Origins,4,17,ncd_lri,total,3301.76330510577,666,nvss,Deaths,age-adjusted rate
1992,A,American Indian or Alaska Native,65,74,All Origins,4,17,t2_dm,total,3301.76330510577,666,nvss,Deaths,age-adjusted rate
1992,A,American Indian or Alaska Native,55,64,All Origins,4,18,all-cause,overall,717228.310891399,666,nvss,Deaths,age-adjusted rate
1992,A,American Indian or Alaska Native,75,84,All Origins,4,18,all-cause,overall,107726.276185136,666,nvss,Deaths,age-adjusted rate
1992,A,American Indian or Alaska Native,55,64,All Origins,4,18,cvd_ihd,total,717228.310891399,666,nvss,Deaths,age-adjusted rate
1992,A,American Indian or Alaska Native,55,64,All Origins,4,18,ncd_lri,total,717228.310891399,666,nvss,Deaths,age-adjusted rate
1992,A,American Indian or Alaska Native,75,84,All Origins,4,18,ncd_lri,total,107726.276185136,666,nvss,Deaths,age-adjusted rate
1992,A,American Indian or Alaska Native,45,54,All Origins,4,22,all-cause,overall,2174.75365099573,666,nvss,Deaths,age-adjusted rate
1992,A,American Indian or Alaska Native,75,84,All Origins,4,22,all-cause,overall,1724.64625137721,666,nvss,Deaths,age-adjusted rate
1992,A,American Indian or Alaska Native,45,54,All Origins,4,22,ncd_lri,total,2174.75365099573,666,nvss,Deaths,age-adjusted rate
1992,A,American Indian or Alaska Native,35,44,All Origins,4,27,all-cause,overall,10163.354417149,666,nvss,Deaths,age-adjusted rate
1992,A,American Indian or Alaska Native,25,34,All Origins,4,46,all-cause,overall,270.069592994726,666,nvss,Deaths,age-adjusted rate
1992,A,American Indian or Alaska Native,45,54,All Origins,4,46,all-cause,overall,1605.17536195245,666,nvss,Deaths,age-adjusted rate
1992,A,American Indian or Alaska Native,65,74,All Origins,4,46,all-cause,overall,1572.26900756907,666,nvss,Deaths,age-adjusted rate
1992,A,American Indian or Alaska Native,25,34,All Origins,4,46,ncd_lri,total,270.069592994726,666,nvss,Deaths,age-adjusted rate
1992,A,American Indian or Alaska Native,45,54,All Origins,4,46,ncd_lri,total,1605.17536195245,666,nvss,Deaths,age-adjusted rate
1992,A,American Indian or Alaska Native,65,74,All Origins,4,46,ncd_lri,total,1572.26900756907,666,nvss,Deaths,age-adjusted rate
1992,A,American Indian or Alaska Native,65,74,All Origins,4,46,neo_lung,total,1572.26900756907,666,nvss,Deaths,age-adjusted rate
1992,A,American Indian or Alaska Native,45,54,All Origins,4,48,all-cause,overall,7490.8182072573,666,nvss,Deaths,age-adjusted rate
1992,A,American Indian or Alaska Native,85,150,All Origins,4,48,all-cause,overall,1550.85626288831,666,nvss,Deaths,age-adjusted rate
1992,A,American Indian or Alaska Native,45,54,All Origins,4,48,ncd_lri,total,7490.8182072573,666,nvss,Deaths,age-adjusted rate
1992,A,American Indian or Alaska Native,85,150,All Origins,4,48,ncd_lri,total,1550.85626288831,666,nvss,Deaths,age-adjusted rate
1992,A,American Indian or Alaska Native,25,34,All Origins,4,55,all-cause,overall,80.9402570541733,666,nvss,Deaths,age-adjusted rate
1992,A,American Indian or Alaska Native,35,44,All Origins,4,55,all-cause,overall,61.7833100331734,666,nvss,Deaths,age-adjusted rate
1992,A,American Indian or Alaska Native,45,54,All Origins,4,55,all-cause,overall,72.4139239915653,666,nvss,Deaths,age-adjusted rate
1992,A,American Indian or Alaska Native,55,64,All Origins,4,55,all-cause,overall,337.128991265471,666,nvss,Deaths,age-adjusted rate
1992,A,American Indian or Alaska Native,65,74,All Origins,4,55,all-cause,overall,560.979460403026,666,nvss,Deaths,age-adjusted rate
1992,A,American Indian or Alaska Native,75,84,All Origins,4,55,all-cause,overall,249.115571251789,666,nvss,Deaths,age-adjusted rate
1992,A,American Indian or Alaska Native,85,150,All Origins,4,55,all-cause,overall,596.483174859442,666,nvss,Deaths,age-adjusted rate
1992,A,American Indian or Alaska Native,55,64,All Origins,4,55,cvd_ihd,total,67.4257982530942,666,nvss,Deaths,age-adjusted rate
1992,A,American Indian or Alaska Native,75,84,All Origins,4,55,cvd_ihd,total,124.557785625894,666,nvss,Deaths,age-adjusted rate
1992,A,American Indian or Alaska Native,85,150,All Origins,4,55,cvd_ihd,total,119.296634971888,666,nvss,Deaths,age-adjusted rate
1992,A,American Indian or Alaska Native,25,34,All Origins,4,55,ncd_lri,total,40.4701285270867,666,nvss,Deaths,age-adjusted rate
1992,A,American Indian or Alaska Native,35,44,All Origins,4,55,ncd_lri,total,61.7833100331734,666,nvss,Deaths,age-adjusted rate
1992,A,American Indian or Alaska Native,45,54,All Origins,4,55,ncd_lri,total,72.4139239915653,666,nvss,Deaths,age-adjusted rate
1992,A,American Indian or Alaska Native,55,64,All Origins,4,55,ncd_lri,total,337.128991265471,666,nvss,Deaths,age-adjusted rate
1992,A,American Indian or Alaska Native,65,74,All Origins,4,55,ncd_lri,total,560.979460403026,666,nvss,Deaths,age-adjusted rate
1992,A,American Indian or Alaska Native,75,84,All Origins,4,55,ncd_lri,total,249.115571251789,666,nvss,Deaths,age-adjusted rate
1992,A,American Indian or Alaska Native,85,150,All Origins,4,55,ncd_lri,total,477.186539887554,666,nvss,Deaths,age-adjusted rate
1992,A,American Indian or Alaska Native,55,64,All Origins,4,55,neo_lung,total,134.851596506188,666,nvss,Deaths,age-adjusted rate
1992,A,American Indian or Alaska Native,45,54,All Origins,4,55,resp_copd,total,72.4139239915653,666,nvss,Deaths,age-adjusted rate
1992,A,American Indian or Alaska Native,65,74,All Origins,4,55,resp_copd,total,160.279845829436,666,nvss,Deaths,age-adjusted rate
1992,A,American Indian or Alaska Native,55,64,All Origins,4,55,t2_dm,total,67.4257982530942,666,nvss,Deaths,age-adjusted rate
1992,A,American Indian or Alaska Native,45,54,All Origins,5,36,all-cause,overall,79.7838304953466,666,nvss,Deaths,age-adjusted rate
1992,A,American Indian or Alaska Native,55,64,All Origins,5,36,all-cause,overall,196.80218075357,666,nvss,Deaths,age-adjusted rate
1992,A,American Indian or Alaska Native,65,74,All Origins,5,36,all-cause,overall,139.609337944033,666,nvss,Deaths,age-adjusted rate
1992,A,American Indian or Alaska Native,75,84,All Origins,5,36,all-cause,overall,220.890548976055,666,nvss,Deaths,age-adjusted rate
1992,A,American Indian or Alaska Native,85,150,All Origins,5,36,all-cause,overall,110.775446344266,666,nvss,Deaths,age-adjusted rate
1992,A,American Indian or Alaska Native,75,84,All Origins,5,36,cvd_ihd,total,110.445274488028,666,nvss,Deaths,age-adjusted rate
1992,A,American Indian or Alaska Native,55,64,All Origins,5,36,ncd_lri,total,196.80218075357,666,nvss,Deaths,age-adjusted rate
1992,A,American Indian or Alaska Native,65,74,All Origins,5,36,ncd_lri,total,139.609337944033,666,nvss,Deaths,age-adjusted rate
1992,A,American Indian or Alaska Native,75,84,All Origins,5,36,ncd_lri,total,220.890548976055,666,nvss,Deaths,age-adjusted rate
1992,A,American Indian or Alaska Native,85,150,All Origins,5,36,ncd_lri,total,110.775446344266,666,nvss,Deaths,age-adjusted rate
1992,A,American Indian or Alaska Native,25,34,All Origins,5,37,all-cause,overall,16648.4857305821,666,nvss,Deaths,age-adjusted rate
1992,A,American Indian or Alaska Native,35,44,All Origins,5,37,all-cause,overall,28769.8338348135,666,nvss,Deaths,age-adjusted rate
1992,A,American Indian or Alaska Native,45,54,All Origins,5,37,all-cause,overall,36772.3342411614,666,nvss,Deaths,age-adjusted rate
1992,A,American Indian or Alaska Native,55,64,All Origins,5,37,all-cause,overall,53478.6966399094,666,nvss,Deaths,age-adjusted rate
1992,A,American Indian or Alaska Native,65,74,All Origins,5,37,all-cause,overall,109376.592366374,666,nvss,Deaths,age-adjusted rate
1992,A,American Indian or Alaska Native,75,84,All Origins,5,37,all-cause,overall,194421.436862572,666,nvss,Deaths,age-adjusted rate
1992,A,American Indian or Alaska Native,85,150,All Origins,5,37,all-cause,overall,89174.2343423459,666,nvss,Deaths,age-adjusted rate
1992,A,American Indian or Alaska Native,45,54,All Origins,5,37,cvd_ihd,total,6128.72237352689,666,nvss,Deaths,age-adjusted rate
1992,A,American Indian or Alaska Native,55,64,All Origins,5,37,cvd_ihd,total,1407.33412210288,666,nvss,Deaths,age-adjusted rate
1992,A,American Indian or Alaska Native,65,74,All Origins,5,37,cvd_ihd,total,6191.12786979473,666,nvss,Deaths,age-adjusted rate
1992,A,American Indian or Alaska Native,75,84,All Origins,5,37,cvd_ihd,total,37388.737858187,666,nvss,Deaths,age-adjusted rate
1992,A,American Indian or Alaska Native,85,150,All Origins,5,37,cvd_ihd,total,15508.562494321,666,nvss,Deaths,age-adjusted rate
1992,A,American Indian or Alaska Native,75,84,All Origins,5,37,cvd_stroke,total,3738.8737858187,666,nvss,Deaths,age-adjusted rate
1992,A,American Indian or Alaska Native,25,34,All Origins,5,37,ncd_lri,total,2378.35510436887,666,nvss,Deaths,age-adjusted rate
1992,A,American Indian or Alaska Native,35,44,All Origins,5,37,ncd_lri,total,17512.0727690169,666,nvss,Deaths,age-adjusted rate
1992,A,American Indian or Alaska Native,45,54,All Origins,5,37,ncd_lri,total,30643.6118676345,666,nvss,Deaths,age-adjusted rate
1992,A,American Indian or Alaska Native,55,64,All Origins,5,37,ncd_lri,total,50664.0283957036,666,nvss,Deaths,age-adjusted rate
1992,A,American Indian or Alaska Native,65,74,All Origins,5,37,ncd_lri,total,99058.0459167156,666,nvss,Deaths,age-adjusted rate
1992,A,American Indian or Alaska Native,75,84,All Origins,5,37,ncd_lri,total,175727.067933479,666,nvss,Deaths,age-adjusted rate
1992,A,American Indian or Alaska Native,85,150,All Origins,5,37,ncd_lri,total,81419.9530951854,666,nvss,Deaths,age-adjusted rate
1992,A,American Indian or Alaska Native,45,54,All Origins,5,37,neo_lung,total,3064.36118676345,666,nvss,Deaths,age-adjusted rate
1992,A,American Indian or Alaska Native,55,64,All Origins,5,37,neo_lung,total,9851.33885472015,666,nvss,Deaths,age-adjusted rate
1992,A,American Indian or Alaska Native,65,74,All Origins,5,37,neo_lung,total,12382.2557395895,666,nvss,Deaths,age-adjusted rate
1992,A,American Indian or Alaska Native,75,84,All Origins,5,37,neo_lung,total,7477.74757163739,666,nvss,Deaths,age-adjusted rate
1992,A,American Indian or Alaska Native,35,44,All Origins,5,37,resp_copd,total,1250.86234064407,666,nvss,Deaths,age-adjusted rate
1992,A,American Indian or Alaska Native,55,64,All Origins,5,37,resp_copd,total,2814.66824420576,666,nvss,Deaths,age-adjusted rate
1992,A,American Indian or Alaska Native,65,74,All Origins,5,37,resp_copd,total,6191.12786979473,666,nvss,Deaths,age-adjusted rate
1992,A,American Indian or Alaska Native,75,84,All Origins,5,37,resp_copd,total,3738.8737858187,666,nvss,Deaths,age-adjusted rate
1992,A,American Indian or Alaska Native,35,44,All Origins,5,37,t2_dm,total,1250.86234064407,666,nvss,Deaths,age-adjusted rate
1992,A,American Indian or Alaska Native,55,64,All Origins,5,37,t2_dm,total,4222.00236630863,666,nvss,Deaths,age-adjusted rate
1992,A,American Indian or Alaska Native,65,74,All Origins,5,37,t2_dm,total,6191.12786979473,666,nvss,Deaths,age-adjusted rate
1992,A,American Indian or Alaska Native,75,84,All Origins,5,37,t2_dm,total,11216.6213574561,666,nvss,Deaths,age-adjusted rate
1992,A,American Indian or Alaska Native,85,150,All Origins,5,37,t2_dm,total,3877.14062358026,666,nvss,Deaths,age-adjusted rate
1992,A,American Indian or Alaska Native,45,54,All Origins,666,1,all-cause,overall,6.61603172106737,666,nvss,Deaths,age-adjusted rate
1992,A,American Indian or Alaska Native,55,64,All Origins,666,1,all-cause,overall,24.3033379214632,666,nvss,Deaths,age-adjusted rate
1992,A,American Indian or Alaska Native,65,74,All Origins,666,1,all-cause,overall,46.017628277945,666,nvss,Deaths,age-adjusted rate
1992,A,American Indian or Alaska Native,75,84,All Origins,666,1,all-cause,overall,132.441189885666,666,nvss,Deaths,age-adjusted rate
1992,A,American Indian or Alaska Native,85,150,All Origins,666,1,all-cause,overall,60.8178921345924,666,nvss,Deaths,age-adjusted rate
1992,A,American Indian or Alaska Native,75,84,All Origins,666,1,cvd_stroke,total,18.9201699836665,666,nvss,Deaths,age-adjusted rate
1992,A,American Indian or Alaska Native,45,54,All Origins,666,1,ncd_lri,total,6.61603172106737,666,nvss,Deaths,age-adjusted rate
1992,A,American Indian or Alaska Native,55,64,All Origins,666,1,ncd_lri,total,24.3033379214632,666,nvss,Deaths,age-adjusted rate
1992,A,American Indian or Alaska Native,65,74,All Origins,666,1,ncd_lri,total,46.017628277945,666,nvss,Deaths,age-adjusted rate
1992,A,American Indian or Alaska Native,75,84,All Origins,666,1,ncd_lri,total,132.441189885666,666,nvss,Deaths,age-adjusted rate
1992,A,American Indian or Alaska Native,85,150,All Origins,666,1,ncd_lri,total,30.4089460672962,666,nvss,Deaths,age-adjusted rate
1992,A,American Indian or Alaska Native,65,74,All Origins,666,1,neo_lung,total,23.0088141389725,666,nvss,Deaths,age-adjusted rate
1992,A,American Indian or Alaska Native,75,84,All Origins,666,1,neo_lung,total,18.9201699836665,666,nvss,Deaths,age-adjusted rate
1992,A,American Indian or Alaska Native,55,64,All Origins,666,1,t2_dm,total,8.10111264048772,666,nvss,Deaths,age-adjusted rate
1992,A,American Indian or Alaska Native,65,74,All Origins,666,1,t2_dm,total,11.5044070694862,666,nvss,Deaths,age-adjusted rate
1992,A,American Indian or Alaska Native,25,34,All Origins,666,2,all-cause,overall,64.5945330828461,666,nvss,Deaths,age-adjusted rate
1992,A,American Indian or Alaska Native,35,44,All Origins,666,2,all-cause,overall,56.4853680520064,666,nvss,Deaths,age-adjusted rate
1992,A,American Indian or Alaska Native,45,54,All Origins,666,2,all-cause,overall,73.0151948422489,666,nvss,Deaths,age-adjusted rate
1992,A,American Indian or Alaska Native,55,64,All Origins,666,2,all-cause,overall,154.776948361305,666,nvss,Deaths,age-adjusted rate
1992,A,American Indian or Alaska Native,65,74,All Origins,666,2,all-cause,overall,228.754297091813,666,nvss,Deaths,age-adjusted rate
1992,A,American Indian or Alaska Native,75,84,All Origins,666,2,all-cause,overall,306.280234432447,666,nvss,Deaths,age-adjusted rate
1992,A,American Indian or Alaska Native,85,150,All Origins,666,2,all-cause,overall,255.435146965288,666,nvss,Deaths,age-adjusted rate
1992,A,American Indian or Alaska Native,45,54,All Origins,666,2,cvd_ihd,total,1.87218448313459,666,nvss,Deaths,age-adjusted rate
1992,A,American Indian or Alaska Native,55,64,All Origins,666,2,cvd_ihd,total,5.21720050656086,666,nvss,Deaths,age-adjusted rate
1992,A,American Indian or Alaska Native,65,74,All Origins,666,2,cvd_ihd,total,11.6711376067252,666,nvss,Deaths,age-adjusted rate
1992,A,American Indian or Alaska Native,75,84,All Origins,666,2,cvd_ihd,total,27.5308075894334,666,nvss,Deaths,age-adjusted rate
1992,A,American Indian or Alaska Native,85,150,All Origins,666,2,cvd_ihd,total,22.8067095504722,666,nvss,Deaths,age-adjusted rate
1992,A,American Indian or Alaska Native,55,64,All Origins,666,2,cvd_stroke,total,1.73906683552029,666,nvss,Deaths,age-adjusted rate
1992,A,American Indian or Alaska Native,65,74,All Origins,666,2,cvd_stroke,total,9.33691008538014,666,nvss,Deaths,age-adjusted rate
1992,A,American Indian or Alaska Native,75,84,All Origins,666,2,cvd_stroke,total,3.44135094867918,666,nvss,Deaths,age-adjusted rate
1992,A,American Indian or Alaska Native,75,84,All Origins,666,2,lri,total,3.44135094867918,666,nvss,Deaths,age-adjusted rate
1992,A,American Indian or Alaska Native,85,150,All Origins,666,2,lri,total,4.56134191009443,666,nvss,Deaths,age-adjusted rate
1992,A,American Indian or Alaska Native,25,34,All Origins,666,2,ncd_lri,total,10.6294801275569,666,nvss,Deaths,age-adjusted rate
1992,A,American Indian or Alaska Native,35,44,All Origins,666,2,ncd_lri,total,28.2426840260032,666,nvss,Deaths,age-adjusted rate
1992,A,American Indian or Alaska Native,45,54,All Origins,666,2,ncd_lri,total,48.6767965614993,666,nvss,Deaths,age-adjusted rate
1992,A,American Indian or Alaska Native,55,64,All Origins,666,2,ncd_lri,total,130.430012664021,666,nvss,Deaths,age-adjusted rate
1992,A,American Indian or Alaska Native,65,74,All Origins,666,2,ncd_lri,total,210.080476921053,666,nvss,Deaths,age-adjusted rate
1992,A,American Indian or Alaska Native,75,84,All Origins,666,2,ncd_lri,total,282.190777791692,666,nvss,Deaths,age-adjusted rate
1992,A,American Indian or Alaska Native,85,150,All Origins,666,2,ncd_lri,total,200.699044044155,666,nvss,Deaths,age-adjusted rate
1992,A,American Indian or Alaska Native,45,54,All Origins,666,2,neo_lung,total,1.87218448313459,666,nvss,Deaths,age-adjusted rate
1992,A,American Indian or Alaska Native,55,64,All Origins,666,2,neo_lung,total,22.6078688617637,666,nvss,Deaths,age-adjusted rate
1992,A,American Indian or Alaska Native,65,74,All Origins,666,2,neo_lung,total,9.33691008538014,666,nvss,Deaths,age-adjusted rate
1992,A,American Indian or Alaska Native,75,84,All Origins,666,2,neo_lung,total,20.6481056920751,666,nvss,Deaths,age-adjusted rate
1992,A,American Indian or Alaska Native,85,150,All Origins,666,2,neo_lung,total,13.6840257302833,666,nvss,Deaths,age-adjusted rate
1992,A,American Indian or Alaska Native,55,64,All Origins,666,2,resp_copd,total,6.95626734208114,666,nvss,Deaths,age-adjusted rate
1992,A,American Indian or Alaska Native,65,74,All Origins,666,2,resp_copd,total,21.0080476921053,666,nvss,Deaths,age-adjusted rate
1992,A,American Indian or Alaska Native,75,84,All Origins,666,2,resp_copd,total,27.5308075894334,666,nvss,Deaths,age-adjusted rate
1992,A,American Indian or Alaska Native,85,150,All Origins,666,2,resp_copd,total,4.56134191009443,666,nvss,Deaths,age-adjusted rate
1992,A,American Indian or Alaska Native,35,44,All Origins,666,2,t2_dm,total,1.28375836481833,666,nvss,Deaths,age-adjusted rate
1992,A,American Indian or Alaska Native,45,54,All Origins,666,2,t2_dm,total,1.87218448313459,666,nvss,Deaths,age-adjusted rate
1992,A,American Indian or Alaska Native,55,64,All Origins,666,2,t2_dm,total,5.21720050656086,666,nvss,Deaths,age-adjusted rate
1992,A,American Indian or Alaska Native,65,74,All Origins,666,2,t2_dm,total,9.33691008538014,666,nvss,Deaths,age-adjusted rate
1992,A,American Indian or Alaska Native,75,84,All Origins,666,2,t2_dm,total,10.3240528460375,666,nvss,Deaths,age-adjusted rate
1992,A,American Indian or Alaska Native,25,34,All Origins,666,4,all-cause,overall,39.2920420017706,666,nvss,Deaths,age-adjusted rate
1992,A,American Indian or Alaska Native,35,44,All Origins,666,4,all-cause,overall,84.6946208705924,666,nvss,Deaths,age-adjusted rate
1992,A,American Indian or Alaska Native,45,54,All Origins,666,4,all-cause,overall,117.524366639131,666,nvss,Deaths,age-adjusted rate
1992,A,American Indian or Alaska Native,55,64,All Origins,666,4,all-cause,overall,143.648798149021,666,nvss,Deaths,age-adjusted rate
1992,A,American Indian or Alaska Native,65,74,All Origins,666,4,all-cause,overall,172.703319116984,666,nvss,Deaths,age-adjusted rate
1992,A,American Indian or Alaska Native,75,84,All Origins,666,4,all-cause,overall,264.675569668449,666,nvss,Deaths,age-adjusted rate
1992,A,American Indian or Alaska Native,85,150,All Origins,666,4,all-cause,overall,183.212635124259,666,nvss,Deaths,age-adjusted rate
1992,A,American Indian or Alaska Native,45,54,All Origins,666,4,cvd_ihd,total,2.44842430498189,666,nvss,Deaths,age-adjusted rate
1992,A,American Indian or Alaska Native,55,64,All Origins,666,4,cvd_ihd,total,7.06469499093544,666,nvss,Deaths,age-adjusted rate
1992,A,American Indian or Alaska Native,65,74,All Origins,666,4,cvd_ihd,total,8.54027402226842,666,nvss,Deaths,age-adjusted rate
1992,A,American Indian or Alaska Native,75,84,All Origins,666,4,cvd_ihd,total,16.8047980741873,666,nvss,Deaths,age-adjusted rate
1992,A,American Indian or Alaska Native,85,150,All Origins,666,4,cvd_ihd,total,11.6120684233685,666,nvss,Deaths,age-adjusted rate
1992,A,American Indian or Alaska Native,25,34,All Origins,666,4,cvd_stroke,total,0.347717185856377,666,nvss,Deaths,age-adjusted rate
1992,A,American Indian or Alaska Native,35,44,All Origins,666,4,cvd_stroke,total,0.588157089379114,666,nvss,Deaths,age-adjusted rate
1992,A,American Indian or Alaska Native,45,54,All Origins,666,4,cvd_stroke,total,0.816141434993965,666,nvss,Deaths,age-adjusted rate
1992,A,American Indian or Alaska Native,55,64,All Origins,666,4,cvd_stroke,total,3.13986444041575,666,nvss,Deaths,age-adjusted rate
1992,A,American Indian or Alaska Native,65,74,All Origins,666,4,cvd_stroke,total,2.84675800742281,666,nvss,Deaths,age-adjusted rate
1992,A,American Indian or Alaska Native,75,84,All Origins,666,4,cvd_stroke,total,1.4003998395156,666,nvss,Deaths,age-adjusted rate
1992,A,American Indian or Alaska Native,85,150,All Origins,666,4,cvd_stroke,total,5.1609192992749,666,nvss,Deaths,age-adjusted rate
1992,A,American Indian or Alaska Native,85,150,All Origins,666,4,lri,total,1.29022982481872,666,nvss,Deaths,age-adjusted rate
1992,A,American Indian or Alaska Native,25,34,All Origins,666,4,ncd_lri,total,15.2995561776806,666,nvss,Deaths,age-adjusted rate
1992,A,American Indian or Alaska Native,35,44,All Origins,666,4,ncd_lri,total,42.9354675246753,666,nvss,Deaths,age-adjusted rate
1992,A,American Indian or Alaska Native,45,54,All Origins,666,4,ncd_lri,total,88.9594164143422,666,nvss,Deaths,age-adjusted rate
1992,A,American Indian or Alaska Native,55,64,All Origins,666,4,ncd_lri,total,111.465187634759,666,nvss,Deaths,age-adjusted rate
1992,A,American Indian or Alaska Native,65,74,All Origins,666,4,ncd_lri,total,133.797626348872,666,nvss,Deaths,age-adjusted rate
1992,A,American Indian or Alaska Native,75,84,All Origins,666,4,ncd_lri,total,197.4563773717,666,nvss,Deaths,age-adjusted rate
1992,A,American Indian or Alaska Native,85,150,All Origins,666,4,ncd_lri,total,140.635050905241,666,nvss,Deaths,age-adjusted rate
1992,A,American Indian or Alaska Native,45,54,All Origins,666,4,neo_lung,total,0.816141434993965,666,nvss,Deaths,age-adjusted rate
1992,A,American Indian or Alaska Native,55,64,All Origins,666,4,neo_lung,total,0.784966110103938,666,nvss,Deaths,age-adjusted rate
1992,A,American Indian or Alaska Native,65,74,All Origins,666,4,neo_lung,total,1.8978386716152,666,nvss,Deaths,age-adjusted rate
1992,A,American Indian or Alaska Native,75,84,All Origins,666,4,neo_lung,total,2.80079967903121,666,nvss,Deaths,age-adjusted rate
1992,A,American Indian or Alaska Native,25,34,All Origins,666,4,resp_copd,total,0.347717185856377,666,nvss,Deaths,age-adjusted rate
1992,A,American Indian or Alaska Native,35,44,All Origins,666,4,resp_copd,total,0.588157089379114,666,nvss,Deaths,age-adjusted rate
1992,A,American Indian or Alaska Native,45,54,All Origins,666,4,resp_copd,total,0.816141434993965,666,nvss,Deaths,age-adjusted rate
1992,A,American Indian or Alaska Native,55,64,All Origins,666,4,resp_copd,total,0.784966110103938,666,nvss,Deaths,age-adjusted rate
1992,A,American Indian or Alaska Native,65,74,All Origins,666,4,resp_copd,total,5.69351601484561,666,nvss,Deaths,age-adjusted rate
1992,A,American Indian or Alaska Native,75,84,All Origins,666,4,resp_copd,total,4.20119951854681,666,nvss,Deaths,age-adjusted rate
1992,A,American Indian or Alaska Native,85,150,All Origins,666,4,resp_copd,total,2.58045964963745,666,nvss,Deaths,age-adjusted rate
1992,A,American Indian or Alaska Native,35,44,All Origins,666,4,t2_dm,total,0.588157089379114,666,nvss,Deaths,age-adjusted rate
1992,A,American Indian or Alaska Native,45,54,All Origins,666,4,t2_dm,total,8.97755578493361,666,nvss,Deaths,age-adjusted rate
1992,A,American Indian or Alaska Native,55,64,All Origins,666,4,t2_dm,total,25.90388163343,666,nvss,Deaths,age-adjusted rate
1992,A,American Indian or Alaska Native,65,74,All Origins,666,4,t2_dm,total,20.8762253877673,666,nvss,Deaths,age-adjusted rate
1992,A,American Indian or Alaska Native,75,84,All Origins,666,4,t2_dm,total,16.8047980741873,666,nvss,Deaths,age-adjusted rate
1992,A,American Indian or Alaska Native,25,34,All Origins,666,5,all-cause,overall,13.1562281189133,666,nvss,Deaths,age-adjusted rate
1992,A,American Indian or Alaska Native,35,44,All Origins,666,5,all-cause,overall,7.54587805436368,666,nvss,Deaths,age-adjusted rate
1992,A,American Indian or Alaska Native,45,54,All Origins,666,5,all-cause,overall,44.1213110194218,666,nvss,Deaths,age-adjusted rate
1992,A,American Indian or Alaska Native,55,64,All Origins,666,5,all-cause,overall,35.831204574149,666,nvss,Deaths,age-adjusted rate
1992,A,American Indian or Alaska Native,65,74,All Origins,666,5,all-cause,overall,70.7521034773404,666,nvss,Deaths,age-adjusted rate
1992,A,American Indian or Alaska Native,75,84,All Origins,666,5,all-cause,overall,36.1619377913626,666,nvss,Deaths,age-adjusted rate
1992,A,American Indian or Alaska Native,85,150,All Origins,666,5,all-cause,overall,80.2167025568331,666,nvss,Deaths,age-adjusted rate
1992,A,American Indian or Alaska Native,65,74,All Origins,666,5,cvd_ihd,total,11.7920172462234,666,nvss,Deaths,age-adjusted rate
1992,A,American Indian or Alaska Native,45,54,All Origins,666,5,cvd_stroke,total,8.82426220388435,666,nvss,Deaths,age-adjusted rate
1992,A,American Indian or Alaska Native,45,54,All Origins,666,5,ncd_lri,total,26.4727866116531,666,nvss,Deaths,age-adjusted rate
1992,A,American Indian or Alaska Native,55,64,All Origins,666,5,ncd_lri,total,26.8734034306117,666,nvss,Deaths,age-adjusted rate
1992,A,American Indian or Alaska Native,65,74,All Origins,666,5,ncd_lri,total,70.7521034773404,666,nvss,Deaths,age-adjusted rate
1992,A,American Indian or Alaska Native,75,84,All Origins,666,5,ncd_lri,total,36.1619377913626,666,nvss,Deaths,age-adjusted rate
1992,A,American Indian or Alaska Native,85,150,All Origins,666,5,ncd_lri,total,80.2167025568331,666,nvss,Deaths,age-adjusted rate
1992,A,American Indian or Alaska Native,55,64,All Origins,666,5,neo_lung,total,17.9156022870745,666,nvss,Deaths,age-adjusted rate
1992,A,American Indian or Alaska Native,65,74,All Origins,666,5,resp_copd,total,23.5840344924468,666,nvss,Deaths,age-adjusted rate
1992,A,American Indian or Alaska Native,25,34,All Origins,666,6,all-cause,overall,10.1589767283496,666,nvss,Deaths,age-adjusted rate
1992,A,American Indian or Alaska Native,35,44,All Origins,666,6,all-cause,overall,20.8257959549725,666,nvss,Deaths,age-adjusted rate
1992,A,American Indian or Alaska Native,45,54,All Origins,666,6,all-cause,overall,33.5610554571753,666,nvss,Deaths,age-adjusted rate
1992,A,American Indian or Alaska Native,55,64,All Origins,666,6,all-cause,overall,49.9285808279317,666,nvss,Deaths,age-adjusted rate
1992,A,American Indian or Alaska Native,65,74,All Origins,666,6,all-cause,overall,74.7523897733936,666,nvss,Deaths,age-adjusted rate
1992,A,American Indian or Alaska Native,75,84,All Origins,666,6,all-cause,overall,90.1913831053487,666,nvss,Deaths,age-adjusted rate
1992,A,American Indian or Alaska Native,85,150,All Origins,666,6,all-cause,overall,83.7614668269387,666,nvss,Deaths,age-adjusted rate
1992,A,American Indian or Alaska Native,35,44,All Origins,666,6,cvd_ihd,total,0.325403061796445,666,nvss,Deaths,age-adjusted rate
1992,A,American Indian or Alaska Native,45,54,All Origins,666,6,cvd_ihd,total,1.69929394719875,666,nvss,Deaths,age-adjusted rate
1992,A,American Indian or Alaska Native,55,64,All Origins,666,6,cvd_ihd,total,5.33217853502183,666,nvss,Deaths,age-adjusted rate
1992,A,American Indian or Alaska Native,65,74,All Origins,666,6,cvd_ihd,total,9.04262779516857,666,nvss,Deaths,age-adjusted rate
1992,A,American Indian or Alaska Native,75,84,All Origins,666,6,cvd_ihd,total,16.6657990520753,666,nvss,Deaths,age-adjusted rate
1992,A,American Indian or Alaska Native,85,150,All Origins,666,6,cvd_ihd,total,13.9602444711564,666,nvss,Deaths,age-adjusted rate
1992,A,American Indian or Alaska Native,25,34,All Origins,666,6,cvd_stroke,total,0.225755038407769,666,nvss,Deaths,age-adjusted rate
1992,A,American Indian or Alaska Native,45,54,All Origins,666,6,cvd_stroke,total,0.424823486799688,666,nvss,Deaths,age-adjusted rate
1992,A,American Indian or Alaska Native,65,74,All Origins,666,6,cvd_stroke,total,0.602841853011238,666,nvss,Deaths,age-adjusted rate
1992,A,American Indian or Alaska Native,85,150,All Origins,666,6,cvd_stroke,total,3.80733940122449,666,nvss,Deaths,age-adjusted rate
1992,A,American Indian or Alaska Native,25,34,All Origins,666,6,ncd_lri,total,4.96661084497091,666,nvss,Deaths,age-adjusted rate
1992,A,American Indian or Alaska Native,35,44,All Origins,666,6,ncd_lri,total,12.3653163482649,666,nvss,Deaths,age-adjusted rate
1992,A,American Indian or Alaska Native,45,54,All Origins,666,6,ncd_lri,total,27.6135266419797,666,nvss,Deaths,age-adjusted rate
1992,A,American Indian or Alaska Native,55,64,All Origins,666,6,ncd_lri,total,45.0811457960937,666,nvss,Deaths,age-adjusted rate
1992,A,American Indian or Alaska Native,65,74,All Origins,666,6,ncd_lri,total,71.7381805083374,666,nvss,Deaths,age-adjusted rate
1992,A,American Indian or Alaska Native,75,84,All Origins,666,6,ncd_lri,total,77.4469485361146,666,nvss,Deaths,age-adjusted rate
1992,A,American Indian or Alaska Native,85,150,All Origins,666,6,ncd_lri,total,67.2629960882993,666,nvss,Deaths,age-adjusted rate
1992,A,American Indian or Alaska Native,35,44,All Origins,666,6,neo_lung,total,0.325403061796445,666,nvss,Deaths,age-adjusted rate
1992,A,American Indian or Alaska Native,45,54,All Origins,666,6,neo_lung,total,2.12411743399844,666,nvss,Deaths,age-adjusted rate
1992,A,American Indian or Alaska Native,55,64,All Origins,666,6,neo_lung,total,2.90846101910282,666,nvss,Deaths,age-adjusted rate
1992,A,American Indian or Alaska Native,65,74,All Origins,666,6,neo_lung,total,7.23410223613486,666,nvss,Deaths,age-adjusted rate
1992,A,American Indian or Alaska Native,75,84,All Origins,666,6,neo_lung,total,4.90170560355156,666,nvss,Deaths,age-adjusted rate
1992,A,American Indian or Alaska Native,85,150,All Origins,666,6,neo_lung,total,2.53822626748299,666,nvss,Deaths,age-adjusted rate
1992,A,American Indian or Alaska Native,55,64,All Origins,666,6,resp_copd,total,1.93897401273521,666,nvss,Deaths,age-adjusted rate
1992,A,American Indian or Alaska Native,65,74,All Origins,666,6,resp_copd,total,2.41136741204495,666,nvss,Deaths,age-adjusted rate
1992,A,American Indian or Alaska Native,75,84,All Origins,666,6,resp_copd,total,1.96068224142062,666,nvss,Deaths,age-adjusted rate
1992,A,American Indian or Alaska Native,85,150,All Origins,666,6,resp_copd,total,3.80733940122449,666,nvss,Deaths,age-adjusted rate
1992,A,American Indian or Alaska Native,45,54,All Origins,666,6,t2_dm,total,1.27447046039906,666,nvss,Deaths,age-adjusted rate
1992,A,American Indian or Alaska Native,55,64,All Origins,666,6,t2_dm,total,3.39320452228662,666,nvss,Deaths,age-adjusted rate
1992,A,American Indian or Alaska Native,65,74,All Origins,666,6,t2_dm,total,4.82273482408991,666,nvss,Deaths,age-adjusted rate
1992,A,American Indian or Alaska Native,75,84,All Origins,666,6,t2_dm,total,2.94102336213094,666,nvss,Deaths,age-adjusted rate
1992,A,American Indian or Alaska Native,85,150,All Origins,666,6,t2_dm,total,2.53822626748299,666,nvss,Deaths,age-adjusted rate
1992,A,American Indian or Alaska Native,25,34,All Origins,666,8,all-cause,overall,16.2462469461236,666,nvss,Deaths,age-adjusted rate
1992,A,American Indian or Alaska Native,35,44,All Origins,666,8,all-cause,overall,33.1977554416204,666,nvss,Deaths,age-adjusted rate
1992,A,American Indian or Alaska Native,45,54,All Origins,666,8,all-cause,overall,46.8768012398509,666,nvss,Deaths,age-adjusted rate
1992,A,American Indian or Alaska Native,55,64,All Origins,666,8,all-cause,overall,60.6278467794428,666,nvss,Deaths,age-adjusted rate
1992,A,American Indian or Alaska Native,65,74,All Origins,666,8,all-cause,overall,103.992593037561,666,nvss,Deaths,age-adjusted rate
1992,A,American Indian or Alaska Native,75,84,All Origins,666,8,all-cause,overall,165.60523783999,666,nvss,Deaths,age-adjusted rate
1992,A,American Indian or Alaska Native,85,150,All Origins,666,8,all-cause,overall,63.9528350281281,666,nvss,Deaths,age-adjusted rate
1992,A,American Indian or Alaska Native,65,74,All Origins,666,8,cvd_ihd,total,7.42804235982576,666,nvss,Deaths,age-adjusted rate
1992,A,American Indian or Alaska Native,75,84,All Origins,666,8,cvd_ihd,total,25.47772889846,666,nvss,Deaths,age-adjusted rate
1992,A,American Indian or Alaska Native,25,34,All Origins,666,8,ncd_lri,total,8.12312347306179,666,nvss,Deaths,age-adjusted rate
1992,A,American Indian or Alaska Native,35,44,All Origins,666,8,ncd_lri,total,22.1318369610803,666,nvss,Deaths,age-adjusted rate
1992,A,American Indian or Alaska Native,45,54,All Origins,666,8,ncd_lri,total,42.6152738544099,666,nvss,Deaths,age-adjusted rate
1992,A,American Indian or Alaska Native,55,64,All Origins,666,8,ncd_lri,total,55.116224344948,666,nvss,Deaths,age-adjusted rate
1992,A,American Indian or Alaska Native,65,74,All Origins,666,8,ncd_lri,total,89.1365083179092,666,nvss,Deaths,age-adjusted rate
1992,A,American Indian or Alaska Native,75,84,All Origins,666,8,ncd_lri,total,165.60523783999,666,nvss,Deaths,age-adjusted rate
1992,A,American Indian or Alaska Native,85,150,All Origins,666,8,ncd_lri,total,31.9764175140641,666,nvss,Deaths,age-adjusted rate
1992,A,American Indian or Alaska Native,45,54,All Origins,666,8,neo_lung,total,4.26152738544099,666,nvss,Deaths,age-adjusted rate
1992,A,American Indian or Alaska Native,55,64,All Origins,666,8,neo_lung,total,16.5348673034844,666,nvss,Deaths,age-adjusted rate
1992,A,American Indian or Alaska Native,65,74,All Origins,666,8,neo_lung,total,7.42804235982576,666,nvss,Deaths,age-adjusted rate
1992,A,American Indian or Alaska Native,75,84,All Origins,666,8,neo_lung,total,12.73886444923,666,nvss,Deaths,age-adjusted rate
1992,A,American Indian or Alaska Native,65,74,All Origins,666,8,resp_copd,total,7.42804235982576,666,nvss,Deaths,age-adjusted rate
1992,A,American Indian or Alaska Native,75,84,All Origins,666,8,resp_copd,total,12.73886444923,666,nvss,Deaths,age-adjusted rate
1992,A,American Indian or Alaska Native,85,150,All Origins,666,8,resp_copd,total,15.988208757032,666,nvss,Deaths,age-adjusted rate
1992,A,American Indian or Alaska Native,65,74,All Origins,666,8,t2_dm,total,7.42804235982576,666,nvss,Deaths,age-adjusted rate
1992,A,American Indian or Alaska Native,25,34,All Origins,666,9,all-cause,overall,8.80356693281827,666,nvss,Deaths,age-adjusted rate
1992,A,American Indian or Alaska Native,45,54,All Origins,666,9,all-cause,overall,16.7913731600689,666,nvss,Deaths,age-adjusted rate
1992,A,American Indian or Alaska Native,55,64,All Origins,666,9,all-cause,overall,53.2005994744224,666,nvss,Deaths,age-adjusted rate
1992,A,American Indian or Alaska Native,65,74,All Origins,666,9,all-cause,overall,42.6034171476458,666,nvss,Deaths,age-adjusted rate
1992,A,American Indian or Alaska Native,75,84,All Origins,666,9,all-cause,overall,123.698766513903,666,nvss,Deaths,age-adjusted rate
1992,A,American Indian or Alaska Native,85,150,All Origins,666,9,all-cause,overall,75.6515243625418,666,nvss,Deaths,age-adjusted rate
1992,A,American Indian or Alaska Native,85,150,All Origins,666,9,cvd_ihd,total,37.8257621812709,666,nvss,Deaths,age-adjusted rate
1992,A,American Indian or Alaska Native,45,54,All Origins,666,9,ncd_lri,total,16.7913731600689,666,nvss,Deaths,age-adjusted rate
1992,A,American Indian or Alaska Native,55,64,All Origins,666,9,ncd_lri,total,53.2005994744224,666,nvss,Deaths,age-adjusted rate
1992,A,American Indian or Alaska Native,65,74,All Origins,666,9,ncd_lri,total,42.6034171476458,666,nvss,Deaths,age-adjusted rate
1992,A,American Indian or Alaska Native,75,84,All Origins,666,9,ncd_lri,total,92.7740748854269,666,nvss,Deaths,age-adjusted rate
1992,A,American Indian or Alaska Native,85,150,All Origins,666,9,ncd_lri,total,75.6515243625418,666,nvss,Deaths,age-adjusted rate
1992,A,American Indian or Alaska Native,55,64,All Origins,666,9,resp_copd,total,17.7335331581408,666,nvss,Deaths,age-adjusted rate
1992,A,American Indian or Alaska Native,75,84,All Origins,666,9,resp_copd,total,30.9246916284756,666,nvss,Deaths,age-adjusted rate
1992,A,American Indian or Alaska Native,75,84,All Origins,666,9,t2_dm,total,30.9246916284756,666,nvss,Deaths,age-adjusted rate
1992,A,American Indian or Alaska Native,55,64,All Origins,666,10,all-cause,overall,91.3601917675945,666,nvss,Deaths,age-adjusted rate
1992,A,American Indian or Alaska Native,65,74,All Origins,666,10,all-cause,overall,59.4912581791451,666,nvss,Deaths,age-adjusted rate
1992,A,American Indian or Alaska Native,75,84,All Origins,666,10,all-cause,overall,284.703510230411,666,nvss,Deaths,age-adjusted rate
1992,A,American Indian or Alaska Native,85,150,All Origins,666,10,all-cause,overall,232.628437414816,666,nvss,Deaths,age-adjusted rate
1992,A,American Indian or Alaska Native,55,64,All Origins,666,10,ncd_lri,total,91.3601917675945,666,nvss,Deaths,age-adjusted rate
1992,A,American Indian or Alaska Native,65,74,All Origins,666,10,ncd_lri,total,59.4912581791451,666,nvss,Deaths,age-adjusted rate
1992,A,American Indian or Alaska Native,75,84,All Origins,666,10,ncd_lri,total,213.527632672808,666,nvss,Deaths,age-adjusted rate
1992,A,American Indian or Alaska Native,85,150,All Origins,666,10,ncd_lri,total,155.085624943211,666,nvss,Deaths,age-adjusted rate
1992,A,American Indian or Alaska Native,55,64,All Origins,666,10,neo_lung,total,45.6800958837972,666,nvss,Deaths,age-adjusted rate
1992,A,American Indian or Alaska Native,75,84,All Origins,666,10,neo_lung,total,71.1758775576026,666,nvss,Deaths,age-adjusted rate
1992,A,American Indian or Alaska Native,75,84,All Origins,666,10,resp_copd,total,71.1758775576026,666,nvss,Deaths,age-adjusted rate
1992,A,American Indian or Alaska Native,35,44,All Origins,666,11,all-cause,overall,58.7052967767283,666,nvss,Deaths,age-adjusted rate
1992,A,American Indian or Alaska Native,75,84,All Origins,666,11,all-cause,overall,194.96001244039,666,nvss,Deaths,age-adjusted rate
1992,A,American Indian or Alaska Native,35,44,All Origins,666,11,ncd_lri,total,58.7052967767283,666,nvss,Deaths,age-adjusted rate
1992,A,American Indian or Alaska Native,75,84,All Origins,666,11,ncd_lri,total,194.96001244039,666,nvss,Deaths,age-adjusted rate
1992,A,American Indian or Alaska Native,75,84,All Origins,666,11,t2_dm,total,64.9866708134633,666,nvss,Deaths,age-adjusted rate
1992,A,American Indian or Alaska Native,25,34,All Origins,666,12,all-cause,overall,11.7599072535045,666,nvss,Deaths,age-adjusted rate
1992,A,American Indian or Alaska Native,35,44,All Origins,666,12,all-cause,overall,8.48271633132694,666,nvss,Deaths,age-adjusted rate
1992,A,American Indian or Alaska Native,45,54,All Origins,666,12,all-cause,overall,28.6091081000112,666,nvss,Deaths,age-adjusted rate
1992,A,American Indian or Alaska Native,55,64,All Origins,666,12,all-cause,overall,43.2997434928301,666,nvss,Deaths,age-adjusted rate
1992,A,American Indian or Alaska Native,65,74,All Origins,666,12,all-cause,overall,66.0352965788511,666,nvss,Deaths,age-adjusted rate
1992,A,American Indian or Alaska Native,75,84,All Origins,666,12,all-cause,overall,38.4899595375877,666,nvss,Deaths,age-adjusted rate
1992,A,American Indian or Alaska Native,85,150,All Origins,666,12,all-cause,overall,55.3877231940038,666,nvss,Deaths,age-adjusted rate
1992,A,American Indian or Alaska Native,25,34,All Origins,666,12,cvd_ihd,total,1.67998675050064,666,nvss,Deaths,age-adjusted rate
1992,A,American Indian or Alaska Native,45,54,All Origins,666,12,cvd_ihd,total,5.72182162000225,666,nvss,Deaths,age-adjusted rate
1992,A,American Indian or Alaska Native,55,64,All Origins,666,12,cvd_ihd,total,3.09283882091644,666,nvss,Deaths,age-adjusted rate
1992,A,American Indian or Alaska Native,65,74,All Origins,666,12,cvd_ihd,total,7.7688584210413,666,nvss,Deaths,age-adjusted rate
1992,A,American Indian or Alaska Native,75,84,All Origins,666,12,cvd_ihd,total,6.41499325626462,666,nvss,Deaths,age-adjusted rate
1992,A,American Indian or Alaska Native,85,150,All Origins,666,12,cvd_ihd,total,9.23128719900064,666,nvss,Deaths,age-adjusted rate
1992,A,American Indian or Alaska Native,55,64,All Origins,666,12,cvd_stroke,total,3.09283882091644,666,nvss,Deaths,age-adjusted rate
1992,A,American Indian or Alaska Native,25,34,All Origins,666,12,ncd_lri,total,5.03996025150191,666,nvss,Deaths,age-adjusted rate
1992,A,American Indian or Alaska Native,35,44,All Origins,666,12,ncd_lri,total,4.24135816566347,666,nvss,Deaths,age-adjusted rate
1992,A,American Indian or Alaska Native,45,54,All Origins,666,12,ncd_lri,total,22.887286480009,666,nvss,Deaths,age-adjusted rate
1992,A,American Indian or Alaska Native,55,64,All Origins,666,12,ncd_lri,total,43.2997434928301,666,nvss,Deaths,age-adjusted rate
1992,A,American Indian or Alaska Native,65,74,All Origins,666,12,ncd_lri,total,66.0352965788511,666,nvss,Deaths,age-adjusted rate
1992,A,American Indian or Alaska Native,75,84,All Origins,666,12,ncd_lri,total,38.4899595375877,666,nvss,Deaths,age-adjusted rate
1992,A,American Indian or Alaska Native,85,150,All Origins,666,12,ncd_lri,total,55.3877231940038,666,nvss,Deaths,age-adjusted rate
1992,A,American Indian or Alaska Native,45,54,All Origins,666,12,neo_lung,total,2.86091081000112,666,nvss,Deaths,age-adjusted rate
1992,A,American Indian or Alaska Native,55,64,All Origins,666,12,neo_lung,total,3.09283882091644,666,nvss,Deaths,age-adjusted rate
1992,A,American Indian or Alaska Native,65,74,All Origins,666,12,neo_lung,total,27.1910044736445,666,nvss,Deaths,age-adjusted rate
1992,A,American Indian or Alaska Native,55,64,All Origins,666,12,resp_copd,total,3.09283882091644,666,nvss,Deaths,age-adjusted rate
1992,A,American Indian or Alaska Native,75,84,All Origins,666,12,resp_copd,total,6.41499325626462,666,nvss,Deaths,age-adjusted rate
1992,A,American Indian or Alaska Native,85,150,All Origins,666,12,resp_copd,total,9.23128719900064,666,nvss,Deaths,age-adjusted rate
1992,A,American Indian or Alaska Native,35,44,All Origins,666,13,all-cause,overall,6.00271953014166,666,nvss,Deaths,age-adjusted rate
1992,A,American Indian or Alaska Native,65,74,All Origins,666,13,all-cause,overall,53.9798064677257,666,nvss,Deaths,age-adjusted rate
1992,A,American Indian or Alaska Native,75,84,All Origins,666,13,all-cause,overall,119.04637927776,666,nvss,Deaths,age-adjusted rate
1992,A,American Indian or Alaska Native,85,150,All Origins,666,13,all-cause,overall,103.390416628807,666,nvss,Deaths,age-adjusted rate
1992,A,American Indian or Alaska Native,35,44,All Origins,666,13,ncd_lri,total,6.00271953014166,666,nvss,Deaths,age-adjusted rate
1992,A,American Indian or Alaska Native,65,74,All Origins,666,13,ncd_lri,total,53.9798064677257,666,nvss,Deaths,age-adjusted rate
1992,A,American Indian or Alaska Native,75,84,All Origins,666,13,ncd_lri,total,119.04637927776,666,nvss,Deaths,age-adjusted rate
1992,A,American Indian or Alaska Native,85,150,All Origins,666,13,ncd_lri,total,103.390416628807,666,nvss,Deaths,age-adjusted rate
1992,A,American Indian or Alaska Native,35,44,All Origins,666,13,neo_lung,total,6.00271953014166,666,nvss,Deaths,age-adjusted rate
1992,A,American Indian or Alaska Native,75,84,All Origins,666,13,neo_lung,total,39.6821264259201,666,nvss,Deaths,age-adjusted rate
1992,A,American Indian or Alaska Native,25,34,All Origins,666,15,all-cause,overall,12.8142656678073,666,nvss,Deaths,age-adjusted rate
1992,A,American Indian or Alaska Native,35,44,All Origins,666,15,all-cause,overall,31.1819121901318,666,nvss,Deaths,age-adjusted rate
1992,A,American Indian or Alaska Native,45,54,All Origins,666,15,all-cause,overall,79.6268069736336,666,nvss,Deaths,age-adjusted rate
1992,A,American Indian or Alaska Native,55,64,All Origins,666,15,all-cause,overall,71.2236597045328,666,nvss,Deaths,age-adjusted rate
1992,A,American Indian or Alaska Native,65,74,All Origins,666,15,all-cause,overall,420.224614592688,666,nvss,Deaths,age-adjusted rate
1992,A,American Indian or Alaska Native,75,84,All Origins,666,15,all-cause,overall,747.346714354828,666,nvss,Deaths,age-adjusted rate
1992,A,American Indian or Alaska Native,85,150,All Origins,666,15,all-cause,overall,775.428124716054,666,nvss,Deaths,age-adjusted rate
1992,A,American Indian or Alaska Native,65,74,All Origins,666,15,cvd_ihd,total,60.0320877989555,666,nvss,Deaths,age-adjusted rate
1992,A,American Indian or Alaska Native,75,84,All Origins,666,15,cvd_ihd,total,149.469342870966,666,nvss,Deaths,age-adjusted rate
1992,A,American Indian or Alaska Native,35,44,All Origins,666,15,cvd_stroke,total,15.5909560950659,666,nvss,Deaths,age-adjusted rate
1992,A,American Indian or Alaska Native,55,64,All Origins,666,15,cvd_stroke,total,35.6118298522664,666,nvss,Deaths,age-adjusted rate
1992,A,American Indian or Alaska Native,35,44,All Origins,666,15,ncd_lri,total,31.1819121901318,666,nvss,Deaths,age-adjusted rate
1992,A,American Indian or Alaska Native,45,54,All Origins,666,15,ncd_lri,total,79.6268069736336,666,nvss,Deaths,age-adjusted rate
1992,A,American Indian or Alaska Native,55,64,All Origins,666,15,ncd_lri,total,35.6118298522664,666,nvss,Deaths,age-adjusted rate
1992,A,American Indian or Alaska Native,65,74,All Origins,666,15,ncd_lri,total,420.224614592688,666,nvss,Deaths,age-adjusted rate
1992,A,American Indian or Alaska Native,75,84,All Origins,666,15,ncd_lri,total,747.346714354828,666,nvss,Deaths,age-adjusted rate
1992,A,American Indian or Alaska Native,85,150,All Origins,666,15,ncd_lri,total,775.428124716054,666,nvss,Deaths,age-adjusted rate
1992,A,American Indian or Alaska Native,45,54,All Origins,666,15,neo_lung,total,26.5422689912112,666,nvss,Deaths,age-adjusted rate
1992,A,American Indian or Alaska Native,65,74,All Origins,666,15,t2_dm,total,60.0320877989555,666,nvss,Deaths,age-adjusted rate
1992,A,American Indian or Alaska Native,75,84,All Origins,666,15,t2_dm,total,298.938685741931,666,nvss,Deaths,age-adjusted rate
1992,A,American Indian or Alaska Native,25,34,All Origins,666,16,all-cause,overall,31.7629669891608,666,nvss,Deaths,age-adjusted rate
1992,A,American Indian or Alaska Native,35,44,All Origins,666,16,all-cause,overall,59.9773802015813,666,nvss,Deaths,age-adjusted rate
1992,A,American Indian or Alaska Native,45,54,All Origins,666,16,all-cause,overall,58.7088794522582,666,nvss,Deaths,age-adjusted rate
1992,A,American Indian or Alaska Native,55,64,All Origins,666,16,all-cause,overall,79.0094284561926,666,nvss,Deaths,age-adjusted rate
1992,A,American Indian or Alaska Native,65,74,All Origins,666,16,all-cause,overall,236.443517162127,666,nvss,Deaths,age-adjusted rate
1992,A,American Indian or Alaska Native,75,84,All Origins,666,16,all-cause,overall,204.986527365896,666,nvss,Deaths,age-adjusted rate
1992,A,American Indian or Alaska Native,85,150,All Origins,666,16,all-cause,overall,258.476041572018,666,nvss,Deaths,age-adjusted rate
1992,A,American Indian or Alaska Native,35,44,All Origins,666,16,cvd_ihd,total,7.49717252519767,666,nvss,Deaths,age-adjusted rate
1992,A,American Indian or Alaska Native,55,64,All Origins,666,16,cvd_ihd,total,11.2870612080275,666,nvss,Deaths,age-adjusted rate
1992,A,American Indian or Alaska Native,75,84,All Origins,666,16,cvd_ihd,total,51.2466318414739,666,nvss,Deaths,age-adjusted rate
1992,A,American Indian or Alaska Native,85,150,All Origins,666,16,cvd_ihd,total,32.3095051965022,666,nvss,Deaths,age-adjusted rate
1992,A,American Indian or Alaska Native,75,84,All Origins,666,16,cvd_stroke,total,25.623315920737,666,nvss,Deaths,age-adjusted rate
1992,A,American Indian or Alaska Native,25,34,All Origins,666,16,ncd_lri,total,10.5876556630536,666,nvss,Deaths,age-adjusted rate
1992,A,American Indian or Alaska Native,35,44,All Origins,666,16,ncd_lri,total,37.4858626259883,666,nvss,Deaths,age-adjusted rate
1992,A,American Indian or Alaska Native,45,54,All Origins,666,16,ncd_lri,total,29.3544397261291,666,nvss,Deaths,age-adjusted rate
1992,A,American Indian or Alaska Native,55,64,All Origins,666,16,ncd_lri,total,56.4353060401376,666,nvss,Deaths,age-adjusted rate
1992,A,American Indian or Alaska Native,65,74,All Origins,666,16,ncd_lri,total,219.554694507689,666,nvss,Deaths,age-adjusted rate
1992,A,American Indian or Alaska Native,75,84,All Origins,666,16,ncd_lri,total,204.986527365896,666,nvss,Deaths,age-adjusted rate
1992,A,American Indian or Alaska Native,85,150,All Origins,666,16,ncd_lri,total,226.166536375516,666,nvss,Deaths,age-adjusted rate
1992,A,American Indian or Alaska Native,65,74,All Origins,666,16,neo_lung,total,33.7776453088752,666,nvss,Deaths,age-adjusted rate
1992,A,American Indian or Alaska Native,75,84,All Origins,666,16,neo_lung,total,25.623315920737,666,nvss,Deaths,age-adjusted rate
1992,A,American Indian or Alaska Native,55,64,All Origins,666,16,t2_dm,total,22.574122416055,666,nvss,Deaths,age-adjusted rate
1992,A,American Indian or Alaska Native,65,74,All Origins,666,16,t2_dm,total,16.8888226544376,666,nvss,Deaths,age-adjusted rate
1992,A,American Indian or Alaska Native,85,150,All Origins,666,16,t2_dm,total,32.3095051965022,666,nvss,Deaths,age-adjusted rate
1992,A,American Indian or Alaska Native,25,34,All Origins,666,17,all-cause,overall,16.5672013155277,666,nvss,Deaths,age-adjusted rate
1992,A,American Indian or Alaska Native,35,44,All Origins,666,17,all-cause,overall,32.9029462374963,666,nvss,Deaths,age-adjusted rate
1992,A,American Indian or Alaska Native,45,54,All Origins,666,17,all-cause,overall,44.3049484584949,666,nvss,Deaths,age-adjusted rate
1992,A,American Indian or Alaska Native,55,64,All Origins,666,17,all-cause,overall,73.4728279057286,666,nvss,Deaths,age-adjusted rate
1992,A,American Indian or Alaska Native,65,74,All Origins,666,17,all-cause,overall,58.8100605664068,666,nvss,Deaths,age-adjusted rate
1992,A,American Indian or Alaska Native,75,84,All Origins,666,17,all-cause,overall,99.6462285806437,666,nvss,Deaths,age-adjusted rate
1992,A,American Indian or Alaska Native,85,150,All Origins,666,17,all-cause,overall,51.1271291021574,666,nvss,Deaths,age-adjusted rate
1992,A,American Indian or Alaska Native,35,44,All Origins,666,17,cvd_ihd,total,3.65588291527737,666,nvss,Deaths,age-adjusted rate
1992,A,American Indian or Alaska Native,55,64,All Origins,666,17,cvd_ihd,total,6.12273565881072,666,nvss,Deaths,age-adjusted rate
1992,A,American Indian or Alaska Native,75,84,All Origins,666,17,cvd_ihd,total,16.6077047634406,666,nvss,Deaths,age-adjusted rate
1992,A,American Indian or Alaska Native,35,44,All Origins,666,17,ncd_lri,total,25.5911804069416,666,nvss,Deaths,age-adjusted rate
1992,A,American Indian or Alaska Native,45,54,All Origins,666,17,ncd_lri,total,39.3821764075511,666,nvss,Deaths,age-adjusted rate
1992,A,American Indian or Alaska Native,55,64,All Origins,666,17,ncd_lri,total,73.4728279057286,666,nvss,Deaths,age-adjusted rate
1992,A,American Indian or Alaska Native,65,74,All Origins,666,17,ncd_lri,total,58.8100605664068,666,nvss,Deaths,age-adjusted rate
1992,A,American Indian or Alaska Native,75,84,All Origins,666,17,ncd_lri,total,83.0385238172031,666,nvss,Deaths,age-adjusted rate
1992,A,American Indian or Alaska Native,85,150,All Origins,666,17,ncd_lri,total,51.1271291021574,666,nvss,Deaths,age-adjusted rate
1992,A,American Indian or Alaska Native,55,64,All Origins,666,17,neo_lung,total,6.12273565881072,666,nvss,Deaths,age-adjusted rate
1992,A,American Indian or Alaska Native,65,74,All Origins,666,17,resp_copd,total,16.8028744475448,666,nvss,Deaths,age-adjusted rate
1992,A,American Indian or Alaska Native,75,84,All Origins,666,17,resp_copd,total,16.6077047634406,666,nvss,Deaths,age-adjusted rate
1992,A,American Indian or Alaska Native,55,64,All Origins,666,17,t2_dm,total,12.2454713176214,666,nvss,Deaths,age-adjusted rate
1992,A,American Indian or Alaska Native,65,74,All Origins,666,17,t2_dm,total,8.4014372237724,666,nvss,Deaths,age-adjusted rate
1992,A,American Indian or Alaska Native,25,34,All Origins,666,18,all-cause,overall,5.93845513646085,666,nvss,Deaths,age-adjusted rate
1992,A,American Indian or Alaska Native,35,44,All Origins,666,18,all-cause,overall,20.8568198467128,666,nvss,Deaths,age-adjusted rate
1992,A,American Indian or Alaska Native,45,54,All Origins,666,18,all-cause,overall,27.2393386818895,666,nvss,Deaths,age-adjusted rate
1992,A,American Indian or Alaska Native,55,64,All Origins,666,18,all-cause,overall,21.5962829549635,666,nvss,Deaths,age-adjusted rate
1992,A,American Indian or Alaska Native,65,74,All Origins,666,18,all-cause,overall,66.7023197766172,666,nvss,Deaths,age-adjusted rate
1992,A,American Indian or Alaska Native,75,84,All Origins,666,18,all-cause,overall,142.805104653789,666,nvss,Deaths,age-adjusted rate
1992,A,American Indian or Alaska Native,85,150,All Origins,666,18,all-cause,overall,193.857031179013,666,nvss,Deaths,age-adjusted rate
1992,A,American Indian or Alaska Native,55,64,All Origins,666,18,cvd_ihd,total,21.5962829549635,666,nvss,Deaths,age-adjusted rate
1992,A,American Indian or Alaska Native,65,74,All Origins,666,18,cvd_ihd,total,16.6755799441543,666,nvss,Deaths,age-adjusted rate
1992,A,American Indian or Alaska Native,75,84,All Origins,666,18,cvd_ihd,total,28.5610209307577,666,nvss,Deaths,age-adjusted rate
1992,A,American Indian or Alaska Native,85,150,All Origins,666,18,cvd_ihd,total,38.7714062358027,666,nvss,Deaths,age-adjusted rate
1992,A,American Indian or Alaska Native,75,84,All Origins,666,18,cvd_stroke,total,28.5610209307577,666,nvss,Deaths,age-adjusted rate
1992,A,American Indian or Alaska Native,25,34,All Origins,666,18,ncd_lri,total,5.93845513646085,666,nvss,Deaths,age-adjusted rate
1992,A,American Indian or Alaska Native,35,44,All Origins,666,18,ncd_lri,total,13.9045465644752,666,nvss,Deaths,age-adjusted rate
1992,A,American Indian or Alaska Native,45,54,All Origins,666,18,ncd_lri,total,9.07977956062983,666,nvss,Deaths,age-adjusted rate
1992,A,American Indian or Alaska Native,55,64,All Origins,666,18,ncd_lri,total,21.5962829549635,666,nvss,Deaths,age-adjusted rate
1992,A,American Indian or Alaska Native,65,74,All Origins,666,18,ncd_lri,total,66.7023197766172,666,nvss,Deaths,age-adjusted rate
1992,A,American Indian or Alaska Native,75,84,All Origins,666,18,ncd_lri,total,142.805104653789,666,nvss,Deaths,age-adjusted rate
1992,A,American Indian or Alaska Native,85,150,All Origins,666,18,ncd_lri,total,155.085624943211,666,nvss,Deaths,age-adjusted rate
1992,A,American Indian or Alaska Native,35,44,All Origins,666,18,t2_dm,total,6.9522732822376,666,nvss,Deaths,age-adjusted rate
1992,A,American Indian or Alaska Native,75,84,All Origins,666,18,t2_dm,total,28.5610209307577,666,nvss,Deaths,age-adjusted rate
1992,A,American Indian or Alaska Native,25,34,All Origins,666,19,all-cause,overall,53.5446014081364,666,nvss,Deaths,age-adjusted rate
1992,A,American Indian or Alaska Native,45,54,All Origins,666,19,all-cause,overall,44.5734632976373,666,nvss,Deaths,age-adjusted rate
1992,A,American Indian or Alaska Native,55,64,All Origins,666,19,all-cause,overall,119.111239778912,666,nvss,Deaths,age-adjusted rate
1992,A,American Indian or Alaska Native,65,74,All Origins,666,19,all-cause,overall,167.177966022408,666,nvss,Deaths,age-adjusted rate
1992,A,American Indian or Alaska Native,75,84,All Origins,666,19,all-cause,overall,373.673357177414,666,nvss,Deaths,age-adjusted rate
1992,A,American Indian or Alaska Native,85,150,All Origins,666,19,all-cause,overall,238.593269143401,666,nvss,Deaths,age-adjusted rate
1992,A,American Indian or Alaska Native,85,150,All Origins,666,19,cvd_ihd,total,119.296634571701,666,nvss,Deaths,age-adjusted rate
1992,A,American Indian or Alaska Native,75,84,All Origins,666,19,cvd_stroke,total,186.836678588707,666,nvss,Deaths,age-adjusted rate
1992,A,American Indian or Alaska Native,25,34,All Origins,666,19,ncd_lri,total,21.4178405632546,666,nvss,Deaths,age-adjusted rate
1992,A,American Indian or Alaska Native,45,54,All Origins,666,19,ncd_lri,total,44.5734632976373,666,nvss,Deaths,age-adjusted rate
1992,A,American Indian or Alaska Native,55,64,All Origins,666,19,ncd_lri,total,89.3334298341837,666,nvss,Deaths,age-adjusted rate
1992,A,American Indian or Alaska Native,65,74,All Origins,666,19,ncd_lri,total,167.177966022408,666,nvss,Deaths,age-adjusted rate
1992,A,American Indian or Alaska Native,75,84,All Origins,666,19,ncd_lri,total,373.673357177414,666,nvss,Deaths,age-adjusted rate
1992,A,American Indian or Alaska Native,85,150,All Origins,666,19,ncd_lri,total,238.593269143401,666,nvss,Deaths,age-adjusted rate
1992,A,American Indian or Alaska Native,55,64,All Origins,666,19,neo_lung,total,29.7778099447279,666,nvss,Deaths,age-adjusted rate
1992,A,American Indian or Alaska Native,65,74,All Origins,666,19,neo_lung,total,41.7944915056019,666,nvss,Deaths,age-adjusted rate
1992,A,American Indian or Alaska Native,55,64,All Origins,666,19,t2_dm,total,29.7778099447279,666,nvss,Deaths,age-adjusted rate
1992,A,American Indian or Alaska Native,85,150,All Origins,666,19,t2_dm,total,119.296634571701,666,nvss,Deaths,age-adjusted rate
1992,A,American Indian or Alaska Native,25,34,All Origins,666,20,all-cause,overall,13.7325835163739,666,nvss,Deaths,age-adjusted rate
1992,A,American Indian or Alaska Native,35,44,All Origins,666,20,all-cause,overall,18.7181205262201,666,nvss,Deaths,age-adjusted rate
1992,A,American Indian or Alaska Native,45,54,All Origins,666,20,all-cause,overall,55.6912592142348,666,nvss,Deaths,age-adjusted rate
1992,A,American Indian or Alaska Native,55,64,All Origins,666,20,all-cause,overall,154.671847625879,666,nvss,Deaths,age-adjusted rate
1992,A,American Indian or Alaska Native,65,74,All Origins,666,20,all-cause,overall,277.52782245747,666,nvss,Deaths,age-adjusted rate
1992,A,American Indian or Alaska Native,75,84,All Origins,666,20,all-cause,overall,331.039484210863,666,nvss,Deaths,age-adjusted rate
1992,A,American Indian or Alaska Native,85,150,All Origins,666,20,all-cause,overall,359.618840448025,666,nvss,Deaths,age-adjusted rate
1992,A,American Indian or Alaska Native,45,54,All Origins,666,20,cvd_ihd,total,6.18791769047053,666,nvss,Deaths,age-adjusted rate
1992,A,American Indian or Alaska Native,55,64,All Origins,666,20,cvd_ihd,total,21.0916155853472,666,nvss,Deaths,age-adjusted rate
1992,A,American Indian or Alaska Native,65,74,All Origins,666,20,cvd_ihd,total,40.8129150672751,666,nvss,Deaths,age-adjusted rate
1992,A,American Indian or Alaska Native,75,84,All Origins,666,20,cvd_ihd,total,15.047249282312,666,nvss,Deaths,age-adjusted rate
1992,A,American Indian or Alaska Native,85,150,All Origins,666,20,cvd_ihd,total,67.4285325840047,666,nvss,Deaths,age-adjusted rate
1992,A,American Indian or Alaska Native,75,84,All Origins,666,20,lri,total,30.0944985646239,666,nvss,Deaths,age-adjusted rate
1992,A,American Indian or Alaska Native,25,34,All Origins,666,20,ncd_lri,total,10.2994376372804,666,nvss,Deaths,age-adjusted rate
1992,A,American Indian or Alaska Native,35,44,All Origins,666,20,ncd_lri,total,4.67953013155503,666,nvss,Deaths,age-adjusted rate
1992,A,American Indian or Alaska Native,45,54,All Origins,666,20,ncd_lri,total,43.3154238332937,666,nvss,Deaths,age-adjusted rate
1992,A,American Indian or Alaska Native,55,64,All Origins,666,20,ncd_lri,total,154.671847625879,666,nvss,Deaths,age-adjusted rate
1992,A,American Indian or Alaska Native,65,74,All Origins,666,20,ncd_lri,total,261.20265643056,666,nvss,Deaths,age-adjusted rate
1992,A,American Indian or Alaska Native,75,84,All Origins,666,20,ncd_lri,total,315.992234928551,666,nvss,Deaths,age-adjusted rate
1992,A,American Indian or Alaska Native,85,150,All Origins,666,20,ncd_lri,total,314.666485392022,666,nvss,Deaths,age-adjusted rate
1992,A,American Indian or Alaska Native,45,54,All Origins,666,20,neo_lung,total,6.18791769047053,666,nvss,Deaths,age-adjusted rate
1992,A,American Indian or Alaska Native,55,64,All Origins,666,20,neo_lung,total,28.1221541137962,666,nvss,Deaths,age-adjusted rate
1992,A,American Indian or Alaska Native,65,74,All Origins,666,20,neo_lung,total,40.8129150672751,666,nvss,Deaths,age-adjusted rate
1992,A,American Indian or Alaska Native,75,84,All Origins,666,20,neo_lung,total,45.1417478469359,666,nvss,Deaths,age-adjusted rate
1992,A,American Indian or Alaska Native,85,150,All Origins,666,20,neo_lung,total,22.4761775280016,666,nvss,Deaths,age-adjusted rate
1992,A,American Indian or Alaska Native,65,74,All Origins,666,20,resp_copd,total,24.487749040365,666,nvss,Deaths,age-adjusted rate
1992,A,American Indian or Alaska Native,75,84,All Origins,666,20,resp_copd,total,30.0944985646239,666,nvss,Deaths,age-adjusted rate
1992,A,American Indian or Alaska Native,85,150,All Origins,666,20,resp_copd,total,22.4761775280016,666,nvss,Deaths,age-adjusted rate
1992,A,American Indian or Alaska Native,25,34,All Origins,666,20,t2_dm,total,3.43314587909347,666,nvss,Deaths,age-adjusted rate
1992,A,American Indian or Alaska Native,45,54,All Origins,666,20,t2_dm,total,6.18791769047053,666,nvss,Deaths,age-adjusted rate
1992,A,American Indian or Alaska Native,65,74,All Origins,666,20,t2_dm,total,8.16258301345501,666,nvss,Deaths,age-adjusted rate
1992,A,American Indian or Alaska Native,75,84,All Origins,666,20,t2_dm,total,15.047249282312,666,nvss,Deaths,age-adjusted rate
1992,A,American Indian or Alaska Native,25,34,All Origins,666,21,all-cause,overall,15.2502734269293,666,nvss,Deaths,age-adjusted rate
1992,A,American Indian or Alaska Native,55,64,All Origins,666,21,all-cause,overall,52.8781715988198,666,nvss,Deaths,age-adjusted rate
1992,A,American Indian or Alaska Native,75,84,All Origins,666,21,all-cause,overall,118.002112792868,666,nvss,Deaths,age-adjusted rate
1992,A,American Indian or Alaska Native,85,150,All Origins,666,21,all-cause,overall,119.296634571701,666,nvss,Deaths,age-adjusted rate
1992,A,American Indian or Alaska Native,25,34,All Origins,666,21,ncd_lri,total,15.2502734269293,666,nvss,Deaths,age-adjusted rate
1992,A,American Indian or Alaska Native,55,64,All Origins,666,21,ncd_lri,total,52.8781715988198,666,nvss,Deaths,age-adjusted rate
1992,A,American Indian or Alaska Native,75,84,All Origins,666,21,ncd_lri,total,118.002112792868,666,nvss,Deaths,age-adjusted rate
1992,A,American Indian or Alaska Native,85,150,All Origins,666,21,ncd_lri,total,119.296634571701,666,nvss,Deaths,age-adjusted rate
1992,A,American Indian or Alaska Native,55,64,All Origins,666,21,t2_dm,total,26.4390857994099,666,nvss,Deaths,age-adjusted rate
1992,A,American Indian or Alaska Native,25,34,All Origins,666,22,all-cause,overall,12.4953853240001,666,nvss,Deaths,age-adjusted rate
1992,A,American Indian or Alaska Native,35,44,All Origins,666,22,all-cause,overall,27.8543460211609,666,nvss,Deaths,age-adjusted rate
1992,A,American Indian or Alaska Native,45,54,All Origins,666,22,all-cause,overall,41.4238791014909,666,nvss,Deaths,age-adjusted rate
1992,A,American Indian or Alaska Native,55,64,All Origins,666,22,all-cause,overall,69.1842157041828,666,nvss,Deaths,age-adjusted rate
1992,A,American Indian or Alaska Native,65,74,All Origins,666,22,all-cause,overall,46.833543672944,666,nvss,Deaths,age-adjusted rate
1992,A,American Indian or Alaska Native,75,84,All Origins,666,22,all-cause,overall,87.6367482631068,666,nvss,Deaths,age-adjusted rate
1992,A,American Indian or Alaska Native,85,150,All Origins,666,22,all-cause,overall,50.8477458830199,666,nvss,Deaths,age-adjusted rate
1992,A,American Indian or Alaska Native,55,64,All Origins,666,22,cvd_ihd,total,7.68713507824253,666,nvss,Deaths,age-adjusted rate
1992,A,American Indian or Alaska Native,65,74,All Origins,666,22,cvd_ihd,total,18.7334174691776,666,nvss,Deaths,age-adjusted rate
1992,A,American Indian or Alaska Native,75,84,All Origins,666,22,cvd_ihd,total,14.6061247105178,666,nvss,Deaths,age-adjusted rate
1992,A,American Indian or Alaska Native,25,34,All Origins,666,22,ncd_lri,total,8.33025688266675,666,nvss,Deaths,age-adjusted rate
1992,A,American Indian or Alaska Native,35,44,All Origins,666,22,ncd_lri,total,11.1417384084644,666,nvss,Deaths,age-adjusted rate
1992,A,American Indian or Alaska Native,45,54,All Origins,666,22,ncd_lri,total,34.5198992512424,666,nvss,Deaths,age-adjusted rate
1992,A,American Indian or Alaska Native,55,64,All Origins,666,22,ncd_lri,total,69.1842157041828,666,nvss,Deaths,age-adjusted rate
1992,A,American Indian or Alaska Native,65,74,All Origins,666,22,ncd_lri,total,46.833543672944,666,nvss,Deaths,age-adjusted rate
1992,A,American Indian or Alaska Native,75,84,All Origins,666,22,ncd_lri,total,73.030623552589,666,nvss,Deaths,age-adjusted rate
1992,A,American Indian or Alaska Native,85,150,All Origins,666,22,ncd_lri,total,50.8477458830199,666,nvss,Deaths,age-adjusted rate
1992,A,American Indian or Alaska Native,45,54,All Origins,666,22,neo_lung,total,13.807959700497,666,nvss,Deaths,age-adjusted rate
1992,A,American Indian or Alaska Native,55,64,All Origins,666,22,neo_lung,total,15.3742701564851,666,nvss,Deaths,age-adjusted rate
1992,A,American Indian or Alaska Native,75,84,All Origins,666,22,neo_lung,total,29.2122494210356,666,nvss,Deaths,age-adjusted rate
1992,A,American Indian or Alaska Native,25,34,All Origins,666,22,t2_dm,total,4.16512844133337,666,nvss,Deaths,age-adjusted rate
1992,A,American Indian or Alaska Native,65,74,All Origins,666,22,t2_dm,total,9.3667087345888,666,nvss,Deaths,age-adjusted rate
1992,A,American Indian or Alaska Native,35,44,All Origins,666,23,all-cause,overall,34.5251957689039,666,nvss,Deaths,age-adjusted rate
1992,A,American Indian or Alaska Native,45,54,All Origins,666,23,all-cause,overall,22.6232762542539,666,nvss,Deaths,age-adjusted rate
1992,A,American Indian or Alaska Native,55,64,All Origins,666,23,all-cause,overall,109.061228922566,666,nvss,Deaths,age-adjusted rate
1992,A,American Indian or Alaska Native,65,74,All Origins,666,23,all-cause,overall,159.121196575545,666,nvss,Deaths,age-adjusted rate
1992,A,American Indian or Alaska Native,75,84,All Origins,666,23,all-cause,overall,172.464626389576,666,nvss,Deaths,age-adjusted rate
1992,A,American Indian or Alaska Native,85,150,All Origins,666,23,all-cause,overall,221.550892776015,666,nvss,Deaths,age-adjusted rate
1992,A,American Indian or Alaska Native,35,44,All Origins,666,23,ncd_lri,total,17.262597884452,666,nvss,Deaths,age-adjusted rate
1992,A,American Indian or Alaska Native,45,54,All Origins,666,23,ncd_lri,total,22.6232762542539,666,nvss,Deaths,age-adjusted rate
1992,A,American Indian or Alaska Native,55,64,All Origins,666,23,ncd_lri,total,109.061228922566,666,nvss,Deaths,age-adjusted rate
1992,A,American Indian or Alaska Native,65,74,All Origins,666,23,ncd_lri,total,159.121196575545,666,nvss,Deaths,age-adjusted rate
1992,A,American Indian or Alaska Native,75,84,All Origins,666,23,ncd_lri,total,172.464626389576,666,nvss,Deaths,age-adjusted rate
1992,A,American Indian or Alaska Native,85,150,All Origins,666,23,ncd_lri,total,221.550892776015,666,nvss,Deaths,age-adjusted rate
1992,A,American Indian or Alaska Native,55,64,All Origins,666,23,neo_lung,total,27.2653072306415,666,nvss,Deaths,age-adjusted rate
1992,A,American Indian or Alaska Native,25,34,All Origins,666,24,all-cause,overall,5.01572070904185,666,nvss,Deaths,age-adjusted rate
1992,A,American Indian or Alaska Native,35,44,All Origins,666,24,all-cause,overall,26.0285989710344,666,nvss,Deaths,age-adjusted rate
1992,A,American Indian or Alaska Native,45,54,All Origins,666,24,all-cause,overall,45.3480021778093,666,nvss,Deaths,age-adjusted rate
1992,A,American Indian or Alaska Native,55,64,All Origins,666,24,all-cause,overall,71.5889092414792,666,nvss,Deaths,age-adjusted rate
1992,A,American Indian or Alaska Native,65,74,All Origins,666,24,all-cause,overall,56.8045561968611,666,nvss,Deaths,age-adjusted rate
1992,A,American Indian or Alaska Native,75,84,All Origins,666,24,all-cause,overall,103.082305428252,666,nvss,Deaths,age-adjusted rate
1992,A,American Indian or Alaska Native,85,150,All Origins,666,24,all-cause,overall,33.7142662920023,666,nvss,Deaths,age-adjusted rate
1992,A,American Indian or Alaska Native,35,44,All Origins,666,24,cvd_ihd,total,6.5071497427586,666,nvss,Deaths,age-adjusted rate
1992,A,American Indian or Alaska Native,35,44,All Origins,666,24,ncd_lri,total,6.5071497427586,666,nvss,Deaths,age-adjusted rate
1992,A,American Indian or Alaska Native,45,54,All Origins,666,24,ncd_lri,total,45.3480021778093,666,nvss,Deaths,age-adjusted rate
1992,A,American Indian or Alaska Native,55,64,All Origins,666,24,ncd_lri,total,62.6402955862942,666,nvss,Deaths,age-adjusted rate
1992,A,American Indian or Alaska Native,65,74,All Origins,666,24,ncd_lri,total,56.8045561968611,666,nvss,Deaths,age-adjusted rate
1992,A,American Indian or Alaska Native,75,84,All Origins,666,24,ncd_lri,total,103.082305428252,666,nvss,Deaths,age-adjusted rate
1992,A,American Indian or Alaska Native,85,150,All Origins,666,24,ncd_lri,total,33.7142662920023,666,nvss,Deaths,age-adjusted rate
1992,A,American Indian or Alaska Native,45,54,All Origins,666,24,neo_lung,total,15.1160007259364,666,nvss,Deaths,age-adjusted rate
1992,A,American Indian or Alaska Native,65,74,All Origins,666,24,neo_lung,total,14.2011390492153,666,nvss,Deaths,age-adjusted rate
1992,A,American Indian or Alaska Native,55,64,All Origins,666,24,resp_copd,total,8.94861365518489,666,nvss,Deaths,age-adjusted rate
1992,A,American Indian or Alaska Native,75,84,All Origins,666,24,resp_copd,total,25.770576357063,666,nvss,Deaths,age-adjusted rate
1992,A,American Indian or Alaska Native,25,34,All Origins,666,25,all-cause,overall,16.3343290078797,666,nvss,Deaths,age-adjusted rate
1992,A,American Indian or Alaska Native,35,44,All Origins,666,25,all-cause,overall,21.5572698283081,666,nvss,Deaths,age-adjusted rate
1992,A,American Indian or Alaska Native,45,54,All Origins,666,25,all-cause,overall,19.0579118693078,666,nvss,Deaths,age-adjusted rate
1992,A,American Indian or Alaska Native,55,64,All Origins,666,25,all-cause,overall,64.7087637612257,666,nvss,Deaths,age-adjusted rate
1992,A,American Indian or Alaska Native,65,74,All Origins,666,25,all-cause,overall,72.1697230369957,666,nvss,Deaths,age-adjusted rate
1992,A,American Indian or Alaska Native,75,84,All Origins,666,25,all-cause,overall,123.092400011383,666,nvss,Deaths,age-adjusted rate
1992,A,American Indian or Alaska Native,85,150,All Origins,666,25,all-cause,overall,82.7123333030457,666,nvss,Deaths,age-adjusted rate
1992,A,American Indian or Alaska Native,55,64,All Origins,666,25,cvd_ihd,total,21.5695879204086,666,nvss,Deaths,age-adjusted rate
1992,A,American Indian or Alaska Native,75,84,All Origins,666,25,cvd_ihd,total,17.5846285730548,666,nvss,Deaths,age-adjusted rate
1992,A,American Indian or Alaska Native,85,150,All Origins,666,25,cvd_ihd,total,20.6780833257614,666,nvss,Deaths,age-adjusted rate
1992,A,American Indian or Alaska Native,35,44,All Origins,666,25,ncd_lri,total,14.3715132188721,666,nvss,Deaths,age-adjusted rate
1992,A,American Indian or Alaska Native,45,54,All Origins,666,25,ncd_lri,total,9.52895593465392,666,nvss,Deaths,age-adjusted rate
1992,A,American Indian or Alaska Native,55,64,All Origins,666,25,ncd_lri,total,43.1391758408172,666,nvss,Deaths,age-adjusted rate
1992,A,American Indian or Alaska Native,65,74,All Origins,666,25,ncd_lri,total,72.1697230369957,666,nvss,Deaths,age-adjusted rate
1992,A,American Indian or Alaska Native,75,84,All Origins,666,25,ncd_lri,total,123.092400011383,666,nvss,Deaths,age-adjusted rate
1992,A,American Indian or Alaska Native,85,150,All Origins,666,25,ncd_lri,total,82.7123333030457,666,nvss,Deaths,age-adjusted rate
1992,A,American Indian or Alaska Native,65,74,All Origins,666,25,neo_lung,total,12.0282871728326,666,nvss,Deaths,age-adjusted rate
1992,A,American Indian or Alaska Native,85,150,All Origins,666,25,neo_lung,total,20.6780833257614,666,nvss,Deaths,age-adjusted rate
1992,A,American Indian or Alaska Native,75,84,All Origins,666,25,resp_copd,total,17.5846285730548,666,nvss,Deaths,age-adjusted rate
1992,A,American Indian or Alaska Native,45,54,All Origins,666,25,t2_dm,total,9.52895593465392,666,nvss,Deaths,age-adjusted rate
1992,A,American Indian or Alaska Native,55,64,All Origins,666,25,t2_dm,total,10.7847939602043,666,nvss,Deaths,age-adjusted rate
1992,A,American Indian or Alaska Native,75,84,All Origins,666,25,t2_dm,total,35.1692571461095,666,nvss,Deaths,age-adjusted rate
1992,A,American Indian or Alaska Native,85,150,All Origins,666,25,t2_dm,total,20.6780833257614,666,nvss,Deaths,age-adjusted rate
1992,A,American Indian or Alaska Native,25,34,All Origins,666,26,all-cause,overall,19.7823342556519,666,nvss,Deaths,age-adjusted rate
1992,A,American Indian or Alaska Native,35,44,All Origins,666,26,all-cause,overall,49.5512923197918,666,nvss,Deaths,age-adjusted rate
1992,A,American Indian or Alaska Native,45,54,All Origins,666,26,all-cause,overall,99.6201587360855,666,nvss,Deaths,age-adjusted rate
1992,A,American Indian or Alaska Native,55,64,All Origins,666,26,all-cause,overall,215.14158052461,666,nvss,Deaths,age-adjusted rate
1992,A,American Indian or Alaska Native,65,74,All Origins,666,26,all-cause,overall,282.959711721458,666,nvss,Deaths,age-adjusted rate
1992,A,American Indian or Alaska Native,75,84,All Origins,666,26,all-cause,overall,452.12411724781,666,nvss,Deaths,age-adjusted rate
1992,A,American Indian or Alaska Native,85,150,All Origins,666,26,all-cause,overall,347.948517500793,666,nvss,Deaths,age-adjusted rate
1992,A,American Indian or Alaska Native,35,44,All Origins,666,26,cvd_ihd,total,1.70866525240661,666,nvss,Deaths,age-adjusted rate
1992,A,American Indian or Alaska Native,45,54,All Origins,666,26,cvd_ihd,total,6.95024363275015,666,nvss,Deaths,age-adjusted rate
1992,A,American Indian or Alaska Native,55,64,All Origins,666,26,cvd_ihd,total,20.7365378818901,666,nvss,Deaths,age-adjusted rate
1992,A,American Indian or Alaska Native,65,74,All Origins,666,26,cvd_ihd,total,10.2274594598117,666,nvss,Deaths,age-adjusted rate
1992,A,American Indian or Alaska Native,75,84,All Origins,666,26,cvd_ihd,total,111.482659047405,666,nvss,Deaths,age-adjusted rate
1992,A,American Indian or Alaska Native,85,150,All Origins,666,26,cvd_ihd,total,69.5897035001587,666,nvss,Deaths,age-adjusted rate
1992,A,American Indian or Alaska Native,75,84,All Origins,666,26,cvd_stroke,total,6.19348105818918,666,nvss,Deaths,age-adjusted rate
1992,A,American Indian or Alaska Native,85,150,All Origins,666,26,cvd_stroke,total,9.94138621430838,666,nvss,Deaths,age-adjusted rate
1992,A,American Indian or Alaska Native,25,34,All Origins,666,26,ncd_lri,total,6.59411141855065,666,nvss,Deaths,age-adjusted rate
1992,A,American Indian or Alaska Native,35,44,All Origins,666,26,ncd_lri,total,37.5906355529455,666,nvss,Deaths,age-adjusted rate
1992,A,American Indian or Alaska Native,45,54,All Origins,666,26,ncd_lri,total,81.0861757154184,666,nvss,Deaths,age-adjusted rate
1992,A,American Indian or Alaska Native,55,64,All Origins,666,26,ncd_lri,total,212.549513289374,666,nvss,Deaths,age-adjusted rate
1992,A,American Indian or Alaska Native,65,74,All Origins,666,26,ncd_lri,total,265.913945955105,666,nvss,Deaths,age-adjusted rate
1992,A,American Indian or Alaska Native,75,84,All Origins,666,26,ncd_lri,total,421.156711956864,666,nvss,Deaths,age-adjusted rate
1992,A,American Indian or Alaska Native,85,150,All Origins,666,26,ncd_lri,total,308.18297264356,666,nvss,Deaths,age-adjusted rate
1992,A,American Indian or Alaska Native,45,54,All Origins,666,26,neo_lung,total,11.5837393879169,666,nvss,Deaths,age-adjusted rate
1992,A,American Indian or Alaska Native,55,64,All Origins,666,26,neo_lung,total,25.9206723523627,666,nvss,Deaths,age-adjusted rate
1992,A,American Indian or Alaska Native,65,74,All Origins,666,26,neo_lung,total,23.864072072894,666,nvss,Deaths,age-adjusted rate
1992,A,American Indian or Alaska Native,75,84,All Origins,666,26,neo_lung,total,12.3869621163784,666,nvss,Deaths,age-adjusted rate
1992,A,American Indian or Alaska Native,85,150,All Origins,666,26,neo_lung,total,9.94138621430838,666,nvss,Deaths,age-adjusted rate
1992,A,American Indian or Alaska Native,55,64,All Origins,666,26,resp_copd,total,12.9603361761813,666,nvss,Deaths,age-adjusted rate
1992,A,American Indian or Alaska Native,65,74,All Origins,666,26,resp_copd,total,23.864072072894,666,nvss,Deaths,age-adjusted rate
1992,A,American Indian or Alaska Native,75,84,All Origins,666,26,resp_copd,total,37.1608863491351,666,nvss,Deaths,age-adjusted rate
1992,A,American Indian or Alaska Native,85,150,All Origins,666,26,resp_copd,total,9.94138621430838,666,nvss,Deaths,age-adjusted rate
1992,A,American Indian or Alaska Native,45,54,All Origins,666,26,t2_dm,total,2.31674787758338,666,nvss,Deaths,age-adjusted rate
1992,A,American Indian or Alaska Native,55,64,All Origins,666,26,t2_dm,total,12.9603361761813,666,nvss,Deaths,age-adjusted rate
1992,A,American Indian or Alaska Native,65,74,All Origins,666,26,t2_dm,total,13.6366126130823,666,nvss,Deaths,age-adjusted rate
1992,A,American Indian or Alaska Native,75,84,All Origins,666,26,t2_dm,total,12.3869621163784,666,nvss,Deaths,age-adjusted rate
1992,A,American Indian or Alaska Native,25,34,All Origins,666,27,all-cause,overall,45.8178204681992,666,nvss,Deaths,age-adjusted rate
1992,A,American Indian or Alaska Native,35,44,All Origins,666,27,all-cause,overall,58.6076444948707,666,nvss,Deaths,age-adjusted rate
1992,A,American Indian or Alaska Native,45,54,All Origins,666,27,all-cause,overall,151.12235844062,666,nvss,Deaths,age-adjusted rate
1992,A,American Indian or Alaska Native,55,64,All Origins,666,27,all-cause,overall,159.85114081535,666,nvss,Deaths,age-adjusted rate
1992,A,American Indian or Alaska Native,65,74,All Origins,666,27,all-cause,overall,281.793133549042,666,nvss,Deaths,age-adjusted rate
1992,A,American Indian or Alaska Native,75,84,All Origins,666,27,all-cause,overall,353.077187884171,666,nvss,Deaths,age-adjusted rate
1992,A,American Indian or Alaska Native,85,150,All Origins,666,27,all-cause,overall,197.760192880604,666,nvss,Deaths,age-adjusted rate
1992,A,American Indian or Alaska Native,25,34,All Origins,666,27,cvd_ihd,total,3.05452136454661,666,nvss,Deaths,age-adjusted rate
1992,A,American Indian or Alaska Native,35,44,All Origins,666,27,cvd_ihd,total,2.25414017287964,666,nvss,Deaths,age-adjusted rate
1992,A,American Indian or Alaska Native,45,54,All Origins,666,27,cvd_ihd,total,20.1496477920826,666,nvss,Deaths,age-adjusted rate
1992,A,American Indian or Alaska Native,55,64,All Origins,666,27,cvd_ihd,total,3.71746839105465,666,nvss,Deaths,age-adjusted rate
1992,A,American Indian or Alaska Native,65,74,All Origins,666,27,cvd_ihd,total,31.9011094583821,666,nvss,Deaths,age-adjusted rate
1992,A,American Indian or Alaska Native,75,84,All Origins,666,27,cvd_ihd,total,61.7885078797299,666,nvss,Deaths,age-adjusted rate
1992,A,American Indian or Alaska Native,85,150,All Origins,666,27,cvd_ihd,total,41.6337248169693,666,nvss,Deaths,age-adjusted rate
1992,A,American Indian or Alaska Native,25,34,All Origins,666,27,cvd_stroke,total,4.58178204681992,666,nvss,Deaths,age-adjusted rate
1992,A,American Indian or Alaska Native,75,84,All Origins,666,27,cvd_stroke,total,8.82692969710426,666,nvss,Deaths,age-adjusted rate
1992,A,American Indian or Alaska Native,85,150,All Origins,666,27,cvd_stroke,total,10.4084312042423,666,nvss,Deaths,age-adjusted rate
1992,A,American Indian or Alaska Native,25,34,All Origins,666,27,ncd_lri,total,22.9089102340996,666,nvss,Deaths,age-adjusted rate
1992,A,American Indian or Alaska Native,35,44,All Origins,666,27,ncd_lri,total,24.7955419016761,666,nvss,Deaths,age-adjusted rate
1992,A,American Indian or Alaska Native,45,54,All Origins,666,27,ncd_lri,total,97.3899643283994,666,nvss,Deaths,age-adjusted rate
1992,A,American Indian or Alaska Native,55,64,All Origins,666,27,ncd_lri,total,141.263798860077,666,nvss,Deaths,age-adjusted rate
1992,A,American Indian or Alaska Native,65,74,All Origins,666,27,ncd_lri,total,260.525727243454,666,nvss,Deaths,age-adjusted rate
1992,A,American Indian or Alaska Native,75,84,All Origins,666,27,ncd_lri,total,326.596398792858,666,nvss,Deaths,age-adjusted rate
1992,A,American Indian or Alaska Native,85,150,All Origins,666,27,ncd_lri,total,176.94333047212,666,nvss,Deaths,age-adjusted rate
1992,A,American Indian or Alaska Native,45,54,All Origins,666,27,neo_lung,total,3.35827463201377,666,nvss,Deaths,age-adjusted rate
1992,A,American Indian or Alaska Native,55,64,All Origins,666,27,neo_lung,total,29.7397471284372,666,nvss,Deaths,age-adjusted rate
1992,A,American Indian or Alaska Native,65,74,All Origins,666,27,neo_lung,total,37.2179610347792,666,nvss,Deaths,age-adjusted rate
1992,A,American Indian or Alaska Native,75,84,All Origins,666,27,neo_lung,total,26.4807890913128,666,nvss,Deaths,age-adjusted rate
1992,A,American Indian or Alaska Native,25,34,All Origins,666,27,resp_copd,total,1.52726068227331,666,nvss,Deaths,age-adjusted rate
1992,A,American Indian or Alaska Native,65,74,All Origins,666,27,resp_copd,total,5.31685157639702,666,nvss,Deaths,age-adjusted rate
1992,A,American Indian or Alaska Native,75,84,All Origins,666,27,resp_copd,total,17.6538593942085,666,nvss,Deaths,age-adjusted rate
1992,A,American Indian or Alaska Native,55,64,All Origins,666,27,t2_dm,total,18.5873419552733,666,nvss,Deaths,age-adjusted rate
1992,A,American Indian or Alaska Native,65,74,All Origins,666,27,t2_dm,total,15.9505547291911,666,nvss,Deaths,age-adjusted rate
1992,A,American Indian or Alaska Native,75,84,All Origins,666,27,t2_dm,total,44.1346484855213,666,nvss,Deaths,age-adjusted rate
1992,A,American Indian or Alaska Native,85,150,All Origins,666,27,t2_dm,total,20.8168624084847,666,nvss,Deaths,age-adjusted rate
1992,A,American Indian or Alaska Native,25,34,All Origins,666,28,all-cause,overall,33.9503165522708,666,nvss,Deaths,age-adjusted rate
1992,A,American Indian or Alaska Native,35,44,All Origins,666,28,all-cause,overall,56.7092143231168,666,nvss,Deaths,age-adjusted rate
1992,A,American Indian or Alaska Native,45,54,All Origins,666,28,all-cause,overall,51.5949208451606,666,nvss,Deaths,age-adjusted rate
1992,A,American Indian or Alaska Native,55,64,All Origins,666,28,all-cause,overall,99.5992958196948,666,nvss,Deaths,age-adjusted rate
1992,A,American Indian or Alaska Native,65,74,All Origins,666,28,all-cause,overall,429.997280048332,666,nvss,Deaths,age-adjusted rate
1992,A,American Indian or Alaska Native,75,84,All Origins,666,28,all-cause,overall,350.318772353825,666,nvss,Deaths,age-adjusted rate
1992,A,American Indian or Alaska Native,85,150,All Origins,666,28,all-cause,overall,248.136999909137,666,nvss,Deaths,age-adjusted rate
1992,A,American Indian or Alaska Native,65,74,All Origins,666,28,cvd_ihd,total,61.4281828640475,666,nvss,Deaths,age-adjusted rate
1992,A,American Indian or Alaska Native,25,34,All Origins,666,28,ncd_lri,total,11.3167721840903,666,nvss,Deaths,age-adjusted rate
1992,A,American Indian or Alaska Native,35,44,All Origins,666,28,ncd_lri,total,28.3546071615584,666,nvss,Deaths,age-adjusted rate
1992,A,American Indian or Alaska Native,45,54,All Origins,666,28,ncd_lri,total,51.5949208451606,666,nvss,Deaths,age-adjusted rate
1992,A,American Indian or Alaska Native,55,64,All Origins,666,28,ncd_lri,total,79.6794366557559,666,nvss,Deaths,age-adjusted rate
1992,A,American Indian or Alaska Native,65,74,All Origins,666,28,ncd_lri,total,399.283188616309,666,nvss,Deaths,age-adjusted rate
1992,A,American Indian or Alaska Native,75,84,All Origins,666,28,ncd_lri,total,280.25501788306,666,nvss,Deaths,age-adjusted rate
1992,A,American Indian or Alaska Native,85,150,All Origins,666,28,ncd_lri,total,186.102749931853,666,nvss,Deaths,age-adjusted rate
1992,A,American Indian or Alaska Native,75,84,All Origins,666,28,resp_copd,total,70.0637544707651,666,nvss,Deaths,age-adjusted rate
1992,A,American Indian or Alaska Native,45,54,All Origins,666,28,t2_dm,total,17.1983069483869,666,nvss,Deaths,age-adjusted rate
1992,A,American Indian or Alaska Native,55,64,All Origins,666,28,t2_dm,total,39.8397183278779,666,nvss,Deaths,age-adjusted rate
1992,A,American Indian or Alaska Native,65,74,All Origins,666,28,t2_dm,total,30.7140914320237,666,nvss,Deaths,age-adjusted rate
1992,A,American Indian or Alaska Native,25,34,All Origins,666,29,all-cause,overall,7.45736692878995,666,nvss,Deaths,age-adjusted rate
1992,A,American Indian or Alaska Native,35,44,All Origins,666,29,all-cause,overall,17.3362123743643,666,nvss,Deaths,age-adjusted rate
1992,A,American Indian or Alaska Native,45,54,All Origins,666,29,all-cause,overall,27.5622907758285,666,nvss,Deaths,age-adjusted rate
1992,A,American Indian or Alaska Native,55,64,All Origins,666,29,all-cause,overall,77.6342765773227,666,nvss,Deaths,age-adjusted rate
1992,A,American Indian or Alaska Native,65,74,All Origins,666,29,all-cause,overall,83.5889830112038,666,nvss,Deaths,age-adjusted rate
1992,A,American Indian or Alaska Native,75,84,All Origins,666,29,all-cause,overall,120.109293378454,666,nvss,Deaths,age-adjusted rate
1992,A,American Indian or Alaska Native,85,150,All Origins,666,29,all-cause,overall,57.4391203493373,666,nvss,Deaths,age-adjusted rate
1992,A,American Indian or Alaska Native,55,64,All Origins,666,29,cvd_ihd,total,5.97186742902483,666,nvss,Deaths,age-adjusted rate
1992,A,American Indian or Alaska Native,65,74,All Origins,666,29,cvd_ihd,total,8.35889830112038,666,nvss,Deaths,age-adjusted rate
1992,A,American Indian or Alaska Native,75,84,All Origins,666,29,cvd_ihd,total,13.3454770420505,666,nvss,Deaths,age-adjusted rate
1992,A,American Indian or Alaska Native,25,34,All Origins,666,29,ncd_lri,total,7.45736692878995,666,nvss,Deaths,age-adjusted rate
1992,A,American Indian or Alaska Native,35,44,All Origins,666,29,ncd_lri,total,8.66810618718217,666,nvss,Deaths,age-adjusted rate
1992,A,American Indian or Alaska Native,45,54,All Origins,666,29,ncd_lri,total,27.5622907758285,666,nvss,Deaths,age-adjusted rate
1992,A,American Indian or Alaska Native,55,64,All Origins,666,29,ncd_lri,total,53.7468068612234,666,nvss,Deaths,age-adjusted rate
1992,A,American Indian or Alaska Native,65,74,All Origins,666,29,ncd_lri,total,83.5889830112038,666,nvss,Deaths,age-adjusted rate
1992,A,American Indian or Alaska Native,75,84,All Origins,666,29,ncd_lri,total,106.763816336404,666,nvss,Deaths,age-adjusted rate
1992,A,American Indian or Alaska Native,85,150,All Origins,666,29,ncd_lri,total,57.4391203493373,666,nvss,Deaths,age-adjusted rate
1992,A,American Indian or Alaska Native,55,64,All Origins,666,29,neo_lung,total,5.97186742902483,666,nvss,Deaths,age-adjusted rate
1992,A,American Indian or Alaska Native,65,74,All Origins,666,29,neo_lung,total,25.0766949033612,666,nvss,Deaths,age-adjusted rate
1992,A,American Indian or Alaska Native,75,84,All Origins,666,29,neo_lung,total,26.690954084101,666,nvss,Deaths,age-adjusted rate
1992,A,American Indian or Alaska Native,55,64,All Origins,666,29,resp_copd,total,5.97186742902483,666,nvss,Deaths,age-adjusted rate
1992,A,American Indian or Alaska Native,75,84,All Origins,666,29,resp_copd,total,13.3454770420505,666,nvss,Deaths,age-adjusted rate
1992,A,American Indian or Alaska Native,65,74,All Origins,666,29,t2_dm,total,8.35889830112038,666,nvss,Deaths,age-adjusted rate
1992,A,American Indian or Alaska Native,25,34,All Origins,666,30,all-cause,overall,33.8225273705702,666,nvss,Deaths,age-adjusted rate
1992,A,American Indian or Alaska Native,35,44,All Origins,666,30,all-cause,overall,41.8980361505932,666,nvss,Deaths,age-adjusted rate
1992,A,American Indian or Alaska Native,45,54,All Origins,666,30,all-cause,overall,96.2614059487476,666,nvss,Deaths,age-adjusted rate
1992,A,American Indian or Alaska Native,55,64,All Origins,666,30,all-cause,overall,162.661729769476,666,nvss,Deaths,age-adjusted rate
1992,A,American Indian or Alaska Native,65,74,All Origins,666,30,all-cause,overall,305.586332685934,666,nvss,Deaths,age-adjusted rate
1992,A,American Indian or Alaska Native,75,84,All Origins,666,30,all-cause,overall,410.80859764225,666,nvss,Deaths,age-adjusted rate
1992,A,American Indian or Alaska Native,85,150,All Origins,666,30,all-cause,overall,240.013467174017,666,nvss,Deaths,age-adjusted rate
1992,A,American Indian or Alaska Native,35,44,All Origins,666,30,cvd_ihd,total,4.92918072359919,666,nvss,Deaths,age-adjusted rate
1992,A,American Indian or Alaska Native,45,54,All Origins,666,30,cvd_ihd,total,3.43790735531242,666,nvss,Deaths,age-adjusted rate
1992,A,American Indian or Alaska Native,55,64,All Origins,666,30,cvd_ihd,total,13.8435514697426,666,nvss,Deaths,age-adjusted rate
1992,A,American Indian or Alaska Native,65,74,All Origins,666,30,cvd_ihd,total,33.423505137524,666,nvss,Deaths,age-adjusted rate
1992,A,American Indian or Alaska Native,75,84,All Origins,666,30,cvd_ihd,total,48.7400031100975,666,nvss,Deaths,age-adjusted rate
1992,A,American Indian or Alaska Native,85,150,All Origins,666,30,cvd_ihd,total,46.1564359950032,666,nvss,Deaths,age-adjusted rate
1992,A,American Indian or Alaska Native,35,44,All Origins,666,30,cvd_stroke,total,2.4645903617996,666,nvss,Deaths,age-adjusted rate
1992,A,American Indian or Alaska Native,45,54,All Origins,666,30,cvd_stroke,total,3.43790735531242,666,nvss,Deaths,age-adjusted rate
1992,A,American Indian or Alaska Native,55,64,All Origins,666,30,cvd_stroke,total,3.46088786743565,666,nvss,Deaths,age-adjusted rate
1992,A,American Indian or Alaska Native,75,84,All Origins,666,30,cvd_stroke,total,6.96285758715678,666,nvss,Deaths,age-adjusted rate
1992,A,American Indian or Alaska Native,25,34,All Origins,666,30,ncd_lri,total,7.12053207801477,666,nvss,Deaths,age-adjusted rate
1992,A,American Indian or Alaska Native,35,44,All Origins,666,30,ncd_lri,total,34.5042650651944,666,nvss,Deaths,age-adjusted rate
1992,A,American Indian or Alaska Native,45,54,All Origins,666,30,ncd_lri,total,65.3202397509359,666,nvss,Deaths,age-adjusted rate
1992,A,American Indian or Alaska Native,55,64,All Origins,666,30,ncd_lri,total,128.052851095119,666,nvss,Deaths,age-adjusted rate
1992,A,American Indian or Alaska Native,65,74,All Origins,666,30,ncd_lri,total,281.712400444845,666,nvss,Deaths,age-adjusted rate
1992,A,American Indian or Alaska Native,75,84,All Origins,666,30,ncd_lri,total,355.105736944996,666,nvss,Deaths,age-adjusted rate
1992,A,American Indian or Alaska Native,85,150,All Origins,666,30,ncd_lri,total,193.857031179013,666,nvss,Deaths,age-adjusted rate
1992,A,American Indian or Alaska Native,35,44,All Origins,666,30,neo_lung,total,2.4645903617996,666,nvss,Deaths,age-adjusted rate
1992,A,American Indian or Alaska Native,45,54,All Origins,666,30,neo_lung,total,6.87581471062483,666,nvss,Deaths,age-adjusted rate
1992,A,American Indian or Alaska Native,55,64,All Origins,666,30,neo_lung,total,3.46088786743565,666,nvss,Deaths,age-adjusted rate
1992,A,American Indian or Alaska Native,65,74,All Origins,666,30,neo_lung,total,42.9730780339595,666,nvss,Deaths,age-adjusted rate
1992,A,American Indian or Alaska Native,75,84,All Origins,666,30,neo_lung,total,20.8885727614703,666,nvss,Deaths,age-adjusted rate
1992,A,American Indian or Alaska Native,55,64,All Origins,666,30,resp_copd,total,17.3044393371782,666,nvss,Deaths,age-adjusted rate
1992,A,American Indian or Alaska Native,65,74,All Origins,666,30,resp_copd,total,4.77478644821772,666,nvss,Deaths,age-adjusted rate
1992,A,American Indian or Alaska Native,75,84,All Origins,666,30,resp_copd,total,34.8142879357839,666,nvss,Deaths,age-adjusted rate
1992,A,American Indian or Alaska Native,85,150,All Origins,666,30,resp_copd,total,27.6938615970019,666,nvss,Deaths,age-adjusted rate
1992,A,American Indian or Alaska Native,35,44,All Origins,666,30,t2_dm,total,2.4645903617996,666,nvss,Deaths,age-adjusted rate
1992,A,American Indian or Alaska Native,45,54,All Origins,666,30,t2_dm,total,3.43790735531242,666,nvss,Deaths,age-adjusted rate
1992,A,American Indian or Alaska Native,55,64,All Origins,666,30,t2_dm,total,13.8435514697426,666,nvss,Deaths,age-adjusted rate
1992,A,American Indian or Alaska Native,65,74,All Origins,666,30,t2_dm,total,19.0991457928709,666,nvss,Deaths,age-adjusted rate
1992,A,American Indian or Alaska Native,75,84,All Origins,666,30,t2_dm,total,27.8514303486271,666,nvss,Deaths,age-adjusted rate
1992,A,American Indian or Alaska Native,25,34,All Origins,666,31,all-cause,overall,33.0026608484424,666,nvss,Deaths,age-adjusted rate
1992,A,American Indian or Alaska Native,35,44,All Origins,666,31,all-cause,overall,112.997497965061,666,nvss,Deaths,age-adjusted rate
1992,A,American Indian or Alaska Native,45,54,All Origins,666,31,all-cause,overall,154.337356007168,666,nvss,Deaths,age-adjusted rate
1992,A,American Indian or Alaska Native,55,64,All Origins,666,31,all-cause,overall,325.683827037918,666,nvss,Deaths,age-adjusted rate
1992,A,American Indian or Alaska Native,65,74,All Origins,666,31,all-cause,overall,301.015596940632,666,nvss,Deaths,age-adjusted rate
1992,A,American Indian or Alaska Native,75,84,All Origins,666,31,all-cause,overall,307.128786721162,666,nvss,Deaths,age-adjusted rate
1992,A,American Indian or Alaska Native,85,150,All Origins,666,31,all-cause,overall,422.960795299666,666,nvss,Deaths,age-adjusted rate
1992,A,American Indian or Alaska Native,65,74,All Origins,666,31,cvd_ihd,total,37.6269496175789,666,nvss,Deaths,age-adjusted rate
1992,A,American Indian or Alaska Native,75,84,All Origins,666,31,cvd_ihd,total,92.1386360163486,666,nvss,Deaths,age-adjusted rate
1992,A,American Indian or Alaska Native,85,150,All Origins,666,31,cvd_ihd,total,93.9912878443701,666,nvss,Deaths,age-adjusted rate
1992,A,American Indian or Alaska Native,45,54,All Origins,666,31,cvd_stroke,total,14.0306687279243,666,nvss,Deaths,age-adjusted rate
1992,A,American Indian or Alaska Native,25,34,All Origins,666,31,ncd_lri,total,19.8015965090654,666,nvss,Deaths,age-adjusted rate
1992,A,American Indian or Alaska Native,35,44,All Origins,666,31,ncd_lri,total,71.9074987050387,666,nvss,Deaths,age-adjusted rate
1992,A,American Indian or Alaska Native,45,54,All Origins,666,31,ncd_lri,total,126.276018551319,666,nvss,Deaths,age-adjusted rate
1992,A,American Indian or Alaska Native,55,64,All Origins,666,31,ncd_lri,total,257.118810819409,666,nvss,Deaths,age-adjusted rate
1992,A,American Indian or Alaska Native,65,74,All Origins,666,31,ncd_lri,total,282.202122131842,666,nvss,Deaths,age-adjusted rate
1992,A,American Indian or Alaska Native,75,84,All Origins,666,31,ncd_lri,total,276.415908049046,666,nvss,Deaths,age-adjusted rate
1992,A,American Indian or Alaska Native,85,150,All Origins,666,31,ncd_lri,total,328.969507455295,666,nvss,Deaths,age-adjusted rate
1992,A,American Indian or Alaska Native,45,54,All Origins,666,31,neo_lung,total,14.0306687279243,666,nvss,Deaths,age-adjusted rate
1992,A,American Indian or Alaska Native,75,84,All Origins,666,31,neo_lung,total,30.7128786721162,666,nvss,Deaths,age-adjusted rate
1992,A,American Indian or Alaska Native,85,150,All Origins,666,31,neo_lung,total,46.9956439221851,666,nvss,Deaths,age-adjusted rate
1992,A,American Indian or Alaska Native,45,54,All Origins,666,31,resp_copd,total,14.0306687279243,666,nvss,Deaths,age-adjusted rate
1992,A,American Indian or Alaska Native,55,64,All Origins,666,31,t2_dm,total,34.2825081092545,666,nvss,Deaths,age-adjusted rate
1992,A,American Indian or Alaska Native,25,34,All Origins,666,32,all-cause,overall,15.2092136824547,666,nvss,Deaths,age-adjusted rate
1992,A,American Indian or Alaska Native,35,44,All Origins,666,32,all-cause,overall,36.9576527435312,666,nvss,Deaths,age-adjusted rate
1992,A,American Indian or Alaska Native,45,54,All Origins,666,32,all-cause,overall,75.1651562684214,666,nvss,Deaths,age-adjusted rate
1992,A,American Indian or Alaska Native,55,64,All Origins,666,32,all-cause,overall,100.286187515003,666,nvss,Deaths,age-adjusted rate
1992,A,American Indian or Alaska Native,65,74,All Origins,666,32,all-cause,overall,201.327123716009,666,nvss,Deaths,age-adjusted rate
1992,A,American Indian or Alaska Native,75,84,All Origins,666,32,all-cause,overall,257.04918837682,666,nvss,Deaths,age-adjusted rate
1992,A,American Indian or Alaska Native,85,150,All Origins,666,32,all-cause,overall,164.2083087634,666,nvss,Deaths,age-adjusted rate
1992,A,American Indian or Alaska Native,25,34,All Origins,666,32,cvd_ihd,total,3.04184273649094,666,nvss,Deaths,age-adjusted rate
1992,A,American Indian or Alaska Native,45,54,All Origins,666,32,cvd_ihd,total,5.78193509757088,666,nvss,Deaths,age-adjusted rate
1992,A,American Indian or Alaska Native,65,74,All Origins,666,32,cvd_ihd,total,24.1592548459211,666,nvss,Deaths,age-adjusted rate
1992,A,American Indian or Alaska Native,75,84,All Origins,666,32,cvd_ihd,total,57.1220418615155,666,nvss,Deaths,age-adjusted rate
1992,A,American Indian or Alaska Native,85,150,All Origins,666,32,cvd_ihd,total,18.2453676403777,666,nvss,Deaths,age-adjusted rate
1992,A,American Indian or Alaska Native,65,74,All Origins,666,32,cvd_stroke,total,8.05308494864037,666,nvss,Deaths,age-adjusted rate
1992,A,American Indian or Alaska Native,25,34,All Origins,666,32,ncd_lri,total,6.08368547298188,666,nvss,Deaths,age-adjusted rate
1992,A,American Indian or Alaska Native,35,44,All Origins,666,32,ncd_lri,total,18.4788263717656,666,nvss,Deaths,age-adjusted rate
1992,A,American Indian or Alaska Native,45,54,All Origins,666,32,ncd_lri,total,69.3832211708506,666,nvss,Deaths,age-adjusted rate
1992,A,American Indian or Alaska Native,55,64,All Origins,666,32,ncd_lri,total,81.48252735594,666,nvss,Deaths,age-adjusted rate
1992,A,American Indian or Alaska Native,65,74,All Origins,666,32,ncd_lri,total,193.274038767369,666,nvss,Deaths,age-adjusted rate
1992,A,American Indian or Alaska Native,75,84,All Origins,666,32,ncd_lri,total,214.207656980683,666,nvss,Deaths,age-adjusted rate
1992,A,American Indian or Alaska Native,85,150,All Origins,666,32,ncd_lri,total,145.962941123022,666,nvss,Deaths,age-adjusted rate
1992,A,American Indian or Alaska Native,45,54,All Origins,666,32,neo_lung,total,5.78193509757088,666,nvss,Deaths,age-adjusted rate
1992,A,American Indian or Alaska Native,65,74,All Origins,666,32,neo_lung,total,8.05308494864037,666,nvss,Deaths,age-adjusted rate
1992,A,American Indian or Alaska Native,75,84,All Origins,666,32,neo_lung,total,14.2805104653789,666,nvss,Deaths,age-adjusted rate
1992,A,American Indian or Alaska Native,65,74,All Origins,666,32,resp_copd,total,8.05308494864037,666,nvss,Deaths,age-adjusted rate
1992,A,American Indian or Alaska Native,75,84,All Origins,666,32,resp_copd,total,14.2805104653789,666,nvss,Deaths,age-adjusted rate
1992,A,American Indian or Alaska Native,55,64,All Origins,666,32,t2_dm,total,6.26788671968769,666,nvss,Deaths,age-adjusted rate
1992,A,American Indian or Alaska Native,85,150,All Origins,666,32,t2_dm,total,18.2453676403777,666,nvss,Deaths,age-adjusted rate
1992,A,American Indian or Alaska Native,35,44,All Origins,666,33,all-cause,overall,37.2967137778756,666,nvss,Deaths,age-adjusted rate
1992,A,American Indian or Alaska Native,55,64,All Origins,666,33,all-cause,overall,72.7074859483773,666,nvss,Deaths,age-adjusted rate
1992,A,American Indian or Alaska Native,35,44,All Origins,666,33,ncd_lri,total,37.2967137778756,666,nvss,Deaths,age-adjusted rate
1992,A,American Indian or Alaska Native,55,64,All Origins,666,33,ncd_lri,total,72.7074859483773,666,nvss,Deaths,age-adjusted rate
1992,A,American Indian or Alaska Native,55,64,All Origins,666,33,neo_lung,total,72.7074859483773,666,nvss,Deaths,age-adjusted rate
1992,A,American Indian or Alaska Native,25,34,All Origins,666,34,all-cause,overall,12.0797384109357,666,nvss,Deaths,age-adjusted rate
1992,A,American Indian or Alaska Native,35,44,All Origins,666,34,all-cause,overall,16.2343100237808,666,nvss,Deaths,age-adjusted rate
1992,A,American Indian or Alaska Native,45,54,All Origins,666,34,all-cause,overall,49.4936069914772,666,nvss,Deaths,age-adjusted rate
1992,A,American Indian or Alaska Native,55,64,All Origins,666,34,all-cause,overall,51.0654583583921,666,nvss,Deaths,age-adjusted rate
1992,A,American Indian or Alaska Native,65,74,All Origins,666,34,all-cause,overall,76.0970127029013,666,nvss,Deaths,age-adjusted rate
1992,A,American Indian or Alaska Native,75,84,All Origins,666,34,all-cause,overall,203.82183118768,666,nvss,Deaths,age-adjusted rate
1992,A,American Indian or Alaska Native,85,150,All Origins,666,34,all-cause,overall,152.044730336481,666,nvss,Deaths,age-adjusted rate
1992,A,American Indian or Alaska Native,55,64,All Origins,666,34,cvd_ihd,total,7.29506547977029,666,nvss,Deaths,age-adjusted rate
1992,A,American Indian or Alaska Native,65,74,All Origins,666,34,cvd_ihd,total,16.9104472673114,666,nvss,Deaths,age-adjusted rate
1992,A,American Indian or Alaska Native,75,84,All Origins,666,34,cvd_ihd,total,27.1762441583574,666,nvss,Deaths,age-adjusted rate
1992,A,American Indian or Alaska Native,85,150,All Origins,666,34,cvd_ihd,total,15.2044730336481,666,nvss,Deaths,age-adjusted rate
1992,A,American Indian or Alaska Native,55,64,All Origins,666,34,cvd_stroke,total,7.29506547977029,666,nvss,Deaths,age-adjusted rate
1992,A,American Indian or Alaska Native,25,34,All Origins,666,34,ncd_lri,total,8.05315894062378,666,nvss,Deaths,age-adjusted rate
1992,A,American Indian or Alaska Native,35,44,All Origins,666,34,ncd_lri,total,16.2343100237808,666,nvss,Deaths,age-adjusted rate
1992,A,American Indian or Alaska Native,45,54,All Origins,666,34,ncd_lri,total,35.3525764224837,666,nvss,Deaths,age-adjusted rate
1992,A,American Indian or Alaska Native,55,64,All Origins,666,34,ncd_lri,total,51.0654583583921,666,nvss,Deaths,age-adjusted rate
1992,A,American Indian or Alaska Native,65,74,All Origins,666,34,ncd_lri,total,76.0970127029013,666,nvss,Deaths,age-adjusted rate
1992,A,American Indian or Alaska Native,75,84,All Origins,666,34,ncd_lri,total,190.233709108502,666,nvss,Deaths,age-adjusted rate
1992,A,American Indian or Alaska Native,85,150,All Origins,666,34,ncd_lri,total,152.044730336481,666,nvss,Deaths,age-adjusted rate
1992,A,American Indian or Alaska Native,65,74,All Origins,666,34,neo_lung,total,8.4552236336557,666,nvss,Deaths,age-adjusted rate
1992,A,American Indian or Alaska Native,45,54,All Origins,666,34,resp_copd,total,7.07051528449675,666,nvss,Deaths,age-adjusted rate
1992,A,American Indian or Alaska Native,65,74,All Origins,666,34,resp_copd,total,8.4552236336557,666,nvss,Deaths,age-adjusted rate
1992,A,American Indian or Alaska Native,75,84,All Origins,666,34,resp_copd,total,13.5881220791787,666,nvss,Deaths,age-adjusted rate
1992,A,American Indian or Alaska Native,85,150,All Origins,666,34,resp_copd,total,15.2044730336481,666,nvss,Deaths,age-adjusted rate
1992,A,American Indian or Alaska Native,65,74,All Origins,666,34,t2_dm,total,8.4552236336557,666,nvss,Deaths,age-adjusted rate
1992,A,American Indian or Alaska Native,25,34,All Origins,666,35,all-cause,overall,49.3509572176021,666,nvss,Deaths,age-adjusted rate
1992,A,American Indian or Alaska Native,35,44,All Origins,666,35,all-cause,overall,70.9234674212333,666,nvss,Deaths,age-adjusted rate
1992,A,American Indian or Alaska Native,45,54,All Origins,666,35,all-cause,overall,71.8333477292273,666,nvss,Deaths,age-adjusted rate
1992,A,American Indian or Alaska Native,55,64,All Origins,666,35,all-cause,overall,107.93204852361,666,nvss,Deaths,age-adjusted rate
1992,A,American Indian or Alaska Native,65,74,All Origins,666,35,all-cause,overall,161.951346006462,666,nvss,Deaths,age-adjusted rate
1992,A,American Indian or Alaska Native,75,84,All Origins,666,35,all-cause,overall,225.963566669861,666,nvss,Deaths,age-adjusted rate
1992,A,American Indian or Alaska Native,85,150,All Origins,666,35,all-cause,overall,152.427014229899,666,nvss,Deaths,age-adjusted rate
1992,A,American Indian or Alaska Native,55,64,All Origins,666,35,cvd_ihd,total,1.17317444047402,666,nvss,Deaths,age-adjusted rate
1992,A,American Indian or Alaska Native,65,74,All Origins,666,35,cvd_ihd,total,5.8360845407734,666,nvss,Deaths,age-adjusted rate
1992,A,American Indian or Alaska Native,75,84,All Origins,666,35,cvd_ihd,total,9.26080191269923,666,nvss,Deaths,age-adjusted rate
1992,A,American Indian or Alaska Native,85,150,All Origins,666,35,cvd_ihd,total,3.54481428441625,666,nvss,Deaths,age-adjusted rate
1992,A,American Indian or Alaska Native,55,64,All Origins,666,35,cvd_stroke,total,1.17317444047402,666,nvss,Deaths,age-adjusted rate
1992,A,American Indian or Alaska Native,65,74,All Origins,666,35,cvd_stroke,total,2.9180422703867,666,nvss,Deaths,age-adjusted rate
1992,A,American Indian or Alaska Native,75,84,All Origins,666,35,cvd_stroke,total,1.85216038253985,666,nvss,Deaths,age-adjusted rate
1992,A,American Indian or Alaska Native,85,150,All Origins,666,35,cvd_stroke,total,1.77240714220812,666,nvss,Deaths,age-adjusted rate
1992,A,American Indian or Alaska Native,25,34,All Origins,666,35,ncd_lri,total,13.4593519684369,666,nvss,Deaths,age-adjusted rate
1992,A,American Indian or Alaska Native,35,44,All Origins,666,35,ncd_lri,total,37.1915743794272,666,nvss,Deaths,age-adjusted rate
1992,A,American Indian or Alaska Native,45,54,All Origins,666,35,ncd_lri,total,45.926238712129,666,nvss,Deaths,age-adjusted rate
1992,A,American Indian or Alaska Native,55,64,All Origins,666,35,ncd_lri,total,84.4685597141293,666,nvss,Deaths,age-adjusted rate
1992,A,American Indian or Alaska Native,65,74,All Origins,666,35,ncd_lri,total,135.688965572982,666,nvss,Deaths,age-adjusted rate
1992,A,American Indian or Alaska Native,75,84,All Origins,666,35,ncd_lri,total,200.033321314303,666,nvss,Deaths,age-adjusted rate
1992,A,American Indian or Alaska Native,85,150,All Origins,666,35,ncd_lri,total,124.068499954569,666,nvss,Deaths,age-adjusted rate
1992,A,American Indian or Alaska Native,45,54,All Origins,666,35,neo_lung,total,2.35519172882713,666,nvss,Deaths,age-adjusted rate
1992,A,American Indian or Alaska Native,55,64,All Origins,666,35,neo_lung,total,1.17317444047402,666,nvss,Deaths,age-adjusted rate
1992,A,American Indian or Alaska Native,85,150,All Origins,666,35,neo_lung,total,1.77240714220812,666,nvss,Deaths,age-adjusted rate
1992,A,American Indian or Alaska Native,35,44,All Origins,666,35,resp_copd,total,0.864920334405284,666,nvss,Deaths,age-adjusted rate
1992,A,American Indian or Alaska Native,45,54,All Origins,666,35,resp_copd,total,1.17759586441356,666,nvss,Deaths,age-adjusted rate
1992,A,American Indian or Alaska Native,65,74,All Origins,666,35,resp_copd,total,1.45902113519335,666,nvss,Deaths,age-adjusted rate
1992,A,American Indian or Alaska Native,75,84,All Origins,666,35,resp_copd,total,5.55648114761954,666,nvss,Deaths,age-adjusted rate
1992,A,American Indian or Alaska Native,85,150,All Origins,666,35,resp_copd,total,8.86203571104061,666,nvss,Deaths,age-adjusted rate
1992,A,American Indian or Alaska Native,35,44,All Origins,666,35,t2_dm,total,0.864920334405284,666,nvss,Deaths,age-adjusted rate
1992,A,American Indian or Alaska Native,45,54,All Origins,666,35,t2_dm,total,2.35519172882713,666,nvss,Deaths,age-adjusted rate
1992,A,American Indian or Alaska Native,55,64,All Origins,666,35,t2_dm,total,17.5976166071103,666,nvss,Deaths,age-adjusted rate
1992,A,American Indian or Alaska Native,65,74,All Origins,666,35,t2_dm,total,23.3443381630936,666,nvss,Deaths,age-adjusted rate
1992,A,American Indian or Alaska Native,75,84,All Origins,666,35,t2_dm,total,20.3737642079383,666,nvss,Deaths,age-adjusted rate
1992,A,American Indian or Alaska Native,85,150,All Origins,666,35,t2_dm,total,12.4068499954569,666,nvss,Deaths,age-adjusted rate
1992,A,American Indian or Alaska Native,25,34,All Origins,666,36,all-cause,overall,9.96801196716427,666,nvss,Deaths,age-adjusted rate
1992,A,American Indian or Alaska Native,35,44,All Origins,666,36,all-cause,overall,20.9301963366489,666,nvss,Deaths,age-adjusted rate
1992,A,American Indian or Alaska Native,45,54,All Origins,666,36,all-cause,overall,44.9949031619643,666,nvss,Deaths,age-adjusted rate
1992,A,American Indian or Alaska Native,55,64,All Origins,666,36,all-cause,overall,83.0207186310305,666,nvss,Deaths,age-adjusted rate
1992,A,American Indian or Alaska Native,65,74,All Origins,666,36,all-cause,overall,90.1111464861858,666,nvss,Deaths,age-adjusted rate
1992,A,American Indian or Alaska Native,75,84,All Origins,666,36,all-cause,overall,131.884714297911,666,nvss,Deaths,age-adjusted rate
1992,A,American Indian or Alaska Native,85,150,All Origins,666,36,all-cause,overall,77.5428124716054,666,nvss,Deaths,age-adjusted rate
1992,A,American Indian or Alaska Native,45,54,All Origins,666,36,cvd_ihd,total,3.74957526349702,666,nvss,Deaths,age-adjusted rate
1992,A,American Indian or Alaska Native,55,64,All Origins,666,36,cvd_ihd,total,11.5842863206089,666,nvss,Deaths,age-adjusted rate
1992,A,American Indian or Alaska Native,65,74,All Origins,666,36,cvd_ihd,total,6.93162665278352,666,nvss,Deaths,age-adjusted rate
1992,A,American Indian or Alaska Native,75,84,All Origins,666,36,cvd_ihd,total,20.8239022575649,666,nvss,Deaths,age-adjusted rate
1992,A,American Indian or Alaska Native,85,150,All Origins,666,36,cvd_ihd,total,30.1555381834021,666,nvss,Deaths,age-adjusted rate
1992,A,American Indian or Alaska Native,45,54,All Origins,666,36,cvd_stroke,total,1.87478763174851,666,nvss,Deaths,age-adjusted rate
1992,A,American Indian or Alaska Native,55,64,All Origins,666,36,cvd_stroke,total,3.8614287735363,666,nvss,Deaths,age-adjusted rate
1992,A,American Indian or Alaska Native,65,74,All Origins,666,36,cvd_stroke,total,2.31054221759451,666,nvss,Deaths,age-adjusted rate
1992,A,American Indian or Alaska Native,85,150,All Origins,666,36,cvd_stroke,total,4.3079340262003,666,nvss,Deaths,age-adjusted rate
1992,A,American Indian or Alaska Native,25,34,All Origins,666,36,ncd_lri,total,3.98720478686571,666,nvss,Deaths,age-adjusted rate
1992,A,American Indian or Alaska Native,35,44,All Origins,666,36,ncd_lri,total,13.9534642244326,666,nvss,Deaths,age-adjusted rate
1992,A,American Indian or Alaska Native,45,54,All Origins,666,36,ncd_lri,total,41.2453278984673,666,nvss,Deaths,age-adjusted rate
1992,A,American Indian or Alaska Native,55,64,All Origins,666,36,ncd_lri,total,75.2978610839578,666,nvss,Deaths,age-adjusted rate
1992,A,American Indian or Alaska Native,65,74,All Origins,666,36,ncd_lri,total,83.1795198334023,666,nvss,Deaths,age-adjusted rate
1992,A,American Indian or Alaska Native,75,84,All Origins,666,36,ncd_lri,total,121.472763169128,666,nvss,Deaths,age-adjusted rate
1992,A,American Indian or Alaska Native,85,150,All Origins,666,36,ncd_lri,total,77.5428124716054,666,nvss,Deaths,age-adjusted rate
1992,A,American Indian or Alaska Native,55,64,All Origins,666,36,neo_lung,total,5.79214316030445,666,nvss,Deaths,age-adjusted rate
1992,A,American Indian or Alaska Native,65,74,All Origins,666,36,neo_lung,total,6.93162665278352,666,nvss,Deaths,age-adjusted rate
1992,A,American Indian or Alaska Native,85,150,All Origins,666,36,neo_lung,total,4.3079340262003,666,nvss,Deaths,age-adjusted rate
1992,A,American Indian or Alaska Native,55,64,All Origins,666,36,resp_copd,total,1.93071438676815,666,nvss,Deaths,age-adjusted rate
1992,A,American Indian or Alaska Native,65,74,All Origins,666,36,resp_copd,total,2.31054221759451,666,nvss,Deaths,age-adjusted rate
1992,A,American Indian or Alaska Native,75,84,All Origins,666,36,resp_copd,total,3.47065037626081,666,nvss,Deaths,age-adjusted rate
1992,A,American Indian or Alaska Native,55,64,All Origins,666,36,t2_dm,total,1.93071438676815,666,nvss,Deaths,age-adjusted rate
1992,A,American Indian or Alaska Native,65,74,All Origins,666,36,t2_dm,total,6.93162665278352,666,nvss,Deaths,age-adjusted rate
1992,A,American Indian or Alaska Native,85,150,All Origins,666,36,t2_dm,total,4.3079340262003,666,nvss,Deaths,age-adjusted rate
1992,A,American Indian or Alaska Native,25,34,All Origins,666,37,all-cause,overall,24.0534615650772,666,nvss,Deaths,age-adjusted rate
1992,A,American Indian or Alaska Native,35,44,All Origins,666,37,all-cause,overall,43.6788185371486,666,nvss,Deaths,age-adjusted rate
1992,A,American Indian or Alaska Native,45,54,All Origins,666,37,all-cause,overall,89.9326427181964,666,nvss,Deaths,age-adjusted rate
1992,A,American Indian or Alaska Native,55,64,All Origins,666,37,all-cause,overall,113.016817536338,666,nvss,Deaths,age-adjusted rate
1992,A,American Indian or Alaska Native,65,74,All Origins,666,37,all-cause,overall,160.92152342975,666,nvss,Deaths,age-adjusted rate
1992,A,American Indian or Alaska Native,75,84,All Origins,666,37,all-cause,overall,268.454806603774,666,nvss,Deaths,age-adjusted rate
1992,A,American Indian or Alaska Native,85,150,All Origins,666,37,all-cause,overall,200.863911824038,666,nvss,Deaths,age-adjusted rate
1992,A,American Indian or Alaska Native,45,54,All Origins,666,37,cvd_ihd,total,8.0297002426961,666,nvss,Deaths,age-adjusted rate
1992,A,American Indian or Alaska Native,55,64,All Origins,666,37,cvd_ihd,total,3.47744053957962,666,nvss,Deaths,age-adjusted rate
1992,A,American Indian or Alaska Native,65,74,All Origins,666,37,cvd_ihd,total,7.66292968713096,666,nvss,Deaths,age-adjusted rate
1992,A,American Indian or Alaska Native,75,84,All Origins,666,37,cvd_ihd,total,38.350686657682,666,nvss,Deaths,age-adjusted rate
1992,A,American Indian or Alaska Native,85,150,All Origins,666,37,cvd_ihd,total,28.0275225800983,666,nvss,Deaths,age-adjusted rate
1992,A,American Indian or Alaska Native,75,84,All Origins,666,37,cvd_stroke,total,5.90010563964338,666,nvss,Deaths,age-adjusted rate
1992,A,American Indian or Alaska Native,25,34,All Origins,666,37,ncd_lri,total,5.77283077561854,666,nvss,Deaths,age-adjusted rate
1992,A,American Indian or Alaska Native,35,44,All Origins,666,37,ncd_lri,total,24.4087515354654,666,nvss,Deaths,age-adjusted rate
1992,A,American Indian or Alaska Native,45,54,All Origins,666,37,ncd_lri,total,75.4791822813434,666,nvss,Deaths,age-adjusted rate
1992,A,American Indian or Alaska Native,55,64,All Origins,666,37,ncd_lri,total,107.800656726968,666,nvss,Deaths,age-adjusted rate
1992,A,American Indian or Alaska Native,65,74,All Origins,666,37,ncd_lri,total,143.679931633706,666,nvss,Deaths,age-adjusted rate
1992,A,American Indian or Alaska Native,75,84,All Origins,666,37,ncd_lri,total,247.804436865022,666,nvss,Deaths,age-adjusted rate
1992,A,American Indian or Alaska Native,85,150,All Origins,666,37,ncd_lri,total,182.178896770639,666,nvss,Deaths,age-adjusted rate
1992,A,American Indian or Alaska Native,35,44,All Origins,666,37,neo_lung,total,1.28467113344555,666,nvss,Deaths,age-adjusted rate
1992,A,American Indian or Alaska Native,45,54,All Origins,666,37,neo_lung,total,4.81782014561766,666,nvss,Deaths,age-adjusted rate
1992,A,American Indian or Alaska Native,55,64,All Origins,666,37,neo_lung,total,17.3872026978981,666,nvss,Deaths,age-adjusted rate
1992,A,American Indian or Alaska Native,65,74,All Origins,666,37,neo_lung,total,21.0730566396101,666,nvss,Deaths,age-adjusted rate
1992,A,American Indian or Alaska Native,75,84,All Origins,666,37,neo_lung,total,8.85015845946506,666,nvss,Deaths,age-adjusted rate
1992,A,American Indian or Alaska Native,35,44,All Origins,666,37,resp_copd,total,1.28467113344555,666,nvss,Deaths,age-adjusted rate
1992,A,American Indian or Alaska Native,45,54,All Origins,666,37,resp_copd,total,1.60594004853922,666,nvss,Deaths,age-adjusted rate
1992,A,American Indian or Alaska Native,55,64,All Origins,666,37,resp_copd,total,5.21616080936943,666,nvss,Deaths,age-adjusted rate
1992,A,American Indian or Alaska Native,65,74,All Origins,666,37,resp_copd,total,7.66292968713096,666,nvss,Deaths,age-adjusted rate
1992,A,American Indian or Alaska Native,75,84,All Origins,666,37,resp_copd,total,8.85015845946506,666,nvss,Deaths,age-adjusted rate
1992,A,American Indian or Alaska Native,35,44,All Origins,666,37,t2_dm,total,1.28467113344555,666,nvss,Deaths,age-adjusted rate
1992,A,American Indian or Alaska Native,45,54,All Origins,666,37,t2_dm,total,1.60594004853922,666,nvss,Deaths,age-adjusted rate
1992,A,American Indian or Alaska Native,55,64,All Origins,666,37,t2_dm,total,8.69360134894905,666,nvss,Deaths,age-adjusted rate
1992,A,American Indian or Alaska Native,65,74,All Origins,666,37,t2_dm,total,5.74719726534822,666,nvss,Deaths,age-adjusted rate
1992,A,American Indian or Alaska Native,75,84,All Origins,666,37,t2_dm,total,14.7502640991084,666,nvss,Deaths,age-adjusted rate
1992,A,American Indian or Alaska Native,85,150,All Origins,666,37,t2_dm,total,4.67125376334972,666,nvss,Deaths,age-adjusted rate
1992,A,American Indian or Alaska Native,25,34,All Origins,666,38,all-cause,overall,35.3561934191421,666,nvss,Deaths,age-adjusted rate
1992,A,American Indian or Alaska Native,35,44,All Origins,666,38,all-cause,overall,83.6866758811386,666,nvss,Deaths,age-adjusted rate
1992,A,American Indian or Alaska Native,45,54,All Origins,666,38,all-cause,overall,145.477558377723,666,nvss,Deaths,age-adjusted rate
1992,A,American Indian or Alaska Native,55,64,All Origins,666,38,all-cause,overall,211.733933975191,666,nvss,Deaths,age-adjusted rate
1992,A,American Indian or Alaska Native,65,74,All Origins,666,38,all-cause,overall,237.143330255542,666,nvss,Deaths,age-adjusted rate
1992,A,American Indian or Alaska Native,75,84,All Origins,666,38,all-cause,overall,548.751083966832,666,nvss,Deaths,age-adjusted rate
1992,A,American Indian or Alaska Native,85,150,All Origins,666,38,all-cause,overall,382.095017976026,666,nvss,Deaths,age-adjusted rate
1992,A,American Indian or Alaska Native,45,54,All Origins,666,38,cvd_ihd,total,15.3134271976551,666,nvss,Deaths,age-adjusted rate
1992,A,American Indian or Alaska Native,55,64,All Origins,666,38,cvd_ihd,total,7.30117013707554,666,nvss,Deaths,age-adjusted rate
1992,A,American Indian or Alaska Native,65,74,All Origins,666,38,cvd_ihd,total,36.4835892700834,666,nvss,Deaths,age-adjusted rate
1992,A,American Indian or Alaska Native,75,84,All Origins,666,38,cvd_ihd,total,31.3572047981047,666,nvss,Deaths,age-adjusted rate
1992,A,American Indian or Alaska Native,85,150,All Origins,666,38,cvd_stroke,total,22.4761775280016,666,nvss,Deaths,age-adjusted rate
1992,A,American Indian or Alaska Native,25,34,All Origins,666,38,ncd_lri,total,12.8567976069608,666,nvss,Deaths,age-adjusted rate
1992,A,American Indian or Alaska Native,35,44,All Origins,666,38,ncd_lri,total,52.3041724257116,666,nvss,Deaths,age-adjusted rate
1992,A,American Indian or Alaska Native,45,54,All Origins,666,38,ncd_lri,total,107.193990383586,666,nvss,Deaths,age-adjusted rate
1992,A,American Indian or Alaska Native,55,64,All Origins,666,38,ncd_lri,total,189.830423563964,666,nvss,Deaths,age-adjusted rate
1992,A,American Indian or Alaska Native,65,74,All Origins,666,38,ncd_lri,total,218.901535620501,666,nvss,Deaths,age-adjusted rate
1992,A,American Indian or Alaska Native,75,84,All Origins,666,38,ncd_lri,total,454.679469572518,666,nvss,Deaths,age-adjusted rate
1992,A,American Indian or Alaska Native,85,150,All Origins,666,38,ncd_lri,total,337.142662920023,666,nvss,Deaths,age-adjusted rate
1992,A,American Indian or Alaska Native,45,54,All Origins,666,38,neo_lung,total,7.65671359882754,666,nvss,Deaths,age-adjusted rate
1992,A,American Indian or Alaska Native,55,64,All Origins,666,38,neo_lung,total,36.5058506853777,666,nvss,Deaths,age-adjusted rate
1992,A,American Indian or Alaska Native,65,74,All Origins,666,38,neo_lung,total,18.2417946350417,666,nvss,Deaths,age-adjusted rate
1992,A,American Indian or Alaska Native,75,84,All Origins,666,38,neo_lung,total,15.6786023990523,666,nvss,Deaths,age-adjusted rate
1992,A,American Indian or Alaska Native,45,54,All Origins,666,38,resp_copd,total,7.65671359882754,666,nvss,Deaths,age-adjusted rate
1992,A,American Indian or Alaska Native,65,74,All Origins,666,38,resp_copd,total,18.2417946350417,666,nvss,Deaths,age-adjusted rate
1992,A,American Indian or Alaska Native,75,84,All Origins,666,38,resp_copd,total,15.6786023990523,666,nvss,Deaths,age-adjusted rate
1992,A,American Indian or Alaska Native,35,44,All Origins,666,38,t2_dm,total,5.23041724257116,666,nvss,Deaths,age-adjusted rate
1992,A,American Indian or Alaska Native,45,54,All Origins,666,38,t2_dm,total,22.9701407964826,666,nvss,Deaths,age-adjusted rate
1992,A,American Indian or Alaska Native,55,64,All Origins,666,38,t2_dm,total,21.9035104112266,666,nvss,Deaths,age-adjusted rate
1992,A,American Indian or Alaska Native,65,74,All Origins,666,38,t2_dm,total,9.12089731752086,666,nvss,Deaths,age-adjusted rate
1992,A,American Indian or Alaska Native,75,84,All Origins,666,38,t2_dm,total,78.3930119952617,666,nvss,Deaths,age-adjusted rate
1992,A,American Indian or Alaska Native,85,150,All Origins,666,38,t2_dm,total,22.4761775280016,666,nvss,Deaths,age-adjusted rate
1992,A,American Indian or Alaska Native,35,44,All Origins,666,39,all-cause,overall,19.4886951188324,666,nvss,Deaths,age-adjusted rate
1992,A,American Indian or Alaska Native,45,54,All Origins,666,39,all-cause,overall,30.760774100841,666,nvss,Deaths,age-adjusted rate
1992,A,American Indian or Alaska Native,55,64,All Origins,666,39,all-cause,overall,41.1551807254966,666,nvss,Deaths,age-adjusted rate
1992,A,American Indian or Alaska Native,65,74,All Origins,666,39,all-cause,overall,48.6149422666388,666,nvss,Deaths,age-adjusted rate
1992,A,American Indian or Alaska Native,75,84,All Origins,666,39,all-cause,overall,197.603538032802,666,nvss,Deaths,age-adjusted rate
1992,A,American Indian or Alaska Native,85,150,All Origins,666,39,all-cause,overall,52.2760533516441,666,nvss,Deaths,age-adjusted rate
1992,A,American Indian or Alaska Native,55,64,All Origins,666,39,cvd_ihd,total,5.87931153221379,666,nvss,Deaths,age-adjusted rate
1992,A,American Indian or Alaska Native,75,84,All Origins,666,39,cvd_ihd,total,30.4005443127388,666,nvss,Deaths,age-adjusted rate
1992,A,American Indian or Alaska Native,85,150,All Origins,666,39,cvd_ihd,total,17.4253511172147,666,nvss,Deaths,age-adjusted rate
1992,A,American Indian or Alaska Native,55,64,All Origins,666,39,cvd_stroke,total,5.87931153221379,666,nvss,Deaths,age-adjusted rate
1992,A,American Indian or Alaska Native,35,44,All Origins,666,39,ncd_lri,total,11.6932170712994,666,nvss,Deaths,age-adjusted rate
1992,A,American Indian or Alaska Native,45,54,All Origins,666,39,ncd_lri,total,25.6339784173675,666,nvss,Deaths,age-adjusted rate
1992,A,American Indian or Alaska Native,55,64,All Origins,666,39,ncd_lri,total,35.2758691932828,666,nvss,Deaths,age-adjusted rate
1992,A,American Indian or Alaska Native,65,74,All Origins,666,39,ncd_lri,total,48.6149422666388,666,nvss,Deaths,age-adjusted rate
1992,A,American Indian or Alaska Native,75,84,All Origins,666,39,ncd_lri,total,182.403265876433,666,nvss,Deaths,age-adjusted rate
1992,A,American Indian or Alaska Native,85,150,All Origins,666,39,ncd_lri,total,52.2760533516441,666,nvss,Deaths,age-adjusted rate
1992,A,American Indian or Alaska Native,45,54,All Origins,666,39,neo_lung,total,5.1267956834735,666,nvss,Deaths,age-adjusted rate
1992,A,American Indian or Alaska Native,55,64,All Origins,666,39,neo_lung,total,5.87931153221379,666,nvss,Deaths,age-adjusted rate
1992,A,American Indian or Alaska Native,65,74,All Origins,666,39,neo_lung,total,16.2049807555463,666,nvss,Deaths,age-adjusted rate
1992,A,American Indian or Alaska Native,75,84,All Origins,666,39,neo_lung,total,30.4005443127388,666,nvss,Deaths,age-adjusted rate
1992,A,American Indian or Alaska Native,55,64,All Origins,666,39,t2_dm,total,5.87931153221379,666,nvss,Deaths,age-adjusted rate
1992,A,American Indian or Alaska Native,25,34,All Origins,666,40,all-cause,overall,19.1500032993243,666,nvss,Deaths,age-adjusted rate
1992,A,American Indian or Alaska Native,35,44,All Origins,666,40,all-cause,overall,29.1190419547122,666,nvss,Deaths,age-adjusted rate
1992,A,American Indian or Alaska Native,45,54,All Origins,666,40,all-cause,overall,49.0533628976989,666,nvss,Deaths,age-adjusted rate
1992,A,American Indian or Alaska Native,55,64,All Origins,666,40,all-cause,overall,86.369951677196,666,nvss,Deaths,age-adjusted rate
1992,A,American Indian or Alaska Native,65,74,All Origins,666,40,all-cause,overall,138.774632383895,666,nvss,Deaths,age-adjusted rate
1992,A,American Indian or Alaska Native,75,84,All Origins,666,40,all-cause,overall,171.795847785614,666,nvss,Deaths,age-adjusted rate
1992,A,American Indian or Alaska Native,85,150,All Origins,666,40,all-cause,overall,135.177644562228,666,nvss,Deaths,age-adjusted rate
1992,A,American Indian or Alaska Native,25,34,All Origins,666,40,cvd_ihd,total,1.06388907218468,666,nvss,Deaths,age-adjusted rate
1992,A,American Indian or Alaska Native,35,44,All Origins,666,40,cvd_ihd,total,2.31103507577081,666,nvss,Deaths,age-adjusted rate
1992,A,American Indian or Alaska Native,45,54,All Origins,666,40,cvd_ihd,total,5.07448581700333,666,nvss,Deaths,age-adjusted rate
1992,A,American Indian or Alaska Native,55,64,All Origins,666,40,cvd_ihd,total,9.71023125364926,666,nvss,Deaths,age-adjusted rate
1992,A,American Indian or Alaska Native,65,74,All Origins,666,40,cvd_ihd,total,15.3060256305766,666,nvss,Deaths,age-adjusted rate
1992,A,American Indian or Alaska Native,75,84,All Origins,666,40,cvd_ihd,total,23.6480114360765,666,nvss,Deaths,age-adjusted rate
1992,A,American Indian or Alaska Native,85,150,All Origins,666,40,cvd_ihd,total,18.0236859416304,666,nvss,Deaths,age-adjusted rate
1992,A,American Indian or Alaska Native,25,34,All Origins,666,40,cvd_stroke,total,0.709259381456455,666,nvss,Deaths,age-adjusted rate
1992,A,American Indian or Alaska Native,45,54,All Origins,666,40,cvd_stroke,total,0.563831757444815,666,nvss,Deaths,age-adjusted rate
1992,A,American Indian or Alaska Native,65,74,All Origins,666,40,cvd_stroke,total,2.04080341741022,666,nvss,Deaths,age-adjusted rate
1992,A,American Indian or Alaska Native,85,150,All Origins,666,40,cvd_stroke,total,0.819258451892291,666,nvss,Deaths,age-adjusted rate
1992,A,American Indian or Alaska Native,25,34,All Origins,666,40,ncd_lri,total,7.09259381456455,666,nvss,Deaths,age-adjusted rate
1992,A,American Indian or Alaska Native,35,44,All Origins,666,40,ncd_lri,total,18.9504876213207,666,nvss,Deaths,age-adjusted rate
1992,A,American Indian or Alaska Native,45,54,All Origins,666,40,ncd_lri,total,40.0320547785818,666,nvss,Deaths,age-adjusted rate
1992,A,American Indian or Alaska Native,55,64,All Origins,666,40,ncd_lri,total,80.2371740433123,666,nvss,Deaths,age-adjusted rate
1992,A,American Indian or Alaska Native,65,74,All Origins,666,40,ncd_lri,total,129.591017005549,666,nvss,Deaths,age-adjusted rate
1992,A,American Indian or Alaska Native,75,84,All Origins,666,40,ncd_lri,total,155.103133830737,666,nvss,Deaths,age-adjusted rate
1992,A,American Indian or Alaska Native,85,150,All Origins,666,40,ncd_lri,total,119.611733976275,666,nvss,Deaths,age-adjusted rate
1992,A,American Indian or Alaska Native,45,54,All Origins,666,40,neo_lung,total,1.69149527233444,666,nvss,Deaths,age-adjusted rate
1992,A,American Indian or Alaska Native,55,64,All Origins,666,40,neo_lung,total,6.13277763388374,666,nvss,Deaths,age-adjusted rate
1992,A,American Indian or Alaska Native,65,74,All Origins,666,40,neo_lung,total,10.2040170870511,666,nvss,Deaths,age-adjusted rate
1992,A,American Indian or Alaska Native,75,84,All Origins,666,40,neo_lung,total,6.95529748119896,666,nvss,Deaths,age-adjusted rate
1992,A,American Indian or Alaska Native,85,150,All Origins,666,40,neo_lung,total,1.63851690378458,666,nvss,Deaths,age-adjusted rate
1992,A,American Indian or Alaska Native,45,54,All Origins,666,40,resp_copd,total,1.12766351488963,666,nvss,Deaths,age-adjusted rate
1992,A,American Indian or Alaska Native,55,64,All Origins,666,40,resp_copd,total,2.04425921129458,666,nvss,Deaths,age-adjusted rate
1992,A,American Indian or Alaska Native,65,74,All Origins,666,40,resp_copd,total,2.04080341741022,666,nvss,Deaths,age-adjusted rate
1992,A,American Indian or Alaska Native,75,84,All Origins,666,40,resp_copd,total,8.34635697743875,666,nvss,Deaths,age-adjusted rate
1992,A,American Indian or Alaska Native,85,150,All Origins,666,40,resp_copd,total,4.91555071135375,666,nvss,Deaths,age-adjusted rate
1992,A,American Indian or Alaska Native,25,34,All Origins,666,40,t2_dm,total,0.354629690728227,666,nvss,Deaths,age-adjusted rate
1992,A,American Indian or Alaska Native,35,44,All Origins,666,40,t2_dm,total,0.462207015154162,666,nvss,Deaths,age-adjusted rate
1992,A,American Indian or Alaska Native,45,54,All Origins,666,40,t2_dm,total,2.25532702977926,666,nvss,Deaths,age-adjusted rate
1992,A,American Indian or Alaska Native,55,64,All Origins,666,40,t2_dm,total,7.15490723953103,666,nvss,Deaths,age-adjusted rate
1992,A,American Indian or Alaska Native,65,74,All Origins,666,40,t2_dm,total,10.2040170870511,666,nvss,Deaths,age-adjusted rate
1992,A,American Indian or Alaska Native,75,84,All Origins,666,40,t2_dm,total,3.47764874059948,666,nvss,Deaths,age-adjusted rate
1992,A,American Indian or Alaska Native,85,150,All Origins,666,40,t2_dm,total,8.19258451892291,666,nvss,Deaths,age-adjusted rate
1992,A,American Indian or Alaska Native,25,34,All Origins,666,41,all-cause,overall,14.5818694020329,666,nvss,Deaths,age-adjusted rate
1992,A,American Indian or Alaska Native,35,44,All Origins,666,41,all-cause,overall,41.4126499333287,666,nvss,Deaths,age-adjusted rate
1992,A,American Indian or Alaska Native,45,54,All Origins,666,41,all-cause,overall,66.1417719220372,666,nvss,Deaths,age-adjusted rate
1992,A,American Indian or Alaska Native,55,64,All Origins,666,41,all-cause,overall,77.341859261254,666,nvss,Deaths,age-adjusted rate
1992,A,American Indian or Alaska Native,65,74,All Origins,666,41,all-cause,overall,141.201632028905,666,nvss,Deaths,age-adjusted rate
1992,A,American Indian or Alaska Native,75,84,All Origins,666,41,all-cause,overall,249.593720341152,666,nvss,Deaths,age-adjusted rate
1992,A,American Indian or Alaska Native,85,150,All Origins,666,41,all-cause,overall,94.9503826182923,666,nvss,Deaths,age-adjusted rate
1992,A,American Indian or Alaska Native,35,44,All Origins,666,41,cvd_ihd,total,2.30070277407382,666,nvss,Deaths,age-adjusted rate
1992,A,American Indian or Alaska Native,45,54,All Origins,666,41,cvd_ihd,total,12.5984327470547,666,nvss,Deaths,age-adjusted rate
1992,A,American Indian or Alaska Native,55,64,All Origins,666,41,cvd_ihd,total,14.7317827164293,666,nvss,Deaths,age-adjusted rate
1992,A,American Indian or Alaska Native,65,74,All Origins,666,41,cvd_ihd,total,23.5336053381508,666,nvss,Deaths,age-adjusted rate
1992,A,American Indian or Alaska Native,75,84,All Origins,666,41,cvd_ihd,total,43.0334000588193,666,nvss,Deaths,age-adjusted rate
1992,A,American Indian or Alaska Native,85,150,All Origins,666,41,cvd_ihd,total,31.6501275394308,666,nvss,Deaths,age-adjusted rate
1992,A,American Indian or Alaska Native,35,44,All Origins,666,41,cvd_stroke,total,2.30070277407382,666,nvss,Deaths,age-adjusted rate
1992,A,American Indian or Alaska Native,45,54,All Origins,666,41,cvd_stroke,total,3.14960818676368,666,nvss,Deaths,age-adjusted rate
1992,A,American Indian or Alaska Native,65,74,All Origins,666,41,cvd_stroke,total,4.70672106763015,666,nvss,Deaths,age-adjusted rate
1992,A,American Indian or Alaska Native,75,84,All Origins,666,41,cvd_stroke,total,8.60668001176385,666,nvss,Deaths,age-adjusted rate
1992,A,American Indian or Alaska Native,25,34,All Origins,666,41,ncd_lri,total,5.46820102576235,666,nvss,Deaths,age-adjusted rate
1992,A,American Indian or Alaska Native,35,44,All Origins,666,41,ncd_lri,total,23.0070277407382,666,nvss,Deaths,age-adjusted rate
1992,A,American Indian or Alaska Native,45,54,All Origins,666,41,ncd_lri,total,56.6929473617462,666,nvss,Deaths,age-adjusted rate
1992,A,American Indian or Alaska Native,55,64,All Origins,666,41,ncd_lri,total,69.9759679030393,666,nvss,Deaths,age-adjusted rate
1992,A,American Indian or Alaska Native,65,74,All Origins,666,41,ncd_lri,total,127.081468826014,666,nvss,Deaths,age-adjusted rate
1992,A,American Indian or Alaska Native,75,84,All Origins,666,41,ncd_lri,total,232.380360317624,666,nvss,Deaths,age-adjusted rate
1992,A,American Indian or Alaska Native,85,150,All Origins,666,41,ncd_lri,total,84.4003401051487,666,nvss,Deaths,age-adjusted rate
1992,A,American Indian or Alaska Native,35,44,All Origins,666,41,neo_lung,total,2.30070277407382,666,nvss,Deaths,age-adjusted rate
1992,A,American Indian or Alaska Native,55,64,All Origins,666,41,neo_lung,total,22.097674074644,666,nvss,Deaths,age-adjusted rate
1992,A,American Indian or Alaska Native,65,74,All Origins,666,41,neo_lung,total,9.41344213526031,666,nvss,Deaths,age-adjusted rate
1992,A,American Indian or Alaska Native,75,84,All Origins,666,41,neo_lung,total,43.0334000588193,666,nvss,Deaths,age-adjusted rate
1992,A,American Indian or Alaska Native,85,150,All Origins,666,41,neo_lung,total,10.5500425131436,666,nvss,Deaths,age-adjusted rate
1992,A,American Indian or Alaska Native,45,54,All Origins,666,41,resp_copd,total,3.14960818676368,666,nvss,Deaths,age-adjusted rate
1992,A,American Indian or Alaska Native,65,74,All Origins,666,41,resp_copd,total,9.41344213526031,666,nvss,Deaths,age-adjusted rate
1992,A,American Indian or Alaska Native,75,84,All Origins,666,41,resp_copd,total,8.60668001176385,666,nvss,Deaths,age-adjusted rate
1992,A,American Indian or Alaska Native,55,64,All Origins,666,41,t2_dm,total,3.68294567910733,666,nvss,Deaths,age-adjusted rate
1992,A,American Indian or Alaska Native,65,74,All Origins,666,41,t2_dm,total,9.41344213526031,666,nvss,Deaths,age-adjusted rate
1992,A,American Indian or Alaska Native,75,84,All Origins,666,41,t2_dm,total,8.60668001176385,666,nvss,Deaths,age-adjusted rate
1992,A,American Indian or Alaska Native,85,150,All Origins,666,41,t2_dm,total,10.5500425131436,666,nvss,Deaths,age-adjusted rate
1992,A,American Indian or Alaska Native,35,44,All Origins,666,42,all-cause,overall,11.7410593553457,666,nvss,Deaths,age-adjusted rate
1992,A,American Indian or Alaska Native,55,64,All Origins,666,42,all-cause,overall,76.000856392032,666,nvss,Deaths,age-adjusted rate
1992,A,American Indian or Alaska Native,65,74,All Origins,666,42,all-cause,overall,47.9907678625371,666,nvss,Deaths,age-adjusted rate
1992,A,American Indian or Alaska Native,75,84,All Origins,666,42,all-cause,overall,40.5187977662256,666,nvss,Deaths,age-adjusted rate
1992,A,American Indian or Alaska Native,85,150,All Origins,666,42,all-cause,overall,47.4751913091461,666,nvss,Deaths,age-adjusted rate
1992,A,American Indian or Alaska Native,75,84,All Origins,666,42,cvd_ihd,total,13.5062659220752,666,nvss,Deaths,age-adjusted rate
1992,A,American Indian or Alaska Native,35,44,All Origins,666,42,ncd_lri,total,11.7410593553457,666,nvss,Deaths,age-adjusted rate
1992,A,American Indian or Alaska Native,55,64,All Origins,666,42,ncd_lri,total,60.8006851136256,666,nvss,Deaths,age-adjusted rate
1992,A,American Indian or Alaska Native,65,74,All Origins,666,42,ncd_lri,total,38.3926142900297,666,nvss,Deaths,age-adjusted rate
1992,A,American Indian or Alaska Native,75,84,All Origins,666,42,ncd_lri,total,40.5187977662256,666,nvss,Deaths,age-adjusted rate
1992,A,American Indian or Alaska Native,85,150,All Origins,666,42,ncd_lri,total,47.4751913091461,666,nvss,Deaths,age-adjusted rate
1992,A,American Indian or Alaska Native,55,64,All Origins,666,42,neo_lung,total,15.2001712784064,666,nvss,Deaths,age-adjusted rate
1992,A,American Indian or Alaska Native,65,74,All Origins,666,42,neo_lung,total,9.59815357250742,666,nvss,Deaths,age-adjusted rate
1992,A,American Indian or Alaska Native,45,54,All Origins,666,44,all-cause,overall,35.1132100196232,666,nvss,Deaths,age-adjusted rate
1992,A,American Indian or Alaska Native,55,64,All Origins,666,44,all-cause,overall,63.2239008246759,666,nvss,Deaths,age-adjusted rate
1992,A,American Indian or Alaska Native,65,74,All Origins,666,44,all-cause,overall,211.071724224638,666,nvss,Deaths,age-adjusted rate
1992,A,American Indian or Alaska Native,75,84,All Origins,666,44,all-cause,overall,373.673357177414,666,nvss,Deaths,age-adjusted rate
1992,A,American Indian or Alaska Native,85,150,All Origins,666,44,all-cause,overall,172.317361048012,666,nvss,Deaths,age-adjusted rate
1992,A,American Indian or Alaska Native,65,74,All Origins,666,44,cvd_ihd,total,30.1531034606626,666,nvss,Deaths,age-adjusted rate
1992,A,American Indian or Alaska Native,75,84,All Origins,666,44,cvd_ihd,total,53.381908168202,666,nvss,Deaths,age-adjusted rate
1992,A,American Indian or Alaska Native,85,150,All Origins,666,44,cvd_ihd,total,129.238020786009,666,nvss,Deaths,age-adjusted rate
1992,A,American Indian or Alaska Native,45,54,All Origins,666,44,ncd_lri,total,35.1132100196232,666,nvss,Deaths,age-adjusted rate
1992,A,American Indian or Alaska Native,55,64,All Origins,666,44,ncd_lri,total,63.2239008246759,666,nvss,Deaths,age-adjusted rate
1992,A,American Indian or Alaska Native,65,74,All Origins,666,44,ncd_lri,total,211.071724224638,666,nvss,Deaths,age-adjusted rate
1992,A,American Indian or Alaska Native,75,84,All Origins,666,44,ncd_lri,total,320.291449009212,666,nvss,Deaths,age-adjusted rate
1992,A,American Indian or Alaska Native,85,150,All Origins,666,44,ncd_lri,total,172.317361048012,666,nvss,Deaths,age-adjusted rate
1992,A,American Indian or Alaska Native,65,74,All Origins,666,44,neo_lung,total,30.1531034606626,666,nvss,Deaths,age-adjusted rate
1992,A,American Indian or Alaska Native,75,84,All Origins,666,44,neo_lung,total,53.381908168202,666,nvss,Deaths,age-adjusted rate
1992,A,American Indian or Alaska Native,55,64,All Origins,666,44,t2_dm,total,31.6119504123379,666,nvss,Deaths,age-adjusted rate
1992,A,American Indian or Alaska Native,35,44,All Origins,666,45,all-cause,overall,21.91558922797,666,nvss,Deaths,age-adjusted rate
1992,A,American Indian or Alaska Native,55,64,All Origins,666,45,all-cause,overall,47.5039835597383,666,nvss,Deaths,age-adjusted rate
1992,A,American Indian or Alaska Native,65,74,All Origins,666,45,all-cause,overall,103.180150904455,666,nvss,Deaths,age-adjusted rate
1992,A,American Indian or Alaska Native,75,84,All Origins,666,45,all-cause,overall,463.870374427135,666,nvss,Deaths,age-adjusted rate
1992,A,American Indian or Alaska Native,85,150,All Origins,666,45,all-cause,overall,178.944951857551,666,nvss,Deaths,age-adjusted rate
1992,A,American Indian or Alaska Native,65,74,All Origins,666,45,cvd_ihd,total,51.5900754522274,666,nvss,Deaths,age-adjusted rate
1992,A,American Indian or Alaska Native,75,84,All Origins,666,45,cvd_ihd,total,103.082305428252,666,nvss,Deaths,age-adjusted rate
1992,A,American Indian or Alaska Native,85,150,All Origins,666,45,cvd_stroke,total,59.6483172858503,666,nvss,Deaths,age-adjusted rate
1992,A,American Indian or Alaska Native,35,44,All Origins,666,45,ncd_lri,total,21.91558922797,666,nvss,Deaths,age-adjusted rate
1992,A,American Indian or Alaska Native,55,64,All Origins,666,45,ncd_lri,total,31.6693223731589,666,nvss,Deaths,age-adjusted rate
1992,A,American Indian or Alaska Native,65,74,All Origins,666,45,ncd_lri,total,103.180150904455,666,nvss,Deaths,age-adjusted rate
1992,A,American Indian or Alaska Native,75,84,All Origins,666,45,ncd_lri,total,463.870374427135,666,nvss,Deaths,age-adjusted rate
1992,A,American Indian or Alaska Native,85,150,All Origins,666,45,ncd_lri,total,178.944951857551,666,nvss,Deaths,age-adjusted rate
1992,A,American Indian or Alaska Native,75,84,All Origins,666,45,neo_lung,total,51.5411527141261,666,nvss,Deaths,age-adjusted rate
1992,A,American Indian or Alaska Native,55,64,All Origins,666,45,resp_copd,total,31.6693223731589,666,nvss,Deaths,age-adjusted rate
1992,A,American Indian or Alaska Native,25,34,All Origins,666,46,all-cause,overall,55.0595359816169,666,nvss,Deaths,age-adjusted rate
1992,A,American Indian or Alaska Native,35,44,All Origins,666,46,all-cause,overall,124.174702922437,666,nvss,Deaths,age-adjusted rate
1992,A,American Indian or Alaska Native,45,54,All Origins,666,46,all-cause,overall,220.803176241518,666,nvss,Deaths,age-adjusted rate
1992,A,American Indian or Alaska Native,55,64,All Origins,666,46,all-cause,overall,234.915225950163,666,nvss,Deaths,age-adjusted rate
1992,A,American Indian or Alaska Native,65,74,All Origins,666,46,all-cause,overall,424.481363031713,666,nvss,Deaths,age-adjusted rate
1992,A,American Indian or Alaska Native,75,84,All Origins,666,46,all-cause,overall,430.811502456234,666,nvss,Deaths,age-adjusted rate
1992,A,American Indian or Alaska Native,85,150,All Origins,666,46,all-cause,overall,225.579090826488,666,nvss,Deaths,age-adjusted rate
1992,A,American Indian or Alaska Native,35,44,All Origins,666,46,cvd_ihd,total,2.75943784272081,666,nvss,Deaths,age-adjusted rate
1992,A,American Indian or Alaska Native,45,54,All Origins,666,46,cvd_ihd,total,7.23944840136123,666,nvss,Deaths,age-adjusted rate
1992,A,American Indian or Alaska Native,55,64,All Origins,666,46,cvd_ihd,total,18.3527520273565,666,nvss,Deaths,age-adjusted rate
1992,A,American Indian or Alaska Native,65,74,All Origins,666,46,cvd_ihd,total,17.5043861044005,666,nvss,Deaths,age-adjusted rate
1992,A,American Indian or Alaska Native,75,84,All Origins,666,46,cvd_ihd,total,24.2710705609146,666,nvss,Deaths,age-adjusted rate
1992,A,American Indian or Alaska Native,35,44,All Origins,666,46,cvd_stroke,total,2.75943784272081,666,nvss,Deaths,age-adjusted rate
1992,A,American Indian or Alaska Native,55,64,All Origins,666,46,cvd_stroke,total,3.6705504054713,666,nvss,Deaths,age-adjusted rate
1992,A,American Indian or Alaska Native,65,74,All Origins,666,46,cvd_stroke,total,4.37609652610014,666,nvss,Deaths,age-adjusted rate
1992,A,American Indian or Alaska Native,85,150,All Origins,666,46,cvd_stroke,total,9.39912878443701,666,nvss,Deaths,age-adjusted rate
1992,A,American Indian or Alaska Native,25,34,All Origins,666,46,ncd_lri,total,16.5178607944851,666,nvss,Deaths,age-adjusted rate
1992,A,American Indian or Alaska Native,35,44,All Origins,666,46,ncd_lri,total,80.0236974389035,666,nvss,Deaths,age-adjusted rate
1992,A,American Indian or Alaska Native,45,54,All Origins,666,46,ncd_lri,total,162.887589030628,666,nvss,Deaths,age-adjusted rate
1992,A,American Indian or Alaska Native,55,64,All Origins,666,46,ncd_lri,total,201.880272300921,666,nvss,Deaths,age-adjusted rate
1992,A,American Indian or Alaska Native,65,74,All Origins,666,46,ncd_lri,total,367.592108192411,666,nvss,Deaths,age-adjusted rate
1992,A,American Indian or Alaska Native,75,84,All Origins,666,46,ncd_lri,total,394.404896614862,666,nvss,Deaths,age-adjusted rate
1992,A,American Indian or Alaska Native,85,150,All Origins,666,46,ncd_lri,total,169.184318119866,666,nvss,Deaths,age-adjusted rate
1992,A,American Indian or Alaska Native,45,54,All Origins,666,46,neo_lung,total,7.23944840136123,666,nvss,Deaths,age-adjusted rate
1992,A,American Indian or Alaska Native,55,64,All Origins,666,46,neo_lung,total,29.3644032437704,666,nvss,Deaths,age-adjusted rate
1992,A,American Indian or Alaska Native,65,74,All Origins,666,46,neo_lung,total,48.1370617871015,666,nvss,Deaths,age-adjusted rate
1992,A,American Indian or Alaska Native,75,84,All Origins,666,46,neo_lung,total,54.6099087620578,666,nvss,Deaths,age-adjusted rate
1992,A,American Indian or Alaska Native,55,64,All Origins,666,46,resp_copd,total,3.6705504054713,666,nvss,Deaths,age-adjusted rate
1992,A,American Indian or Alaska Native,65,74,All Origins,666,46,resp_copd,total,17.5043861044005,666,nvss,Deaths,age-adjusted rate
1992,A,American Indian or Alaska Native,75,84,All Origins,666,46,resp_copd,total,30.3388382011432,666,nvss,Deaths,age-adjusted rate
1992,A,American Indian or Alaska Native,85,150,All Origins,666,46,resp_copd,total,9.39912878443701,666,nvss,Deaths,age-adjusted rate
1992,A,American Indian or Alaska Native,35,44,All Origins,666,46,t2_dm,total,2.75943784272081,666,nvss,Deaths,age-adjusted rate
1992,A,American Indian or Alaska Native,45,54,All Origins,666,46,t2_dm,total,14.4788968027225,666,nvss,Deaths,age-adjusted rate
1992,A,American Indian or Alaska Native,55,64,All Origins,666,46,t2_dm,total,7.34110081094259,666,nvss,Deaths,age-adjusted rate
1992,A,American Indian or Alaska Native,65,74,All Origins,666,46,t2_dm,total,26.2565791566008,666,nvss,Deaths,age-adjusted rate
1992,A,American Indian or Alaska Native,75,84,All Origins,666,46,t2_dm,total,12.1355352804573,666,nvss,Deaths,age-adjusted rate
1992,A,American Indian or Alaska Native,85,150,All Origins,666,46,t2_dm,total,18.798257568874,666,nvss,Deaths,age-adjusted rate
1992,A,American Indian or Alaska Native,45,54,All Origins,666,47,all-cause,overall,30.2999385337872,666,nvss,Deaths,age-adjusted rate
1992,A,American Indian or Alaska Native,55,64,All Origins,666,47,all-cause,overall,23.0208398781142,666,nvss,Deaths,age-adjusted rate
1992,A,American Indian or Alaska Native,65,74,All Origins,666,47,all-cause,overall,97.6853499687146,666,nvss,Deaths,age-adjusted rate
1992,A,American Indian or Alaska Native,75,84,All Origins,666,47,all-cause,overall,36.4559372856014,666,nvss,Deaths,age-adjusted rate
1992,A,American Indian or Alaska Native,85,150,All Origins,666,47,all-cause,overall,79.5310897144671,666,nvss,Deaths,age-adjusted rate
1992,A,American Indian or Alaska Native,65,74,All Origins,666,47,cvd_ihd,total,39.0741399874858,666,nvss,Deaths,age-adjusted rate
1992,A,American Indian or Alaska Native,45,54,All Origins,666,47,ncd_lri,total,30.2999385337872,666,nvss,Deaths,age-adjusted rate
1992,A,American Indian or Alaska Native,55,64,All Origins,666,47,ncd_lri,total,23.0208398781142,666,nvss,Deaths,age-adjusted rate
1992,A,American Indian or Alaska Native,65,74,All Origins,666,47,ncd_lri,total,78.1482799749717,666,nvss,Deaths,age-adjusted rate
1992,A,American Indian or Alaska Native,75,84,All Origins,666,47,ncd_lri,total,36.4559372856014,666,nvss,Deaths,age-adjusted rate
1992,A,American Indian or Alaska Native,85,150,All Origins,666,47,ncd_lri,total,79.5310897144671,666,nvss,Deaths,age-adjusted rate
1992,A,American Indian or Alaska Native,45,54,All Origins,666,47,neo_lung,total,10.0999795112624,666,nvss,Deaths,age-adjusted rate
1992,A,American Indian or Alaska Native,55,64,All Origins,666,47,neo_lung,total,11.5104199390571,666,nvss,Deaths,age-adjusted rate
1992,A,American Indian or Alaska Native,65,74,All Origins,666,47,t2_dm,total,19.5370699937429,666,nvss,Deaths,age-adjusted rate
1992,A,American Indian or Alaska Native,75,84,All Origins,666,47,t2_dm,total,36.4559372856014,666,nvss,Deaths,age-adjusted rate
1992,A,American Indian or Alaska Native,25,34,All Origins,666,48,all-cause,overall,7.86144176849824,666,nvss,Deaths,age-adjusted rate
1992,A,American Indian or Alaska Native,35,44,All Origins,666,48,all-cause,overall,4.7711779379898,666,nvss,Deaths,age-adjusted rate
1992,A,American Indian or Alaska Native,45,54,All Origins,666,48,all-cause,overall,7.60746594873352,666,nvss,Deaths,age-adjusted rate
1992,A,American Indian or Alaska Native,55,64,All Origins,666,48,all-cause,overall,35.6700666958515,666,nvss,Deaths,age-adjusted rate
1992,A,American Indian or Alaska Native,65,74,All Origins,666,48,all-cause,overall,20.8752254727664,666,nvss,Deaths,age-adjusted rate
1992,A,American Indian or Alaska Native,75,84,All Origins,666,48,all-cause,overall,61.3057851619195,666,nvss,Deaths,age-adjusted rate
1992,A,American Indian or Alaska Native,85,150,All Origins,666,48,all-cause,overall,28.4039606123097,666,nvss,Deaths,age-adjusted rate
1992,A,American Indian or Alaska Native,35,44,All Origins,666,48,cvd_ihd,total,1.19279448449745,666,nvss,Deaths,age-adjusted rate
1992,A,American Indian or Alaska Native,65,74,All Origins,666,48,cvd_ihd,total,4.63893899394809,666,nvss,Deaths,age-adjusted rate
1992,A,American Indian or Alaska Native,75,84,All Origins,666,48,cvd_ihd,total,4.37898465442282,666,nvss,Deaths,age-adjusted rate
1992,A,American Indian or Alaska Native,85,150,All Origins,666,48,cvd_ihd,total,5.68079212246193,666,nvss,Deaths,age-adjusted rate
1992,A,American Indian or Alaska Native,25,34,All Origins,666,48,ncd_lri,total,2.62048058949941,666,nvss,Deaths,age-adjusted rate
1992,A,American Indian or Alaska Native,35,44,All Origins,666,48,ncd_lri,total,3.57838345349235,666,nvss,Deaths,age-adjusted rate
1992,A,American Indian or Alaska Native,45,54,All Origins,666,48,ncd_lri,total,7.60746594873352,666,nvss,Deaths,age-adjusted rate
1992,A,American Indian or Alaska Native,55,64,All Origins,666,48,ncd_lri,total,32.1030600262663,666,nvss,Deaths,age-adjusted rate
1992,A,American Indian or Alaska Native,65,74,All Origins,666,48,ncd_lri,total,20.8752254727664,666,nvss,Deaths,age-adjusted rate
1992,A,American Indian or Alaska Native,75,84,All Origins,666,48,ncd_lri,total,56.9268005074967,666,nvss,Deaths,age-adjusted rate
1992,A,American Indian or Alaska Native,85,150,All Origins,666,48,ncd_lri,total,28.4039606123097,666,nvss,Deaths,age-adjusted rate
1992,A,American Indian or Alaska Native,55,64,All Origins,666,48,neo_lung,total,1.78350333479257,666,nvss,Deaths,age-adjusted rate
1992,A,American Indian or Alaska Native,65,74,All Origins,666,48,neo_lung,total,4.63893899394809,666,nvss,Deaths,age-adjusted rate
1992,A,American Indian or Alaska Native,75,84,All Origins,666,48,neo_lung,total,8.75796930884564,666,nvss,Deaths,age-adjusted rate
1992,A,American Indian or Alaska Native,55,64,All Origins,666,48,resp_copd,total,3.56700666958515,666,nvss,Deaths,age-adjusted rate
1992,A,American Indian or Alaska Native,65,74,All Origins,666,48,resp_copd,total,2.31946949697404,666,nvss,Deaths,age-adjusted rate
1992,A,American Indian or Alaska Native,45,54,All Origins,666,48,t2_dm,total,1.5214931897467,666,nvss,Deaths,age-adjusted rate
1992,A,American Indian or Alaska Native,55,64,All Origins,666,48,t2_dm,total,8.91751667396287,666,nvss,Deaths,age-adjusted rate
1992,A,American Indian or Alaska Native,75,84,All Origins,666,48,t2_dm,total,4.37898465442282,666,nvss,Deaths,age-adjusted rate
1992,A,American Indian or Alaska Native,25,34,All Origins,666,49,all-cause,overall,30.9660348509015,666,nvss,Deaths,age-adjusted rate
1992,A,American Indian or Alaska Native,35,44,All Origins,666,49,all-cause,overall,39.0663476448138,666,nvss,Deaths,age-adjusted rate
1992,A,American Indian or Alaska Native,45,54,All Origins,666,49,all-cause,overall,68.9691695526102,666,nvss,Deaths,age-adjusted rate
1992,A,American Indian or Alaska Native,55,64,All Origins,666,49,all-cause,overall,76.6182069269398,666,nvss,Deaths,age-adjusted rate
1992,A,American Indian or Alaska Native,65,74,All Origins,666,49,all-cause,overall,190.029630442737,666,nvss,Deaths,age-adjusted rate
1992,A,American Indian or Alaska Native,75,84,All Origins,666,49,all-cause,overall,215.58078298697,666,nvss,Deaths,age-adjusted rate
1992,A,American Indian or Alaska Native,85,150,All Origins,666,49,all-cause,overall,82.7123333030457,666,nvss,Deaths,age-adjusted rate
1992,A,American Indian or Alaska Native,85,150,All Origins,666,49,cvd_ihd,total,20.6780833257614,666,nvss,Deaths,age-adjusted rate
1992,A,American Indian or Alaska Native,65,74,All Origins,666,49,cvd_stroke,total,11.876851902671,666,nvss,Deaths,age-adjusted rate
1992,A,American Indian or Alaska Native,25,34,All Origins,666,49,ncd_lri,total,14.0754703867734,666,nvss,Deaths,age-adjusted rate
1992,A,American Indian or Alaska Native,35,44,All Origins,666,49,ncd_lri,total,19.5331738224069,666,nvss,Deaths,age-adjusted rate
1992,A,American Indian or Alaska Native,45,54,All Origins,666,49,ncd_lri,total,51.7268771644577,666,nvss,Deaths,age-adjusted rate
1992,A,American Indian or Alaska Native,55,64,All Origins,666,49,ncd_lri,total,57.4636551952049,666,nvss,Deaths,age-adjusted rate
1992,A,American Indian or Alaska Native,65,74,All Origins,666,49,ncd_lri,total,142.522222832053,666,nvss,Deaths,age-adjusted rate
1992,A,American Indian or Alaska Native,75,84,All Origins,666,49,ncd_lri,total,129.348469792182,666,nvss,Deaths,age-adjusted rate
1992,A,American Indian or Alaska Native,85,150,All Origins,666,49,ncd_lri,total,62.0342499772843,666,nvss,Deaths,age-adjusted rate
1992,A,American Indian or Alaska Native,65,74,All Origins,666,49,neo_lung,total,11.876851902671,666,nvss,Deaths,age-adjusted rate
1992,A,American Indian or Alaska Native,75,84,All Origins,666,49,neo_lung,total,21.558078298697,666,nvss,Deaths,age-adjusted rate
1992,A,American Indian or Alaska Native,45,54,All Origins,666,49,t2_dm,total,8.62114619407628,666,nvss,Deaths,age-adjusted rate
1992,A,American Indian or Alaska Native,55,64,All Origins,666,49,t2_dm,total,9.57727586586748,666,nvss,Deaths,age-adjusted rate
1992,A,American Indian or Alaska Native,75,84,All Origins,666,49,t2_dm,total,21.558078298697,666,nvss,Deaths,age-adjusted rate
1992,A,American Indian or Alaska Native,35,44,All Origins,666,50,all-cause,overall,51.2976883506427,666,nvss,Deaths,age-adjusted rate
1992,A,American Indian or Alaska Native,35,44,All Origins,666,50,ncd_lri,total,51.2976883506427,666,nvss,Deaths,age-adjusted rate
1992,A,American Indian or Alaska Native,25,34,All Origins,666,51,all-cause,overall,4.20257069948547,666,nvss,Deaths,age-adjusted rate
1992,A,American Indian or Alaska Native,35,44,All Origins,666,51,all-cause,overall,21.6673780241889,666,nvss,Deaths,age-adjusted rate
1992,A,American Indian or Alaska Native,45,54,All Origins,666,51,all-cause,overall,6.97541264745747,666,nvss,Deaths,age-adjusted rate
1992,A,American Indian or Alaska Native,65,74,All Origins,666,51,all-cause,overall,13.9021677008107,666,nvss,Deaths,age-adjusted rate
1992,A,American Indian or Alaska Native,75,84,All Origins,666,51,all-cause,overall,163.482093765119,666,nvss,Deaths,age-adjusted rate
1992,A,American Indian or Alaska Native,85,150,All Origins,666,51,all-cause,overall,73.8502975920051,666,nvss,Deaths,age-adjusted rate
1992,A,American Indian or Alaska Native,35,44,All Origins,666,51,ncd_lri,total,16.2505335181416,666,nvss,Deaths,age-adjusted rate
1992,A,American Indian or Alaska Native,65,74,All Origins,666,51,ncd_lri,total,13.9021677008107,666,nvss,Deaths,age-adjusted rate
1992,A,American Indian or Alaska Native,75,84,All Origins,666,51,ncd_lri,total,163.482093765119,666,nvss,Deaths,age-adjusted rate
1992,A,American Indian or Alaska Native,85,150,All Origins,666,51,ncd_lri,total,36.9251487960026,666,nvss,Deaths,age-adjusted rate
1992,A,American Indian or Alaska Native,25,34,All Origins,666,53,all-cause,overall,27.8068869278135,666,nvss,Deaths,age-adjusted rate
1992,A,American Indian or Alaska Native,35,44,All Origins,666,53,all-cause,overall,37.6262177700234,666,nvss,Deaths,age-adjusted rate
1992,A,American Indian or Alaska Native,45,54,All Origins,666,53,all-cause,overall,78.8230600230054,666,nvss,Deaths,age-adjusted rate
1992,A,American Indian or Alaska Native,55,64,All Origins,666,53,all-cause,overall,124.470896405664,666,nvss,Deaths,age-adjusted rate
1992,A,American Indian or Alaska Native,65,74,All Origins,666,53,all-cause,overall,196.606763167402,666,nvss,Deaths,age-adjusted rate
1992,A,American Indian or Alaska Native,75,84,All Origins,666,53,all-cause,overall,271.505334259464,666,nvss,Deaths,age-adjusted rate
1992,A,American Indian or Alaska Native,85,150,All Origins,666,53,all-cause,overall,229.756481397349,666,nvss,Deaths,age-adjusted rate
1992,A,American Indian or Alaska Native,25,34,All Origins,666,53,cvd_ihd,total,0.817849615523926,666,nvss,Deaths,age-adjusted rate
1992,A,American Indian or Alaska Native,35,44,All Origins,666,53,cvd_ihd,total,1.14018841727344,666,nvss,Deaths,age-adjusted rate
1992,A,American Indian or Alaska Native,45,54,All Origins,666,53,cvd_ihd,total,6.30584480184043,666,nvss,Deaths,age-adjusted rate
1992,A,American Indian or Alaska Native,55,64,All Origins,666,53,cvd_ihd,total,5.115242318041,666,nvss,Deaths,age-adjusted rate
1992,A,American Indian or Alaska Native,65,74,All Origins,666,53,cvd_ihd,total,19.6606763167402,666,nvss,Deaths,age-adjusted rate
1992,A,American Indian or Alaska Native,75,84,All Origins,666,53,cvd_ihd,total,25.4536250868248,666,nvss,Deaths,age-adjusted rate
1992,A,American Indian or Alaska Native,85,150,All Origins,666,53,cvd_ihd,total,34.4634722096024,666,nvss,Deaths,age-adjusted rate
1992,A,American Indian or Alaska Native,55,64,All Origins,666,53,cvd_stroke,total,1.70508077268033,666,nvss,Deaths,age-adjusted rate
1992,A,American Indian or Alaska Native,75,84,All Origins,666,53,cvd_stroke,total,4.24227084780413,666,nvss,Deaths,age-adjusted rate
1992,A,American Indian or Alaska Native,25,34,All Origins,666,53,ncd_lri,total,5.72494730866749,666,nvss,Deaths,age-adjusted rate
1992,A,American Indian or Alaska Native,35,44,All Origins,666,53,ncd_lri,total,19.3832030936484,666,nvss,Deaths,age-adjusted rate
1992,A,American Indian or Alaska Native,45,54,All Origins,666,53,ncd_lri,total,64.6349092188644,666,nvss,Deaths,age-adjusted rate
1992,A,American Indian or Alaska Native,55,64,All Origins,666,53,ncd_lri,total,110.830250224222,666,nvss,Deaths,age-adjusted rate
1992,A,American Indian or Alaska Native,65,74,All Origins,666,53,ncd_lri,total,181.861255929847,666,nvss,Deaths,age-adjusted rate
1992,A,American Indian or Alaska Native,75,84,All Origins,666,53,ncd_lri,total,250.293980020444,666,nvss,Deaths,age-adjusted rate
1992,A,American Indian or Alaska Native,85,150,All Origins,666,53,ncd_lri,total,189.549097152813,666,nvss,Deaths,age-adjusted rate
1992,A,American Indian or Alaska Native,45,54,All Origins,666,53,neo_lung,total,6.30584480184043,666,nvss,Deaths,age-adjusted rate
1992,A,American Indian or Alaska Native,55,64,All Origins,666,53,neo_lung,total,8.52540386340167,666,nvss,Deaths,age-adjusted rate
1992,A,American Indian or Alaska Native,65,74,All Origins,666,53,neo_lung,total,14.7455072375551,666,nvss,Deaths,age-adjusted rate
1992,A,American Indian or Alaska Native,75,84,All Origins,666,53,neo_lung,total,25.4536250868248,666,nvss,Deaths,age-adjusted rate
1992,A,American Indian or Alaska Native,45,54,All Origins,666,53,resp_copd,total,1.57646120046011,666,nvss,Deaths,age-adjusted rate
1992,A,American Indian or Alaska Native,55,64,All Origins,666,53,resp_copd,total,8.52540386340167,666,nvss,Deaths,age-adjusted rate
1992,A,American Indian or Alaska Native,65,74,All Origins,666,53,resp_copd,total,7.37275361877756,666,nvss,Deaths,age-adjusted rate
1992,A,American Indian or Alaska Native,75,84,All Origins,666,53,resp_copd,total,16.9690833912165,666,nvss,Deaths,age-adjusted rate
1992,A,American Indian or Alaska Native,85,150,All Origins,666,53,resp_copd,total,5.74391203493373,666,nvss,Deaths,age-adjusted rate
1992,A,American Indian or Alaska Native,35,44,All Origins,666,53,t2_dm,total,1.14018841727344,666,nvss,Deaths,age-adjusted rate
1992,A,American Indian or Alaska Native,45,54,All Origins,666,53,t2_dm,total,1.57646120046011,666,nvss,Deaths,age-adjusted rate
1992,A,American Indian or Alaska Native,55,64,All Origins,666,53,t2_dm,total,6.82032309072134,666,nvss,Deaths,age-adjusted rate
1992,A,American Indian or Alaska Native,65,74,All Origins,666,53,t2_dm,total,9.83033815837008,666,nvss,Deaths,age-adjusted rate
1992,A,American Indian or Alaska Native,75,84,All Origins,666,53,t2_dm,total,4.24227084780413,666,nvss,Deaths,age-adjusted rate
1992,A,American Indian or Alaska Native,85,150,All Origins,666,54,all-cause,overall,310.171249886421,666,nvss,Deaths,age-adjusted rate
1992,A,American Indian or Alaska Native,85,150,All Origins,666,54,ncd_lri,total,310.171249886421,666,nvss,Deaths,age-adjusted rate
1992,A,American Indian or Alaska Native,25,34,All Origins,666,55,all-cause,overall,27.6871880392242,666,nvss,Deaths,age-adjusted rate
1992,A,American Indian or Alaska Native,35,44,All Origins,666,55,all-cause,overall,49.9325502778518,666,nvss,Deaths,age-adjusted rate
1992,A,American Indian or Alaska Native,45,54,All Origins,666,55,all-cause,overall,62.9333612487062,666,nvss,Deaths,age-adjusted rate
1992,A,American Indian or Alaska Native,55,64,All Origins,666,55,all-cause,overall,160.827618687655,666,nvss,Deaths,age-adjusted rate
1992,A,American Indian or Alaska Native,65,74,All Origins,666,55,all-cause,overall,290.323046509737,666,nvss,Deaths,age-adjusted rate
1992,A,American Indian or Alaska Native,75,84,All Origins,666,55,all-cause,overall,319.09185556723,666,nvss,Deaths,age-adjusted rate
1992,A,American Indian or Alaska Native,85,150,All Origins,666,55,all-cause,overall,276.509253774717,666,nvss,Deaths,age-adjusted rate
1992,A,American Indian or Alaska Native,55,64,All Origins,666,55,cvd_ihd,total,20.1034523359568,666,nvss,Deaths,age-adjusted rate
1992,A,American Indian or Alaska Native,65,74,All Origins,666,55,cvd_ihd,total,26.3930042281579,666,nvss,Deaths,age-adjusted rate
1992,A,American Indian or Alaska Native,75,84,All Origins,666,55,cvd_ihd,total,41.9857704693723,666,nvss,Deaths,age-adjusted rate
1992,A,American Indian or Alaska Native,85,150,All Origins,666,55,cvd_ihd,total,48.0885658738638,666,nvss,Deaths,age-adjusted rate
1992,A,American Indian or Alaska Native,35,44,All Origins,666,55,cvd_stroke,total,2.77403057099177,666,nvss,Deaths,age-adjusted rate
1992,A,American Indian or Alaska Native,45,54,All Origins,666,55,cvd_stroke,total,3.93333507804413,666,nvss,Deaths,age-adjusted rate
1992,A,American Indian or Alaska Native,25,34,All Origins,666,55,ncd_lri,total,11.0748752156897,666,nvss,Deaths,age-adjusted rate
1992,A,American Indian or Alaska Native,35,44,All Origins,666,55,ncd_lri,total,30.5143362809094,666,nvss,Deaths,age-adjusted rate
1992,A,American Indian or Alaska Native,45,54,All Origins,666,55,ncd_lri,total,59.000026170662,666,nvss,Deaths,age-adjusted rate
1992,A,American Indian or Alaska Native,55,64,All Origins,666,55,ncd_lri,total,156.806928220463,666,nvss,Deaths,age-adjusted rate
1992,A,American Indian or Alaska Native,65,74,All Origins,666,55,ncd_lri,total,285.044445664105,666,nvss,Deaths,age-adjusted rate
1992,A,American Indian or Alaska Native,75,84,All Origins,666,55,ncd_lri,total,310.694701473355,666,nvss,Deaths,age-adjusted rate
1992,A,American Indian or Alaska Native,85,150,All Origins,666,55,ncd_lri,total,240.442829369319,666,nvss,Deaths,age-adjusted rate
1992,A,American Indian or Alaska Native,35,44,All Origins,666,55,neo_lung,total,2.77403057099177,666,nvss,Deaths,age-adjusted rate
1992,A,American Indian or Alaska Native,45,54,All Origins,666,55,neo_lung,total,3.93333507804413,666,nvss,Deaths,age-adjusted rate
1992,A,American Indian or Alaska Native,55,64,All Origins,666,55,neo_lung,total,12.0620714015741,666,nvss,Deaths,age-adjusted rate
1992,A,American Indian or Alaska Native,65,74,All Origins,666,55,neo_lung,total,21.1144033825263,666,nvss,Deaths,age-adjusted rate
1992,A,American Indian or Alaska Native,85,150,All Origins,666,55,neo_lung,total,12.0221414684659,666,nvss,Deaths,age-adjusted rate
1992,A,American Indian or Alaska Native,45,54,All Origins,666,55,resp_copd,total,7.86667015608827,666,nvss,Deaths,age-adjusted rate
1992,A,American Indian or Alaska Native,55,64,All Origins,666,55,resp_copd,total,4.02069046719137,666,nvss,Deaths,age-adjusted rate
1992,A,American Indian or Alaska Native,65,74,All Origins,666,55,resp_copd,total,15.8358025368947,666,nvss,Deaths,age-adjusted rate
1992,A,American Indian or Alaska Native,35,44,All Origins,666,55,t2_dm,total,2.77403057099177,666,nvss,Deaths,age-adjusted rate
1992,A,American Indian or Alaska Native,45,54,All Origins,666,55,t2_dm,total,11.8000052341324,666,nvss,Deaths,age-adjusted rate
1992,A,American Indian or Alaska Native,55,64,All Origins,666,55,t2_dm,total,16.0827618687655,666,nvss,Deaths,age-adjusted rate
1992,A,American Indian or Alaska Native,65,74,All Origins,666,55,t2_dm,total,21.1144033825263,666,nvss,Deaths,age-adjusted rate
1992,A,American Indian or Alaska Native,85,150,All Origins,666,55,t2_dm,total,12.0221414684659,666,nvss,Deaths,age-adjusted rate
1992,A,American Indian or Alaska Native,25,34,All Origins,666,56,all-cause,overall,59.3882675442934,666,nvss,Deaths,age-adjusted rate
1992,A,American Indian or Alaska Native,35,44,All Origins,666,56,all-cause,overall,57.6235549509346,666,nvss,Deaths,age-adjusted rate
1992,A,American Indian or Alaska Native,45,54,All Origins,666,56,all-cause,overall,112.228666507428,666,nvss,Deaths,age-adjusted rate
1992,A,American Indian or Alaska Native,55,64,All Origins,666,56,all-cause,overall,269.842215890885,666,nvss,Deaths,age-adjusted rate
1992,A,American Indian or Alaska Native,65,74,All Origins,666,56,all-cause,overall,155.377168420826,666,nvss,Deaths,age-adjusted rate
1992,A,American Indian or Alaska Native,75,84,All Origins,666,56,all-cause,overall,443.968345161284,666,nvss,Deaths,age-adjusted rate
1992,A,American Indian or Alaska Native,45,54,All Origins,666,56,cvd_ihd,total,16.0326666439183,666,nvss,Deaths,age-adjusted rate
1992,A,American Indian or Alaska Native,55,64,All Origins,666,56,cvd_ihd,total,17.9894810593923,666,nvss,Deaths,age-adjusted rate
1992,A,American Indian or Alaska Native,75,84,All Origins,666,56,cvd_ihd,total,44.3968345161284,666,nvss,Deaths,age-adjusted rate
1992,A,American Indian or Alaska Native,25,34,All Origins,666,56,ncd_lri,total,16.9680764412267,666,nvss,Deaths,age-adjusted rate
1992,A,American Indian or Alaska Native,35,44,All Origins,666,56,ncd_lri,total,34.5741329705608,666,nvss,Deaths,age-adjusted rate
1992,A,American Indian or Alaska Native,45,54,All Origins,666,56,ncd_lri,total,96.1959998635098,666,nvss,Deaths,age-adjusted rate
1992,A,American Indian or Alaska Native,55,64,All Origins,666,56,ncd_lri,total,251.852734831492,666,nvss,Deaths,age-adjusted rate
1992,A,American Indian or Alaska Native,65,74,All Origins,666,56,ncd_lri,total,155.377168420826,666,nvss,Deaths,age-adjusted rate
1992,A,American Indian or Alaska Native,75,84,All Origins,666,56,ncd_lri,total,443.968345161284,666,nvss,Deaths,age-adjusted rate
1992,A,American Indian or Alaska Native,55,64,All Origins,666,56,neo_lung,total,17.9894810593923,666,nvss,Deaths,age-adjusted rate
1992,A,American Indian or Alaska Native,65,74,All Origins,666,56,neo_lung,total,25.8961947368043,666,nvss,Deaths,age-adjusted rate
1992,A,American Indian or Alaska Native,75,84,All Origins,666,56,resp_copd,total,44.3968345161284,666,nvss,Deaths,age-adjusted rate
1992,A,American Indian or Alaska Native,55,64,All Origins,666,56,t2_dm,total,53.9684431781769,666,nvss,Deaths,age-adjusted rate
1992,A,Asian or Pacific Islander,25,34,All Origins,1,29,all-cause,overall,152.331189677526,666,nvss,Deaths,age-adjusted rate
1992,A,Asian or Pacific Islander,35,44,All Origins,1,29,all-cause,overall,1451.90778707491,666,nvss,Deaths,age-adjusted rate
1992,A,Asian or Pacific Islander,55,64,All Origins,1,29,all-cause,overall,899.474053301218,666,nvss,Deaths,age-adjusted rate
1992,A,Asian or Pacific Islander,65,74,All Origins,1,29,all-cause,overall,7455.59799550596,666,nvss,Deaths,age-adjusted rate
1992,A,Asian or Pacific Islander,75,84,All Origins,1,29,all-cause,overall,1949.60012220057,666,nvss,Deaths,age-adjusted rate
1992,A,Asian or Pacific Islander,85,150,All Origins,1,29,all-cause,overall,3877.14062358027,666,nvss,Deaths,age-adjusted rate
1992,A,Asian or Pacific Islander,65,74,All Origins,1,29,cvd_ihd,total,2130.17085585885,666,nvss,Deaths,age-adjusted rate
1992,A,Asian or Pacific Islander,25,34,All Origins,1,29,ncd_lri,total,152.331189677526,666,nvss,Deaths,age-adjusted rate
1992,A,Asian or Pacific Islander,35,44,All Origins,1,29,ncd_lri,total,1451.90778707491,666,nvss,Deaths,age-adjusted rate
1992,A,Asian or Pacific Islander,55,64,All Origins,1,29,ncd_lri,total,899.474053301218,666,nvss,Deaths,age-adjusted rate
1992,A,Asian or Pacific Islander,65,74,All Origins,1,29,ncd_lri,total,7455.59799550596,666,nvss,Deaths,age-adjusted rate
1992,A,Asian or Pacific Islander,75,84,All Origins,1,29,ncd_lri,total,1949.60012220057,666,nvss,Deaths,age-adjusted rate
1992,A,Asian or Pacific Islander,85,150,All Origins,1,29,ncd_lri,total,3877.14062358027,666,nvss,Deaths,age-adjusted rate
1992,A,Asian or Pacific Islander,55,64,All Origins,1,29,neo_lung,total,449.737026650609,666,nvss,Deaths,age-adjusted rate
1992,A,Asian or Pacific Islander,75,84,All Origins,1,29,resp_copd,total,974.800061100283,666,nvss,Deaths,age-adjusted rate
1992,A,Asian or Pacific Islander,35,44,All Origins,1,29,t2_dm,total,290.381557414981,666,nvss,Deaths,age-adjusted rate
1992,A,Asian or Pacific Islander,65,74,All Origins,1,29,t2_dm,total,1065.08542792942,666,nvss,Deaths,age-adjusted rate
1992,A,Asian or Pacific Islander,25,34,All Origins,1,37,all-cause,overall,6778.25285472135,666,nvss,Deaths,age-adjusted rate
1992,A,Asian or Pacific Islander,35,44,All Origins,1,37,all-cause,overall,15245.3838447708,666,nvss,Deaths,age-adjusted rate
1992,A,Asian or Pacific Islander,45,54,All Origins,1,37,all-cause,overall,14192.2993202152,666,nvss,Deaths,age-adjusted rate
1992,A,Asian or Pacific Islander,55,64,All Origins,1,37,all-cause,overall,49844.3561304463,666,nvss,Deaths,age-adjusted rate
1992,A,Asian or Pacific Islander,65,74,All Origins,1,37,all-cause,overall,13207.3559665726,666,nvss,Deaths,age-adjusted rate
1992,A,Asian or Pacific Islander,75,84,All Origins,1,37,all-cause,overall,22423.0613716878,666,nvss,Deaths,age-adjusted rate
1992,A,Asian or Pacific Islander,45,54,All Origins,1,37,cvd_ihd,total,3548.07483005381,666,nvss,Deaths,age-adjusted rate
1992,A,Asian or Pacific Islander,55,64,All Origins,1,37,cvd_ihd,total,6230.54451630579,666,nvss,Deaths,age-adjusted rate
1992,A,Asian or Pacific Islander,35,44,All Origins,1,37,cvd_stroke,total,2540.8973074618,666,nvss,Deaths,age-adjusted rate
1992,A,Asian or Pacific Islander,35,44,All Origins,1,37,ncd_lri,total,10163.5892298472,666,nvss,Deaths,age-adjusted rate
1992,A,Asian or Pacific Islander,45,54,All Origins,1,37,ncd_lri,total,10644.2244901614,666,nvss,Deaths,age-adjusted rate
1992,A,Asian or Pacific Islander,55,64,All Origins,1,37,ncd_lri,total,43613.8116141405,666,nvss,Deaths,age-adjusted rate
1992,A,Asian or Pacific Islander,65,74,All Origins,1,37,ncd_lri,total,13207.3559665726,666,nvss,Deaths,age-adjusted rate
1992,A,Asian or Pacific Islander,75,84,All Origins,1,37,ncd_lri,total,22423.0613716878,666,nvss,Deaths,age-adjusted rate
1992,A,Asian or Pacific Islander,65,74,All Origins,1,37,neo_lung,total,6603.67798328628,666,nvss,Deaths,age-adjusted rate
1992,A,Asian or Pacific Islander,25,34,All Origins,1,48,all-cause,overall,30541.6052624587,666,nvss,Deaths,age-adjusted rate
1992,A,Asian or Pacific Islander,35,44,All Origins,1,48,all-cause,overall,171024.723956614,666,nvss,Deaths,age-adjusted rate
1992,A,Asian or Pacific Islander,45,54,All Origins,1,48,all-cause,overall,121869.849026009,666,nvss,Deaths,age-adjusted rate
1992,A,Asian or Pacific Islander,55,64,All Origins,1,48,all-cause,overall,96791.8408199997,666,nvss,Deaths,age-adjusted rate
1992,A,Asian or Pacific Islander,65,74,All Origins,1,48,all-cause,overall,336780.012326334,666,nvss,Deaths,age-adjusted rate
1992,A,Asian or Pacific Islander,75,84,All Origins,1,48,all-cause,overall,1042548.66652498,666,nvss,Deaths,age-adjusted rate
1992,A,Asian or Pacific Islander,35,44,All Origins,1,48,cvd_ihd,total,2803.68399928875,666,nvss,Deaths,age-adjusted rate
1992,A,Asian or Pacific Islander,45,54,All Origins,1,48,cvd_ihd,total,2592.97551119167,666,nvss,Deaths,age-adjusted rate
1992,A,Asian or Pacific Islander,55,64,All Origins,1,48,cvd_ihd,total,5453.06145464787,666,nvss,Deaths,age-adjusted rate
1992,A,Asian or Pacific Islander,65,74,All Origins,1,48,cvd_ihd,total,29715.8834405589,666,nvss,Deaths,age-adjusted rate
1992,A,Asian or Pacific Islander,75,84,All Origins,1,48,cvd_ihd,total,179363.211445158,666,nvss,Deaths,age-adjusted rate
1992,A,Asian or Pacific Islander,45,54,All Origins,1,48,cvd_stroke,total,2592.97551119167,666,nvss,Deaths,age-adjusted rate
1992,A,Asian or Pacific Islander,55,64,All Origins,1,48,cvd_stroke,total,1363.26536366197,666,nvss,Deaths,age-adjusted rate
1992,A,Asian or Pacific Islander,65,74,All Origins,1,48,cvd_stroke,total,3301.76482672877,666,nvss,Deaths,age-adjusted rate
1992,A,Asian or Pacific Islander,75,84,All Origins,1,48,cvd_stroke,total,11210.2007153224,666,nvss,Deaths,age-adjusted rate
1992,A,Asian or Pacific Islander,25,34,All Origins,1,48,ncd_lri,total,9683.92361980398,666,nvss,Deaths,age-adjusted rate
1992,A,Asian or Pacific Islander,35,44,All Origins,1,48,ncd_lri,total,100932.623974395,666,nvss,Deaths,age-adjusted rate
1992,A,Asian or Pacific Islander,45,54,All Origins,1,48,ncd_lri,total,95940.0939140919,666,nvss,Deaths,age-adjusted rate
1992,A,Asian or Pacific Islander,55,64,All Origins,1,48,ncd_lri,total,92702.0447290138,666,nvss,Deaths,age-adjusted rate
1992,A,Asian or Pacific Islander,65,74,All Origins,1,48,ncd_lri,total,307064.128885776,666,nvss,Deaths,age-adjusted rate
1992,A,Asian or Pacific Islander,75,84,All Origins,1,48,ncd_lri,total,952867.060802403,666,nvss,Deaths,age-adjusted rate
1992,A,Asian or Pacific Islander,35,44,All Origins,1,48,neo_lung,total,8411.05199786625,666,nvss,Deaths,age-adjusted rate
1992,A,Asian or Pacific Islander,45,54,All Origins,1,48,neo_lung,total,5185.95102238335,666,nvss,Deaths,age-adjusted rate
1992,A,Asian or Pacific Islander,55,64,All Origins,1,48,neo_lung,total,6816.32681830984,666,nvss,Deaths,age-adjusted rate
1992,A,Asian or Pacific Islander,65,74,All Origins,1,48,neo_lung,total,19810.5889603726,666,nvss,Deaths,age-adjusted rate
1992,A,Asian or Pacific Islander,75,84,All Origins,1,48,neo_lung,total,123312.207868546,666,nvss,Deaths,age-adjusted rate
1992,A,Asian or Pacific Islander,35,44,All Origins,1,48,resp_copd,total,2803.68399928875,666,nvss,Deaths,age-adjusted rate
1992,A,Asian or Pacific Islander,45,54,All Origins,1,48,resp_copd,total,2592.97551119167,666,nvss,Deaths,age-adjusted rate
1992,A,Asian or Pacific Islander,55,64,All Origins,1,48,resp_copd,total,4089.7960909859,666,nvss,Deaths,age-adjusted rate
1992,A,Asian or Pacific Islander,65,74,All Origins,1,48,resp_copd,total,16508.8241336438,666,nvss,Deaths,age-adjusted rate
1992,A,Asian or Pacific Islander,75,84,All Origins,1,48,resp_copd,total,33630.6021459672,666,nvss,Deaths,age-adjusted rate
1992,A,Asian or Pacific Islander,45,54,All Origins,1,48,t2_dm,total,2592.97551119167,666,nvss,Deaths,age-adjusted rate
1992,A,Asian or Pacific Islander,55,64,All Origins,1,48,t2_dm,total,4089.7960909859,666,nvss,Deaths,age-adjusted rate
1992,A,Asian or Pacific Islander,65,74,All Origins,1,48,t2_dm,total,9905.2944801863,666,nvss,Deaths,age-adjusted rate
1992,A,Asian or Pacific Islander,75,84,All Origins,1,48,t2_dm,total,33630.6021459672,666,nvss,Deaths,age-adjusted rate
1992,A,Asian or Pacific Islander,25,34,All Origins,1,51,all-cause,overall,135574.919150325,666,nvss,Deaths,age-adjusted rate
1992,A,Asian or Pacific Islander,35,44,All Origins,1,51,all-cause,overall,54204.5486914818,666,nvss,Deaths,age-adjusted rate
1992,A,Asian or Pacific Islander,45,54,All Origins,1,51,all-cause,overall,19262.1033375577,666,nvss,Deaths,age-adjusted rate
1992,A,Asian or Pacific Islander,55,64,All Origins,1,51,all-cause,overall,24928.2806508656,666,nvss,Deaths,age-adjusted rate
1992,A,Asian or Pacific Islander,65,74,All Origins,1,51,all-cause,overall,17778.7343535177,666,nvss,Deaths,age-adjusted rate
1992,A,Asian or Pacific Islander,75,84,All Origins,1,51,all-cause,overall,72866.3134135396,666,nvss,Deaths,age-adjusted rate
1992,A,Asian or Pacific Islander,65,74,All Origins,1,51,cvd_ihd,total,2539.81919335968,666,nvss,Deaths,age-adjusted rate
1992,A,Asian or Pacific Islander,65,74,All Origins,1,51,cvd_stroke,total,2539.81919335968,666,nvss,Deaths,age-adjusted rate
1992,A,Asian or Pacific Islander,75,84,All Origins,1,51,cvd_stroke,total,5605.10103181074,666,nvss,Deaths,age-adjusted rate
1992,A,Asian or Pacific Islander,35,44,All Origins,1,51,ncd_lri,total,40653.4115186114,666,nvss,Deaths,age-adjusted rate
1992,A,Asian or Pacific Islander,45,54,All Origins,1,51,ncd_lri,total,9631.05166877886,666,nvss,Deaths,age-adjusted rate
1992,A,Asian or Pacific Islander,55,64,All Origins,1,51,ncd_lri,total,18696.2104881492,666,nvss,Deaths,age-adjusted rate
1992,A,Asian or Pacific Islander,65,74,All Origins,1,51,ncd_lri,total,17778.7343535177,666,nvss,Deaths,age-adjusted rate
1992,A,Asian or Pacific Islander,75,84,All Origins,1,51,ncd_lri,total,72866.3134135396,666,nvss,Deaths,age-adjusted rate
1992,A,Asian or Pacific Islander,55,64,All Origins,1,51,neo_lung,total,6232.0701627164,666,nvss,Deaths,age-adjusted rate
1992,A,Asian or Pacific Islander,65,74,All Origins,1,51,neo_lung,total,2539.81919335968,666,nvss,Deaths,age-adjusted rate
1992,A,Asian or Pacific Islander,75,84,All Origins,1,51,t2_dm,total,5605.10103181074,666,nvss,Deaths,age-adjusted rate
1992,A,Asian or Pacific Islander,25,34,All Origins,1,55,all-cause,overall,9038.32871540767,666,nvss,Deaths,age-adjusted rate
1992,A,Asian or Pacific Islander,35,44,All Origins,1,55,all-cause,overall,25017.4880109102,666,nvss,Deaths,age-adjusted rate
1992,A,Asian or Pacific Islander,45,54,All Origins,1,55,all-cause,overall,37454.0906849026,666,nvss,Deaths,age-adjusted rate
1992,A,Asian or Pacific Islander,55,64,All Origins,1,55,all-cause,overall,65436.7373633226,666,nvss,Deaths,age-adjusted rate
1992,A,Asian or Pacific Islander,65,74,All Origins,1,55,all-cause,overall,16508.8241463582,666,nvss,Deaths,age-adjusted rate
1992,A,Asian or Pacific Islander,55,64,All Origins,1,55,cvd_ihd,total,10906.1228938871,666,nvss,Deaths,age-adjusted rate
1992,A,Asian or Pacific Islander,65,74,All Origins,1,55,cvd_ihd,total,5502.94138211939,666,nvss,Deaths,age-adjusted rate
1992,A,Asian or Pacific Islander,35,44,All Origins,1,55,cvd_stroke,total,3127.18600136377,666,nvss,Deaths,age-adjusted rate
1992,A,Asian or Pacific Islander,45,54,All Origins,1,55,cvd_stroke,total,7490.81813698052,666,nvss,Deaths,age-adjusted rate
1992,A,Asian or Pacific Islander,25,34,All Origins,1,55,ncd_lri,total,9038.32871540767,666,nvss,Deaths,age-adjusted rate
1992,A,Asian or Pacific Islander,35,44,All Origins,1,55,ncd_lri,total,18763.1160081826,666,nvss,Deaths,age-adjusted rate
1992,A,Asian or Pacific Islander,45,54,All Origins,1,55,ncd_lri,total,22472.4544109416,666,nvss,Deaths,age-adjusted rate
1992,A,Asian or Pacific Islander,55,64,All Origins,1,55,ncd_lri,total,54530.6144694355,666,nvss,Deaths,age-adjusted rate
1992,A,Asian or Pacific Islander,65,74,All Origins,1,55,ncd_lri,total,16508.8241463582,666,nvss,Deaths,age-adjusted rate
1992,A,Asian or Pacific Islander,45,54,All Origins,1,55,neo_lung,total,7490.81813698052,666,nvss,Deaths,age-adjusted rate
1992,A,Asian or Pacific Islander,65,74,All Origins,1,55,t2_dm,total,11005.8827642388,666,nvss,Deaths,age-adjusted rate
1992,A,Asian or Pacific Islander,25,34,All Origins,2,8,all-cause,overall,4345.35031351825,666,nvss,Deaths,age-adjusted rate
1992,A,Asian or Pacific Islander,35,44,All Origins,2,8,all-cause,overall,1129.26160252552,666,nvss,Deaths,age-adjusted rate
1992,A,Asian or Pacific Islander,45,54,All Origins,2,8,all-cause,overall,6879.32275403337,666,nvss,Deaths,age-adjusted rate
1992,A,Asian or Pacific Islander,55,64,All Origins,2,8,all-cause,overall,7790.08775835563,666,nvss,Deaths,age-adjusted rate
1992,A,Asian or Pacific Islander,65,74,All Origins,2,8,all-cause,overall,20318.5528117867,666,nvss,Deaths,age-adjusted rate
1992,A,Asian or Pacific Islander,75,84,All Origins,2,8,all-cause,overall,18521.2010259958,666,nvss,Deaths,age-adjusted rate
1992,A,Asian or Pacific Islander,85,150,All Origins,2,8,all-cause,overall,27915.4119250344,666,nvss,Deaths,age-adjusted rate
1992,A,Asian or Pacific Islander,55,64,All Origins,2,8,cvd_ihd,total,779.008775835563,666,nvss,Deaths,age-adjusted rate
1992,A,Asian or Pacific Islander,65,74,All Origins,2,8,cvd_ihd,total,846.606367157781,666,nvss,Deaths,age-adjusted rate
1992,A,Asian or Pacific Islander,75,84,All Origins,2,8,cvd_ihd,total,1949.60010799956,666,nvss,Deaths,age-adjusted rate
1992,A,Asian or Pacific Islander,85,150,All Origins,2,8,cvd_ihd,total,3101.71243611493,666,nvss,Deaths,age-adjusted rate
1992,A,Asian or Pacific Islander,55,64,All Origins,2,8,cvd_stroke,total,779.008775835563,666,nvss,Deaths,age-adjusted rate
1992,A,Asian or Pacific Islander,85,150,All Origins,2,8,cvd_stroke,total,1550.85621805746,666,nvss,Deaths,age-adjusted rate
1992,A,Asian or Pacific Islander,25,34,All Origins,2,8,ncd_lri,total,869.070062703651,666,nvss,Deaths,age-adjusted rate
1992,A,Asian or Pacific Islander,45,54,All Origins,2,8,ncd_lri,total,4127.59365242002,666,nvss,Deaths,age-adjusted rate
1992,A,Asian or Pacific Islander,55,64,All Origins,2,8,ncd_lri,total,7790.08775835563,666,nvss,Deaths,age-adjusted rate
1992,A,Asian or Pacific Islander,65,74,All Origins,2,8,ncd_lri,total,16085.5209759978,666,nvss,Deaths,age-adjusted rate
1992,A,Asian or Pacific Islander,75,84,All Origins,2,8,ncd_lri,total,17546.400971996,666,nvss,Deaths,age-adjusted rate
1992,A,Asian or Pacific Islander,85,150,All Origins,2,8,ncd_lri,total,21711.9870528045,666,nvss,Deaths,age-adjusted rate
1992,A,Asian or Pacific Islander,65,74,All Origins,2,8,neo_lung,total,3386.42546863112,666,nvss,Deaths,age-adjusted rate
1992,A,Asian or Pacific Islander,75,84,All Origins,2,8,neo_lung,total,974.80005399978,666,nvss,Deaths,age-adjusted rate
1992,A,Asian or Pacific Islander,85,150,All Origins,2,8,neo_lung,total,1550.85621805746,666,nvss,Deaths,age-adjusted rate
1992,A,Asian or Pacific Islander,65,74,All Origins,2,8,resp_copd,total,846.606367157781,666,nvss,Deaths,age-adjusted rate
1992,A,Asian or Pacific Islander,85,150,All Origins,2,8,resp_copd,total,1550.85621805746,666,nvss,Deaths,age-adjusted rate
1992,A,Asian or Pacific Islander,75,84,All Origins,2,8,t2_dm,total,974.80005399978,666,nvss,Deaths,age-adjusted rate
1992,A,Asian or Pacific Islander,35,44,All Origins,2,12,all-cause,overall,1766.40705447856,666,nvss,Deaths,age-adjusted rate
1992,A,Asian or Pacific Islander,55,64,All Origins,2,12,all-cause,overall,11690.7161286115,666,nvss,Deaths,age-adjusted rate
1992,A,Asian or Pacific Islander,65,74,All Origins,2,12,all-cause,overall,6806.04572518533,666,nvss,Deaths,age-adjusted rate
1992,A,Asian or Pacific Islander,75,84,All Origins,2,12,all-cause,overall,1063285.92867442,666,nvss,Deaths,age-adjusted rate
1992,A,Asian or Pacific Islander,55,64,All Origins,2,12,cvd_ihd,total,5845.35806430575,666,nvss,Deaths,age-adjusted rate
1992,A,Asian or Pacific Islander,35,44,All Origins,2,12,ncd_lri,total,1766.40705447856,666,nvss,Deaths,age-adjusted rate
1992,A,Asian or Pacific Islander,55,64,All Origins,2,12,ncd_lri,total,11690.7161286115,666,nvss,Deaths,age-adjusted rate
1992,A,Asian or Pacific Islander,65,74,All Origins,2,12,ncd_lri,total,6806.04572518533,666,nvss,Deaths,age-adjusted rate
1992,A,Asian or Pacific Islander,75,84,All Origins,2,12,ncd_lri,total,1063285.92867442,666,nvss,Deaths,age-adjusted rate
1992,A,Asian or Pacific Islander,75,84,All Origins,2,12,neo_lung,total,531642.964337209,666,nvss,Deaths,age-adjusted rate
1992,A,Asian or Pacific Islander,75,84,All Origins,2,12,resp_copd,total,531642.964337209,666,nvss,Deaths,age-adjusted rate
1992,A,Asian or Pacific Islander,25,34,All Origins,2,13,all-cause,overall,2213.42655608441,666,nvss,Deaths,age-adjusted rate
1992,A,Asian or Pacific Islander,35,44,All Origins,2,13,all-cause,overall,1652.58054831675,666,nvss,Deaths,age-adjusted rate
1992,A,Asian or Pacific Islander,45,54,All Origins,2,13,all-cause,overall,2285.35494984992,666,nvss,Deaths,age-adjusted rate
1992,A,Asian or Pacific Islander,55,64,All Origins,2,13,all-cause,overall,4565.35841188956,666,nvss,Deaths,age-adjusted rate
1992,A,Asian or Pacific Islander,65,74,All Origins,2,13,all-cause,overall,8254.21670503605,666,nvss,Deaths,age-adjusted rate
1992,A,Asian or Pacific Islander,75,84,All Origins,2,13,all-cause,overall,44840.8028612896,666,nvss,Deaths,age-adjusted rate
1992,A,Asian or Pacific Islander,55,64,All Origins,2,13,cvd_ihd,total,507.262045765507,666,nvss,Deaths,age-adjusted rate
1992,A,Asian or Pacific Islander,65,74,All Origins,2,13,cvd_ihd,total,825.421670503605,666,nvss,Deaths,age-adjusted rate
1992,A,Asian or Pacific Islander,35,44,All Origins,2,13,cvd_stroke,total,330.51610966335,666,nvss,Deaths,age-adjusted rate
1992,A,Asian or Pacific Islander,45,54,All Origins,2,13,cvd_stroke,total,571.338737462479,666,nvss,Deaths,age-adjusted rate
1992,A,Asian or Pacific Islander,55,64,All Origins,2,13,cvd_stroke,total,507.262045765507,666,nvss,Deaths,age-adjusted rate
1992,A,Asian or Pacific Islander,25,34,All Origins,2,13,ncd_lri,total,276.678319510551,666,nvss,Deaths,age-adjusted rate
1992,A,Asian or Pacific Islander,35,44,All Origins,2,13,ncd_lri,total,991.548328990049,666,nvss,Deaths,age-adjusted rate
1992,A,Asian or Pacific Islander,45,54,All Origins,2,13,ncd_lri,total,2285.35494984992,666,nvss,Deaths,age-adjusted rate
1992,A,Asian or Pacific Islander,55,64,All Origins,2,13,ncd_lri,total,4058.09636612405,666,nvss,Deaths,age-adjusted rate
1992,A,Asian or Pacific Islander,65,74,All Origins,2,13,ncd_lri,total,6603.37336402884,666,nvss,Deaths,age-adjusted rate
1992,A,Asian or Pacific Islander,75,84,All Origins,2,13,ncd_lri,total,44840.8028612896,666,nvss,Deaths,age-adjusted rate
1992,A,Asian or Pacific Islander,55,64,All Origins,2,13,neo_lung,total,1014.52409153101,666,nvss,Deaths,age-adjusted rate
1992,A,Asian or Pacific Islander,65,74,All Origins,2,13,neo_lung,total,825.421670503605,666,nvss,Deaths,age-adjusted rate
1992,A,Asian or Pacific Islander,75,84,All Origins,2,13,neo_lung,total,4484.08028612896,666,nvss,Deaths,age-adjusted rate
1992,A,Asian or Pacific Islander,65,74,All Origins,2,13,resp_copd,total,825.421670503605,666,nvss,Deaths,age-adjusted rate
1992,A,Asian or Pacific Islander,75,84,All Origins,2,13,resp_copd,total,4484.08028612896,666,nvss,Deaths,age-adjusted rate
1992,A,Asian or Pacific Islander,65,74,All Origins,2,13,t2_dm,total,825.421670503605,666,nvss,Deaths,age-adjusted rate
1992,A,Asian or Pacific Islander,25,34,All Origins,2,17,all-cause,overall,916.046824857172,666,nvss,Deaths,age-adjusted rate
1992,A,Asian or Pacific Islander,35,44,All Origins,2,17,all-cause,overall,439.496400912427,666,nvss,Deaths,age-adjusted rate
1992,A,Asian or Pacific Islander,45,54,All Origins,2,17,all-cause,overall,1762.545424878,666,nvss,Deaths,age-adjusted rate
1992,A,Asian or Pacific Islander,55,64,All Origins,2,17,all-cause,overall,5453.06145789546,666,nvss,Deaths,age-adjusted rate
1992,A,Asian or Pacific Islander,65,74,All Origins,2,17,all-cause,overall,16508.8235497455,666,nvss,Deaths,age-adjusted rate
1992,A,Asian or Pacific Islander,75,84,All Origins,2,17,all-cause,overall,7473.4672061078,666,nvss,Deaths,age-adjusted rate
1992,A,Asian or Pacific Islander,85,150,All Origins,2,17,all-cause,overall,5815.71093019773,666,nvss,Deaths,age-adjusted rate
1992,A,Asian or Pacific Islander,35,44,All Origins,2,17,cvd_ihd,total,439.496400912427,666,nvss,Deaths,age-adjusted rate
1992,A,Asian or Pacific Islander,65,74,All Origins,2,17,cvd_ihd,total,7337.25491099802,666,nvss,Deaths,age-adjusted rate
1992,A,Asian or Pacific Islander,75,84,All Origins,2,17,cvd_ihd,total,1494.69344122156,666,nvss,Deaths,age-adjusted rate
1992,A,Asian or Pacific Islander,85,150,All Origins,2,17,cvd_ihd,total,1938.57031006591,666,nvss,Deaths,age-adjusted rate
1992,A,Asian or Pacific Islander,55,64,All Origins,2,17,cvd_stroke,total,908.84357631591,666,nvss,Deaths,age-adjusted rate
1992,A,Asian or Pacific Islander,35,44,All Origins,2,17,ncd_lri,total,439.496400912427,666,nvss,Deaths,age-adjusted rate
1992,A,Asian or Pacific Islander,45,54,All Origins,2,17,ncd_lri,total,1321.9090686585,666,nvss,Deaths,age-adjusted rate
1992,A,Asian or Pacific Islander,55,64,All Origins,2,17,ncd_lri,total,5453.06145789546,666,nvss,Deaths,age-adjusted rate
1992,A,Asian or Pacific Islander,65,74,All Origins,2,17,ncd_lri,total,14674.509821996,666,nvss,Deaths,age-adjusted rate
1992,A,Asian or Pacific Islander,75,84,All Origins,2,17,ncd_lri,total,7473.4672061078,666,nvss,Deaths,age-adjusted rate
1992,A,Asian or Pacific Islander,85,150,All Origins,2,17,ncd_lri,total,3877.14062013182,666,nvss,Deaths,age-adjusted rate
1992,A,Asian or Pacific Islander,55,64,All Origins,2,17,neo_lung,total,1817.68715263182,666,nvss,Deaths,age-adjusted rate
1992,A,Asian or Pacific Islander,75,84,All Origins,2,17,neo_lung,total,1494.69344122156,666,nvss,Deaths,age-adjusted rate
1992,A,Asian or Pacific Islander,25,34,All Origins,2,26,all-cause,overall,45187.5048365649,666,nvss,Deaths,age-adjusted rate
1992,A,Asian or Pacific Islander,35,44,All Origins,2,26,all-cause,overall,11614.106528463,666,nvss,Deaths,age-adjusted rate
1992,A,Asian or Pacific Islander,45,54,All Origins,2,26,all-cause,overall,33702.0333871057,666,nvss,Deaths,age-adjusted rate
1992,A,Asian or Pacific Islander,55,64,All Origins,2,26,all-cause,overall,152645.162424962,666,nvss,Deaths,age-adjusted rate
1992,A,Asian or Pacific Islander,65,74,All Origins,2,26,all-cause,overall,66021.2735435691,666,nvss,Deaths,age-adjusted rate
1992,A,Asian or Pacific Islander,75,84,All Origins,2,26,all-cause,overall,145717.082607249,666,nvss,Deaths,age-adjusted rate
1992,A,Asian or Pacific Islander,45,54,All Origins,2,26,cvd_ihd,total,4814.57619815796,666,nvss,Deaths,age-adjusted rate
1992,A,Asian or Pacific Islander,55,64,All Origins,2,26,cvd_ihd,total,10903.2258874973,666,nvss,Deaths,age-adjusted rate
1992,A,Asian or Pacific Islander,65,74,All Origins,2,26,cvd_ihd,total,8252.65919294613,666,nvss,Deaths,age-adjusted rate
1992,A,Asian or Pacific Islander,75,84,All Origins,2,26,cvd_ihd,total,22418.0127088075,666,nvss,Deaths,age-adjusted rate
1992,A,Asian or Pacific Islander,45,54,All Origins,2,26,cvd_stroke,total,4814.57619815796,666,nvss,Deaths,age-adjusted rate
1992,A,Asian or Pacific Islander,55,64,All Origins,2,26,cvd_stroke,total,10903.2258874973,666,nvss,Deaths,age-adjusted rate
1992,A,Asian or Pacific Islander,25,34,All Origins,2,26,ncd_lri,total,30125.0032243766,666,nvss,Deaths,age-adjusted rate
1992,A,Asian or Pacific Islander,35,44,All Origins,2,26,ncd_lri,total,3871.36884282101,666,nvss,Deaths,age-adjusted rate
1992,A,Asian or Pacific Islander,45,54,All Origins,2,26,ncd_lri,total,28887.4571889478,666,nvss,Deaths,age-adjusted rate
1992,A,Asian or Pacific Islander,55,64,All Origins,2,26,ncd_lri,total,141741.936537465,666,nvss,Deaths,age-adjusted rate
1992,A,Asian or Pacific Islander,65,74,All Origins,2,26,ncd_lri,total,61894.943947096,666,nvss,Deaths,age-adjusted rate
1992,A,Asian or Pacific Islander,75,84,All Origins,2,26,ncd_lri,total,145717.082607249,666,nvss,Deaths,age-adjusted rate
1992,A,Asian or Pacific Islander,55,64,All Origins,2,26,neo_lung,total,10903.2258874973,666,nvss,Deaths,age-adjusted rate
1992,A,Asian or Pacific Islander,65,74,All Origins,2,26,neo_lung,total,4126.32959647307,666,nvss,Deaths,age-adjusted rate
1992,A,Asian or Pacific Islander,75,84,All Origins,2,26,neo_lung,total,11209.0063544038,666,nvss,Deaths,age-adjusted rate
1992,A,Asian or Pacific Islander,65,74,All Origins,2,26,t2_dm,total,8252.65919294613,666,nvss,Deaths,age-adjusted rate
1992,A,Asian or Pacific Islander,25,34,All Origins,2,27,all-cause,overall,33832.2911157245,666,nvss,Deaths,age-adjusted rate
1992,A,Asian or Pacific Islander,45,54,All Origins,2,27,all-cause,overall,74496538.1789617,666,nvss,Deaths,age-adjusted rate
1992,A,Asian or Pacific Islander,65,74,All Origins,2,27,all-cause,overall,41253.5707610596,666,nvss,Deaths,age-adjusted rate
1992,A,Asian or Pacific Islander,65,74,All Origins,2,27,cvd_ihd,total,8250.71415221191,666,nvss,Deaths,age-adjusted rate
1992,A,Asian or Pacific Islander,45,54,All Origins,2,27,cvd_stroke,total,37248269.0894808,666,nvss,Deaths,age-adjusted rate
1992,A,Asian or Pacific Islander,45,54,All Origins,2,27,ncd_lri,total,74496538.1789617,666,nvss,Deaths,age-adjusted rate
1992,A,Asian or Pacific Islander,65,74,All Origins,2,27,ncd_lri,total,41253.5707610596,666,nvss,Deaths,age-adjusted rate
1992,A,Asian or Pacific Islander,65,74,All Origins,2,27,neo_lung,total,8250.71415221191,666,nvss,Deaths,age-adjusted rate
1992,A,Asian or Pacific Islander,65,74,All Origins,2,27,resp_copd,total,8250.71415221191,666,nvss,Deaths,age-adjusted rate
1992,A,Asian or Pacific Islander,65,74,All Origins,2,27,t2_dm,total,8250.71415221191,666,nvss,Deaths,age-adjusted rate
1992,A,Asian or Pacific Islander,25,34,All Origins,2,29,all-cause,overall,1506.38811987459,666,nvss,Deaths,age-adjusted rate
1992,A,Asian or Pacific Islander,35,44,All Origins,2,29,all-cause,overall,6418.96075409256,666,nvss,Deaths,age-adjusted rate
1992,A,Asian or Pacific Islander,45,54,All Origins,2,29,all-cause,overall,8090.08327907134,666,nvss,Deaths,age-adjusted rate
1992,A,Asian or Pacific Islander,55,64,All Origins,2,29,all-cause,overall,15753.2885467268,666,nvss,Deaths,age-adjusted rate
1992,A,Asian or Pacific Islander,65,74,All Origins,2,29,all-cause,overall,13757.3534734085,666,nvss,Deaths,age-adjusted rate
1992,A,Asian or Pacific Islander,75,84,All Origins,2,29,all-cause,overall,156942.810014514,666,nvss,Deaths,age-adjusted rate
1992,A,Asian or Pacific Islander,75,84,All Origins,2,29,cvd_ihd,total,22420.4014306448,666,nvss,Deaths,age-adjusted rate
1992,A,Asian or Pacific Islander,25,34,All Origins,2,29,ncd_lri,total,1506.38811987459,666,nvss,Deaths,age-adjusted rate
1992,A,Asian or Pacific Islander,35,44,All Origins,2,29,ncd_lri,total,4279.30716939504,666,nvss,Deaths,age-adjusted rate
1992,A,Asian or Pacific Islander,45,54,All Origins,2,29,ncd_lri,total,5393.38885271423,666,nvss,Deaths,age-adjusted rate
1992,A,Asian or Pacific Islander,55,64,All Origins,2,29,ncd_lri,total,15753.2885467268,666,nvss,Deaths,age-adjusted rate
1992,A,Asian or Pacific Islander,65,74,All Origins,2,29,ncd_lri,total,13757.3534734085,666,nvss,Deaths,age-adjusted rate
1992,A,Asian or Pacific Islander,75,84,All Origins,2,29,ncd_lri,total,134522.408583869,666,nvss,Deaths,age-adjusted rate
1992,A,Asian or Pacific Islander,45,54,All Origins,2,29,neo_lung,total,1348.34721317856,666,nvss,Deaths,age-adjusted rate
1992,A,Asian or Pacific Islander,55,64,All Origins,2,29,neo_lung,total,2423.58285334259,666,nvss,Deaths,age-adjusted rate
1992,A,Asian or Pacific Islander,75,84,All Origins,2,29,neo_lung,total,22420.4014306448,666,nvss,Deaths,age-adjusted rate
1992,A,Asian or Pacific Islander,65,74,All Origins,2,29,resp_copd,total,2751.47069468169,666,nvss,Deaths,age-adjusted rate
1992,A,Asian or Pacific Islander,55,64,All Origins,2,29,t2_dm,total,1211.79142667129,666,nvss,Deaths,age-adjusted rate
1992,A,Asian or Pacific Islander,25,34,All Origins,2,34,all-cause,overall,1152386.91150591,666,nvss,Deaths,age-adjusted rate
1992,A,Asian or Pacific Islander,25,34,All Origins,2,34,cvd_ihd,total,67787.4653827006,666,nvss,Deaths,age-adjusted rate
1992,A,Asian or Pacific Islander,25,34,All Origins,2,34,ncd_lri,total,474512.257678905,666,nvss,Deaths,age-adjusted rate
1992,A,Asian or Pacific Islander,25,34,All Origins,2,37,all-cause,overall,982.427032931404,666,nvss,Deaths,age-adjusted rate
1992,A,Asian or Pacific Islander,35,44,All Origins,2,37,all-cause,overall,3387.78481949498,666,nvss,Deaths,age-adjusted rate
1992,A,Asian or Pacific Islander,55,64,All Origins,2,37,all-cause,overall,2181.22458994679,666,nvss,Deaths,age-adjusted rate
1992,A,Asian or Pacific Islander,25,34,All Origins,2,37,ncd_lri,total,982.427032931404,666,nvss,Deaths,age-adjusted rate
1992,A,Asian or Pacific Islander,55,64,All Origins,2,37,ncd_lri,total,2181.22458994679,666,nvss,Deaths,age-adjusted rate
1992,A,Asian or Pacific Islander,25,34,All Origins,2,39,all-cause,overall,1355.55303317169,666,nvss,Deaths,age-adjusted rate
1992,A,Asian or Pacific Islander,45,54,All Origins,2,39,all-cause,overall,3965.16439315021,666,nvss,Deaths,age-adjusted rate
1992,A,Asian or Pacific Islander,55,64,All Origins,2,39,all-cause,overall,5690.15110189572,666,nvss,Deaths,age-adjusted rate
1992,A,Asian or Pacific Islander,65,74,All Origins,2,39,all-cause,overall,99052.9448682766,666,nvss,Deaths,age-adjusted rate
1992,A,Asian or Pacific Islander,75,84,All Origins,2,39,all-cause,overall,9341.83396991104,666,nvss,Deaths,age-adjusted rate
1992,A,Asian or Pacific Islander,85,150,All Origins,2,39,all-cause,overall,1292.38020751584,666,nvss,Deaths,age-adjusted rate
1992,A,Asian or Pacific Islander,75,84,All Origins,2,39,cvd_ihd,total,1868.36679398221,666,nvss,Deaths,age-adjusted rate
1992,A,Asian or Pacific Islander,55,64,All Origins,2,39,cvd_stroke,total,1896.71703396524,666,nvss,Deaths,age-adjusted rate
1992,A,Asian or Pacific Islander,25,34,All Origins,2,39,ncd_lri,total,1355.55303317169,666,nvss,Deaths,age-adjusted rate
1992,A,Asian or Pacific Islander,45,54,All Origins,2,39,ncd_lri,total,1321.7214643834,666,nvss,Deaths,age-adjusted rate
1992,A,Asian or Pacific Islander,55,64,All Origins,2,39,ncd_lri,total,3793.43406793048,666,nvss,Deaths,age-adjusted rate
1992,A,Asian or Pacific Islander,65,74,All Origins,2,39,ncd_lri,total,66035.296578851,666,nvss,Deaths,age-adjusted rate
1992,A,Asian or Pacific Islander,75,84,All Origins,2,39,ncd_lri,total,7473.46717592883,666,nvss,Deaths,age-adjusted rate
1992,A,Asian or Pacific Islander,45,54,All Origins,2,39,neo_lung,total,1321.7214643834,666,nvss,Deaths,age-adjusted rate
1992,A,Asian or Pacific Islander,55,64,All Origins,2,39,neo_lung,total,1896.71703396524,666,nvss,Deaths,age-adjusted rate
1992,A,Asian or Pacific Islander,25,34,All Origins,2,48,all-cause,overall,3.83827468232073,666,nvss,Deaths,age-adjusted rate
1992,A,Asian or Pacific Islander,45,54,All Origins,2,48,all-cause,overall,26.3569459273411,666,nvss,Deaths,age-adjusted rate
1992,A,Asian or Pacific Islander,55,64,All Origins,2,48,all-cause,overall,20.8400831534354,666,nvss,Deaths,age-adjusted rate
1992,A,Asian or Pacific Islander,65,74,All Origins,2,48,all-cause,overall,53.0584320449477,666,nvss,Deaths,age-adjusted rate
1992,A,Asian or Pacific Islander,75,84,All Origins,2,48,all-cause,overall,114.863300110227,666,nvss,Deaths,age-adjusted rate
1992,A,Asian or Pacific Islander,85,150,All Origins,2,48,all-cause,overall,161.548282397553,666,nvss,Deaths,age-adjusted rate
1992,A,Asian or Pacific Islander,55,64,All Origins,2,48,cvd_ihd,total,6.94669438447845,666,nvss,Deaths,age-adjusted rate
1992,A,Asian or Pacific Islander,65,74,All Origins,2,48,cvd_ihd,total,10.6116864089895,666,nvss,Deaths,age-adjusted rate
1992,A,Asian or Pacific Islander,75,84,All Origins,2,48,cvd_ihd,total,22.9726600220454,666,nvss,Deaths,age-adjusted rate
1992,A,Asian or Pacific Islander,25,34,All Origins,2,48,ncd_lri,total,3.83827468232073,666,nvss,Deaths,age-adjusted rate
1992,A,Asian or Pacific Islander,45,54,All Origins,2,48,ncd_lri,total,26.3569459273411,666,nvss,Deaths,age-adjusted rate
1992,A,Asian or Pacific Islander,55,64,All Origins,2,48,ncd_lri,total,13.8933887689569,666,nvss,Deaths,age-adjusted rate
1992,A,Asian or Pacific Islander,65,74,All Origins,2,48,ncd_lri,total,53.0584320449477,666,nvss,Deaths,age-adjusted rate
1992,A,Asian or Pacific Islander,75,84,All Origins,2,48,ncd_lri,total,114.863300110227,666,nvss,Deaths,age-adjusted rate
1992,A,Asian or Pacific Islander,85,150,All Origins,2,48,ncd_lri,total,161.548282397553,666,nvss,Deaths,age-adjusted rate
1992,A,Asian or Pacific Islander,45,54,All Origins,2,48,neo_lung,total,6.58923648183527,666,nvss,Deaths,age-adjusted rate
1992,A,Asian or Pacific Islander,85,150,All Origins,2,48,neo_lung,total,32.3096564795107,666,nvss,Deaths,age-adjusted rate
1992,A,Asian or Pacific Islander,85,150,All Origins,2,48,resp_copd,total,32.3096564795107,666,nvss,Deaths,age-adjusted rate
1992,A,Asian or Pacific Islander,45,54,All Origins,2,48,t2_dm,total,6.58923648183527,666,nvss,Deaths,age-adjusted rate
1992,A,Asian or Pacific Islander,65,74,All Origins,2,48,t2_dm,total,10.6116864089895,666,nvss,Deaths,age-adjusted rate
1992,A,Asian or Pacific Islander,25,34,All Origins,2,51,all-cause,overall,7609.76788282355,666,nvss,Deaths,age-adjusted rate
1992,A,Asian or Pacific Islander,35,44,All Origins,2,51,all-cause,overall,11424.8562846311,666,nvss,Deaths,age-adjusted rate
1992,A,Asian or Pacific Islander,45,54,All Origins,2,51,all-cause,overall,25066.7809621628,666,nvss,Deaths,age-adjusted rate
1992,A,Asian or Pacific Islander,55,64,All Origins,2,51,all-cause,overall,31631.4533860047,666,nvss,Deaths,age-adjusted rate
1992,A,Asian or Pacific Islander,65,74,All Origins,2,51,all-cause,overall,71121.955792646,666,nvss,Deaths,age-adjusted rate
1992,A,Asian or Pacific Islander,75,84,All Origins,2,51,all-cause,overall,336595.327733564,666,nvss,Deaths,age-adjusted rate
1992,A,Asian or Pacific Islander,85,150,All Origins,2,51,all-cause,overall,40322.2625110285,666,nvss,Deaths,age-adjusted rate
1992,A,Asian or Pacific Islander,45,54,All Origins,2,51,cvd_ihd,total,864.37175731596,666,nvss,Deaths,age-adjusted rate
1992,A,Asian or Pacific Islander,55,64,All Origins,2,51,cvd_ihd,total,1090.7397719312,666,nvss,Deaths,age-adjusted rate
1992,A,Asian or Pacific Islander,65,74,All Origins,2,51,cvd_ihd,total,6350.17462434339,666,nvss,Deaths,age-adjusted rate
1992,A,Asian or Pacific Islander,75,84,All Origins,2,51,cvd_ihd,total,7479.89617185699,666,nvss,Deaths,age-adjusted rate
1992,A,Asian or Pacific Islander,85,150,All Origins,2,51,cvd_ihd,total,3101.71250084835,666,nvss,Deaths,age-adjusted rate
1992,A,Asian or Pacific Islander,45,54,All Origins,2,51,cvd_stroke,total,2593.11527194788,666,nvss,Deaths,age-adjusted rate
1992,A,Asian or Pacific Islander,55,64,All Origins,2,51,cvd_stroke,total,1090.7397719312,666,nvss,Deaths,age-adjusted rate
1992,A,Asian or Pacific Islander,65,74,All Origins,2,51,cvd_stroke,total,2540.06984973736,666,nvss,Deaths,age-adjusted rate
1992,A,Asian or Pacific Islander,85,150,All Origins,2,51,cvd_stroke,total,1550.85625042417,666,nvss,Deaths,age-adjusted rate
1992,A,Asian or Pacific Islander,25,34,All Origins,2,51,ncd_lri,total,2767.18832102674,666,nvss,Deaths,age-adjusted rate
1992,A,Asian or Pacific Islander,35,44,All Origins,2,51,ncd_lri,total,6720.5036968418,666,nvss,Deaths,age-adjusted rate
1992,A,Asian or Pacific Islander,45,54,All Origins,2,51,ncd_lri,total,22473.665690215,666,nvss,Deaths,age-adjusted rate
1992,A,Asian or Pacific Islander,55,64,All Origins,2,51,ncd_lri,total,28359.2340702111,666,nvss,Deaths,age-adjusted rate
1992,A,Asian or Pacific Islander,65,74,All Origins,2,51,ncd_lri,total,68581.8859429086,666,nvss,Deaths,age-adjusted rate
1992,A,Asian or Pacific Islander,75,84,All Origins,2,51,ncd_lri,total,299195.846874279,666,nvss,Deaths,age-adjusted rate
1992,A,Asian or Pacific Islander,85,150,All Origins,2,51,ncd_lri,total,31017.1250084835,666,nvss,Deaths,age-adjusted rate
1992,A,Asian or Pacific Islander,35,44,All Origins,2,51,neo_lung,total,672.05036968418,666,nvss,Deaths,age-adjusted rate
1992,A,Asian or Pacific Islander,45,54,All Origins,2,51,neo_lung,total,864.37175731596,666,nvss,Deaths,age-adjusted rate
1992,A,Asian or Pacific Islander,55,64,All Origins,2,51,neo_lung,total,4362.95908772479,666,nvss,Deaths,age-adjusted rate
1992,A,Asian or Pacific Islander,65,74,All Origins,2,51,neo_lung,total,7620.20954921207,666,nvss,Deaths,age-adjusted rate
1992,A,Asian or Pacific Islander,75,84,All Origins,2,51,neo_lung,total,37399.4808592849,666,nvss,Deaths,age-adjusted rate
1992,A,Asian or Pacific Islander,85,150,All Origins,2,51,neo_lung,total,1550.85625042417,666,nvss,Deaths,age-adjusted rate
1992,A,Asian or Pacific Islander,55,64,All Origins,2,51,resp_copd,total,2181.47954386239,666,nvss,Deaths,age-adjusted rate
1992,A,Asian or Pacific Islander,65,74,All Origins,2,51,resp_copd,total,3810.10477460603,666,nvss,Deaths,age-adjusted rate
1992,A,Asian or Pacific Islander,45,54,All Origins,2,51,t2_dm,total,864.37175731596,666,nvss,Deaths,age-adjusted rate
1992,A,Asian or Pacific Islander,75,84,All Origins,2,51,t2_dm,total,22439.688515571,666,nvss,Deaths,age-adjusted rate
1992,A,Asian or Pacific Islander,85,150,All Origins,2,51,t2_dm,total,3101.71250084835,666,nvss,Deaths,age-adjusted rate
1992,A,Asian or Pacific Islander,35,44,All Origins,3,4,all-cause,overall,2323.05245573532,666,nvss,Deaths,age-adjusted rate
1992,A,Asian or Pacific Islander,45,54,All Origins,3,4,all-cause,overall,6839.44263509139,666,nvss,Deaths,age-adjusted rate
1992,A,Asian or Pacific Islander,55,64,All Origins,3,4,all-cause,overall,5234.93905586214,666,nvss,Deaths,age-adjusted rate
1992,A,Asian or Pacific Islander,65,74,All Origins,3,4,all-cause,overall,16508.8242703584,666,nvss,Deaths,age-adjusted rate
1992,A,Asian or Pacific Islander,75,84,All Origins,3,4,all-cause,overall,16815.3010314831,666,nvss,Deaths,age-adjusted rate
1992,A,Asian or Pacific Islander,45,54,All Origins,3,4,cvd_ihd,total,977.063233584485,666,nvss,Deaths,age-adjusted rate
1992,A,Asian or Pacific Islander,35,44,All Origins,3,4,ncd_lri,total,1548.70163715688,666,nvss,Deaths,age-adjusted rate
1992,A,Asian or Pacific Islander,45,54,All Origins,3,4,ncd_lri,total,5862.37940150691,666,nvss,Deaths,age-adjusted rate
1992,A,Asian or Pacific Islander,55,64,All Origins,3,4,ncd_lri,total,5234.93905586214,666,nvss,Deaths,age-adjusted rate
1992,A,Asian or Pacific Islander,65,74,All Origins,3,4,ncd_lri,total,16508.8242703584,666,nvss,Deaths,age-adjusted rate
1992,A,Asian or Pacific Islander,75,84,All Origins,3,4,ncd_lri,total,11210.2006876554,666,nvss,Deaths,age-adjusted rate
1992,A,Asian or Pacific Islander,35,44,All Origins,3,4,neo_lung,total,774.350818578442,666,nvss,Deaths,age-adjusted rate
1992,A,Asian or Pacific Islander,45,54,All Origins,3,4,resp_copd,total,977.063233584485,666,nvss,Deaths,age-adjusted rate
1992,A,Asian or Pacific Islander,65,74,All Origins,3,4,resp_copd,total,4127.2060675896,666,nvss,Deaths,age-adjusted rate
1992,A,Asian or Pacific Islander,45,54,All Origins,3,5,all-cause,overall,6741.7363335259,666,nvss,Deaths,age-adjusted rate
1992,A,Asian or Pacific Islander,65,74,All Origins,3,5,all-cause,overall,16508.8319255891,666,nvss,Deaths,age-adjusted rate
1992,A,Asian or Pacific Islander,65,74,All Origins,3,5,cvd_ihd,total,5502.94397519638,666,nvss,Deaths,age-adjusted rate
1992,A,Asian or Pacific Islander,45,54,All Origins,3,5,ncd_lri,total,6741.7363335259,666,nvss,Deaths,age-adjusted rate
1992,A,Asian or Pacific Islander,65,74,All Origins,3,5,ncd_lri,total,11005.8879503928,666,nvss,Deaths,age-adjusted rate
1992,A,Asian or Pacific Islander,45,54,All Origins,3,5,neo_lung,total,6741.7363335259,666,nvss,Deaths,age-adjusted rate
1992,A,Asian or Pacific Islander,25,34,All Origins,3,6,all-cause,overall,181442.671017656,666,nvss,Deaths,age-adjusted rate
1992,A,Asian or Pacific Islander,35,44,All Origins,3,6,all-cause,overall,917313.37382145,666,nvss,Deaths,age-adjusted rate
1992,A,Asian or Pacific Islander,45,54,All Origins,3,6,all-cause,overall,1492707.53474913,666,nvss,Deaths,age-adjusted rate
1992,A,Asian or Pacific Islander,55,64,All Origins,3,6,all-cause,overall,4674191.76963491,666,nvss,Deaths,age-adjusted rate
1992,A,Asian or Pacific Islander,65,74,All Origins,3,6,all-cause,overall,4302361.32305799,666,nvss,Deaths,age-adjusted rate
1992,A,Asian or Pacific Islander,75,84,All Origins,3,6,all-cause,overall,5320182.62030289,666,nvss,Deaths,age-adjusted rate
1992,A,Asian or Pacific Islander,85,150,All Origins,3,6,all-cause,overall,13490178.4233729,666,nvss,Deaths,age-adjusted rate
1992,A,Asian or Pacific Islander,35,44,All Origins,3,6,cvd_ihd,total,59824.785249225,666,nvss,Deaths,age-adjusted rate
1992,A,Asian or Pacific Islander,45,54,All Origins,3,6,cvd_ihd,total,90467.1233181289,666,nvss,Deaths,age-adjusted rate
1992,A,Asian or Pacific Islander,55,64,All Origins,3,6,cvd_ihd,total,274952.457037348,666,nvss,Deaths,age-adjusted rate
1992,A,Asian or Pacific Islander,65,74,All Origins,3,6,cvd_ihd,total,478040.147006444,666,nvss,Deaths,age-adjusted rate
1992,A,Asian or Pacific Islander,75,84,All Origins,3,6,cvd_ihd,total,911425.707860654,666,nvss,Deaths,age-adjusted rate
1992,A,Asian or Pacific Islander,85,150,All Origins,3,6,cvd_ihd,total,2751727.93710592,666,nvss,Deaths,age-adjusted rate
1992,A,Asian or Pacific Islander,25,34,All Origins,3,6,cvd_stroke,total,6480.09539348772,666,nvss,Deaths,age-adjusted rate
1992,A,Asian or Pacific Islander,35,44,All Origins,3,6,cvd_stroke,total,19941.595083075,666,nvss,Deaths,age-adjusted rate
1992,A,Asian or Pacific Islander,45,54,All Origins,3,6,cvd_stroke,total,22616.7808295322,666,nvss,Deaths,age-adjusted rate
1992,A,Asian or Pacific Islander,55,64,All Origins,3,6,cvd_stroke,total,171845.285648342,666,nvss,Deaths,age-adjusted rate
1992,A,Asian or Pacific Islander,65,74,All Origins,3,6,cvd_stroke,total,173832.780729616,666,nvss,Deaths,age-adjusted rate
1992,A,Asian or Pacific Islander,75,84,All Origins,3,6,cvd_stroke,total,190763.520249904,666,nvss,Deaths,age-adjusted rate
1992,A,Asian or Pacific Islander,85,150,All Origins,3,6,cvd_stroke,total,201345.946617507,666,nvss,Deaths,age-adjusted rate
1992,A,Asian or Pacific Islander,25,34,All Origins,3,6,ncd_lri,total,45360.667754414,666,nvss,Deaths,age-adjusted rate
1992,A,Asian or Pacific Islander,35,44,All Origins,3,6,ncd_lri,total,598247.85249225,666,nvss,Deaths,age-adjusted rate
1992,A,Asian or Pacific Islander,45,54,All Origins,3,6,ncd_lri,total,1108222.26064708,666,nvss,Deaths,age-adjusted rate
1992,A,Asian or Pacific Islander,55,64,All Origins,3,6,ncd_lri,total,3952441.56991187,666,nvss,Deaths,age-adjusted rate
1992,A,Asian or Pacific Islander,65,74,All Origins,3,6,ncd_lri,total,3780862.98086915,666,nvss,Deaths,age-adjusted rate
1992,A,Asian or Pacific Islander,75,84,All Origins,3,6,ncd_lri,total,4832675.84633091,666,nvss,Deaths,age-adjusted rate
1992,A,Asian or Pacific Islander,85,150,All Origins,3,6,ncd_lri,total,11543834.2727371,666,nvss,Deaths,age-adjusted rate
1992,A,Asian or Pacific Islander,35,44,All Origins,3,6,neo_lung,total,19941.595083075,666,nvss,Deaths,age-adjusted rate
1992,A,Asian or Pacific Islander,45,54,All Origins,3,6,neo_lung,total,90467.1233181289,666,nvss,Deaths,age-adjusted rate
1992,A,Asian or Pacific Islander,55,64,All Origins,3,6,neo_lung,total,343690.571296685,666,nvss,Deaths,age-adjusted rate
1992,A,Asian or Pacific Islander,65,74,All Origins,3,6,neo_lung,total,239020.073503222,666,nvss,Deaths,age-adjusted rate
1992,A,Asian or Pacific Islander,75,84,All Origins,3,6,neo_lung,total,233155.413638772,666,nvss,Deaths,age-adjusted rate
1992,A,Asian or Pacific Islander,85,150,All Origins,3,6,neo_lung,total,134230.631078338,666,nvss,Deaths,age-adjusted rate
1992,A,Asian or Pacific Islander,35,44,All Origins,3,6,resp_copd,total,19941.595083075,666,nvss,Deaths,age-adjusted rate
1992,A,Asian or Pacific Islander,45,54,All Origins,3,6,resp_copd,total,67850.3424885967,666,nvss,Deaths,age-adjusted rate
1992,A,Asian or Pacific Islander,55,64,All Origins,3,6,resp_copd,total,137476.228518674,666,nvss,Deaths,age-adjusted rate
1992,A,Asian or Pacific Islander,65,74,All Origins,3,6,resp_copd,total,217290.97591202,666,nvss,Deaths,age-adjusted rate
1992,A,Asian or Pacific Islander,75,84,All Origins,3,6,resp_copd,total,254351.360333206,666,nvss,Deaths,age-adjusted rate
1992,A,Asian or Pacific Islander,85,150,All Origins,3,6,resp_copd,total,268461.262156676,666,nvss,Deaths,age-adjusted rate
1992,A,Asian or Pacific Islander,45,54,All Origins,3,6,t2_dm,total,45233.5616590645,666,nvss,Deaths,age-adjusted rate
1992,A,Asian or Pacific Islander,55,64,All Origins,3,6,t2_dm,total,68738.1142593369,666,nvss,Deaths,age-adjusted rate
1992,A,Asian or Pacific Islander,65,74,All Origins,3,6,t2_dm,total,173832.780729616,666,nvss,Deaths,age-adjusted rate
1992,A,Asian or Pacific Islander,75,84,All Origins,3,6,t2_dm,total,190763.520249904,666,nvss,Deaths,age-adjusted rate
1992,A,Asian or Pacific Islander,85,150,All Origins,3,6,t2_dm,total,402691.893235013,666,nvss,Deaths,age-adjusted rate
1992,A,Asian or Pacific Islander,25,34,All Origins,3,8,all-cause,overall,4519.16436548166,666,nvss,Deaths,age-adjusted rate
1992,A,Asian or Pacific Islander,35,44,All Origins,3,8,all-cause,overall,18068.1858188856,666,nvss,Deaths,age-adjusted rate
1992,A,Asian or Pacific Islander,45,54,All Origins,3,8,all-cause,overall,14446.5778593701,666,nvss,Deaths,age-adjusted rate
1992,A,Asian or Pacific Islander,55,64,All Origins,3,8,all-cause,overall,4847.16574175265,666,nvss,Deaths,age-adjusted rate
1992,A,Asian or Pacific Islander,65,74,All Origins,3,8,all-cause,overall,7222.61058070916,666,nvss,Deaths,age-adjusted rate
1992,A,Asian or Pacific Islander,75,84,All Origins,3,8,all-cause,overall,5605.10036794782,666,nvss,Deaths,age-adjusted rate
1992,A,Asian or Pacific Islander,65,74,All Origins,3,8,cvd_stroke,total,1031.80151152988,666,nvss,Deaths,age-adjusted rate
1992,A,Asian or Pacific Islander,35,44,All Origins,3,8,ncd_lri,total,13551.1393641642,666,nvss,Deaths,age-adjusted rate
1992,A,Asian or Pacific Islander,45,54,All Origins,3,8,ncd_lri,total,9631.05190624676,666,nvss,Deaths,age-adjusted rate
1992,A,Asian or Pacific Islander,55,64,All Origins,3,8,ncd_lri,total,4847.16574175265,666,nvss,Deaths,age-adjusted rate
1992,A,Asian or Pacific Islander,65,74,All Origins,3,8,ncd_lri,total,7222.61058070916,666,nvss,Deaths,age-adjusted rate
1992,A,Asian or Pacific Islander,75,84,All Origins,3,8,ncd_lri,total,5605.10036794782,666,nvss,Deaths,age-adjusted rate
1992,A,Asian or Pacific Islander,75,84,All Origins,3,8,resp_copd,total,1868.36678931594,666,nvss,Deaths,age-adjusted rate
1992,A,Asian or Pacific Islander,65,74,All Origins,3,8,t2_dm,total,1031.80151152988,666,nvss,Deaths,age-adjusted rate
1992,A,Asian or Pacific Islander,25,34,All Origins,3,9,all-cause,overall,269.12121895229,666,nvss,Deaths,age-adjusted rate
1992,A,Asian or Pacific Islander,35,44,All Origins,3,9,all-cause,overall,92.7534002298407,666,nvss,Deaths,age-adjusted rate
1992,A,Asian or Pacific Islander,45,54,All Origins,3,9,all-cause,overall,468.483517574661,666,nvss,Deaths,age-adjusted rate
1992,A,Asian or Pacific Islander,55,64,All Origins,3,9,all-cause,overall,1624.29740340567,666,nvss,Deaths,age-adjusted rate
1992,A,Asian or Pacific Islander,65,74,All Origins,3,9,all-cause,overall,2619.89734211964,666,nvss,Deaths,age-adjusted rate
1992,A,Asian or Pacific Islander,75,84,All Origins,3,9,all-cause,overall,2953.2471976577,666,nvss,Deaths,age-adjusted rate
1992,A,Asian or Pacific Islander,85,150,All Origins,3,9,all-cause,overall,23207.5359691094,666,nvss,Deaths,age-adjusted rate
1992,A,Asian or Pacific Islander,55,64,All Origins,3,9,cvd_ihd,total,541.432467801891,666,nvss,Deaths,age-adjusted rate
1992,A,Asian or Pacific Islander,65,74,All Origins,3,9,cvd_ihd,total,654.974335529909,666,nvss,Deaths,age-adjusted rate
1992,A,Asian or Pacific Islander,85,150,All Origins,3,9,cvd_ihd,total,5157.23021535764,666,nvss,Deaths,age-adjusted rate
1992,A,Asian or Pacific Islander,25,34,All Origins,3,9,ncd_lri,total,269.12121895229,666,nvss,Deaths,age-adjusted rate
1992,A,Asian or Pacific Islander,35,44,All Origins,3,9,ncd_lri,total,92.7534002298407,666,nvss,Deaths,age-adjusted rate
1992,A,Asian or Pacific Islander,45,54,All Origins,3,9,ncd_lri,total,351.362638180995,666,nvss,Deaths,age-adjusted rate
1992,A,Asian or Pacific Islander,55,64,All Origins,3,9,ncd_lri,total,1263.34242487108,666,nvss,Deaths,age-adjusted rate
1992,A,Asian or Pacific Islander,65,74,All Origins,3,9,ncd_lri,total,2619.89734211964,666,nvss,Deaths,age-adjusted rate
1992,A,Asian or Pacific Islander,75,84,All Origins,3,9,ncd_lri,total,2953.2471976577,666,nvss,Deaths,age-adjusted rate
1992,A,Asian or Pacific Islander,85,150,All Origins,3,9,ncd_lri,total,20628.9208614305,666,nvss,Deaths,age-adjusted rate
1992,A,Asian or Pacific Islander,55,64,All Origins,3,9,neo_lung,total,180.477489267297,666,nvss,Deaths,age-adjusted rate
1992,A,Asian or Pacific Islander,85,150,All Origins,3,9,neo_lung,total,2578.61510767882,666,nvss,Deaths,age-adjusted rate
1992,A,Asian or Pacific Islander,25,34,All Origins,3,12,all-cause,overall,20.7434795558054,666,nvss,Deaths,age-adjusted rate
1992,A,Asian or Pacific Islander,35,44,All Origins,3,12,all-cause,overall,42.1726743029924,666,nvss,Deaths,age-adjusted rate
1992,A,Asian or Pacific Islander,45,54,All Origins,3,12,all-cause,overall,261.935968463637,666,nvss,Deaths,age-adjusted rate
1992,A,Asian or Pacific Islander,55,64,All Origins,3,12,all-cause,overall,347.933169330174,666,nvss,Deaths,age-adjusted rate
1992,A,Asian or Pacific Islander,65,74,All Origins,3,12,all-cause,overall,389.128080444004,666,nvss,Deaths,age-adjusted rate
1992,A,Asian or Pacific Islander,75,84,All Origins,3,12,all-cause,overall,516.580073083409,666,nvss,Deaths,age-adjusted rate
1992,A,Asian or Pacific Islander,85,150,All Origins,3,12,all-cause,overall,330.059783158246,666,nvss,Deaths,age-adjusted rate
1992,A,Asian or Pacific Islander,45,54,All Origins,3,12,cvd_ihd,total,29.1039964959597,666,nvss,Deaths,age-adjusted rate
1992,A,Asian or Pacific Islander,55,64,All Origins,3,12,cvd_ihd,total,38.659241036686,666,nvss,Deaths,age-adjusted rate
1992,A,Asian or Pacific Islander,45,54,All Origins,3,12,cvd_stroke,total,29.1039964959597,666,nvss,Deaths,age-adjusted rate
1992,A,Asian or Pacific Islander,35,44,All Origins,3,12,ncd_lri,total,21.0863371514962,666,nvss,Deaths,age-adjusted rate
1992,A,Asian or Pacific Islander,45,54,All Origins,3,12,ncd_lri,total,174.623978975758,666,nvss,Deaths,age-adjusted rate
1992,A,Asian or Pacific Islander,55,64,All Origins,3,12,ncd_lri,total,347.933169330174,666,nvss,Deaths,age-adjusted rate
1992,A,Asian or Pacific Islander,65,74,All Origins,3,12,ncd_lri,total,333.538354666289,666,nvss,Deaths,age-adjusted rate
1992,A,Asian or Pacific Islander,75,84,All Origins,3,12,ncd_lri,total,516.580073083409,666,nvss,Deaths,age-adjusted rate
1992,A,Asian or Pacific Islander,85,150,All Origins,3,12,ncd_lri,total,165.029891579123,666,nvss,Deaths,age-adjusted rate
1992,A,Asian or Pacific Islander,55,64,All Origins,3,12,neo_lung,total,38.659241036686,666,nvss,Deaths,age-adjusted rate
1992,A,Asian or Pacific Islander,65,74,All Origins,3,12,neo_lung,total,55.5897257777149,666,nvss,Deaths,age-adjusted rate
1992,A,Asian or Pacific Islander,25,34,All Origins,3,17,all-cause,overall,6162.49685629308,666,nvss,Deaths,age-adjusted rate
1992,A,Asian or Pacific Islander,45,54,All Origins,3,17,all-cause,overall,15557.8530619412,666,nvss,Deaths,age-adjusted rate
1992,A,Asian or Pacific Islander,65,74,All Origins,3,17,all-cause,overall,19810.5889064828,666,nvss,Deaths,age-adjusted rate
1992,A,Asian or Pacific Islander,65,74,All Origins,3,17,cvd_ihd,total,6603.52963549425,666,nvss,Deaths,age-adjusted rate
1992,A,Asian or Pacific Islander,25,34,All Origins,3,17,ncd_lri,total,6162.49685629308,666,nvss,Deaths,age-adjusted rate
1992,A,Asian or Pacific Islander,45,54,All Origins,3,17,ncd_lri,total,10371.9020412942,666,nvss,Deaths,age-adjusted rate
1992,A,Asian or Pacific Islander,65,74,All Origins,3,17,ncd_lri,total,19810.5889064828,666,nvss,Deaths,age-adjusted rate
1992,A,Asian or Pacific Islander,45,54,All Origins,3,17,neo_lung,total,5185.95102064708,666,nvss,Deaths,age-adjusted rate
1992,A,Asian or Pacific Islander,25,34,All Origins,3,18,all-cause,overall,574.470049742638,666,nvss,Deaths,age-adjusted rate
1992,A,Asian or Pacific Islander,45,54,All Origins,3,18,all-cause,overall,586.237945182748,666,nvss,Deaths,age-adjusted rate
1992,A,Asian or Pacific Islander,55,64,All Origins,3,18,all-cause,overall,3172.69031167793,666,nvss,Deaths,age-adjusted rate
1992,A,Asian or Pacific Islander,65,74,All Origins,3,18,all-cause,overall,4306.64981832259,666,nvss,Deaths,age-adjusted rate
1992,A,Asian or Pacific Islander,75,84,All Origins,3,18,all-cause,overall,5605.10035766121,666,nvss,Deaths,age-adjusted rate
1992,A,Asian or Pacific Islander,45,54,All Origins,3,18,cvd_stroke,total,586.237945182748,666,nvss,Deaths,age-adjusted rate
1992,A,Asian or Pacific Islander,25,34,All Origins,3,18,ncd_lri,total,574.470049742638,666,nvss,Deaths,age-adjusted rate
1992,A,Asian or Pacific Islander,45,54,All Origins,3,18,ncd_lri,total,586.237945182748,666,nvss,Deaths,age-adjusted rate
1992,A,Asian or Pacific Islander,55,64,All Origins,3,18,ncd_lri,total,3172.69031167793,666,nvss,Deaths,age-adjusted rate
1992,A,Asian or Pacific Islander,65,74,All Origins,3,18,ncd_lri,total,4306.64981832259,666,nvss,Deaths,age-adjusted rate
1992,A,Asian or Pacific Islander,75,84,All Origins,3,18,ncd_lri,total,5605.10035766121,666,nvss,Deaths,age-adjusted rate
1992,A,Asian or Pacific Islander,55,64,All Origins,3,18,neo_lung,total,1586.34515583897,666,nvss,Deaths,age-adjusted rate
1992,A,Asian or Pacific Islander,25,34,All Origins,3,20,all-cause,overall,33893.7326207954,666,nvss,Deaths,age-adjusted rate
1992,A,Asian or Pacific Islander,35,44,All Origins,3,20,all-cause,overall,162613.672071537,666,nvss,Deaths,age-adjusted rate
1992,A,Asian or Pacific Islander,45,54,All Origins,3,20,all-cause,overall,202252.089713029,666,nvss,Deaths,age-adjusted rate
1992,A,Asian or Pacific Islander,55,64,All Origins,3,20,all-cause,overall,43624.4915690264,666,nvss,Deaths,age-adjusted rate
1992,A,Asian or Pacific Islander,35,44,All Origins,3,20,cvd_ihd,total,81306.8360357687,666,nvss,Deaths,age-adjusted rate
1992,A,Asian or Pacific Islander,25,34,All Origins,3,20,ncd_lri,total,33893.7326207954,666,nvss,Deaths,age-adjusted rate
1992,A,Asian or Pacific Islander,35,44,All Origins,3,20,ncd_lri,total,162613.672071537,666,nvss,Deaths,age-adjusted rate
1992,A,Asian or Pacific Islander,45,54,All Origins,3,20,ncd_lri,total,67417.3632376765,666,nvss,Deaths,age-adjusted rate
1992,A,Asian or Pacific Islander,55,64,All Origins,3,20,ncd_lri,total,43624.4915690264,666,nvss,Deaths,age-adjusted rate
1992,A,Asian or Pacific Islander,35,44,All Origins,3,21,all-cause,overall,4516.92906913038,666,nvss,Deaths,age-adjusted rate
1992,A,Asian or Pacific Islander,55,64,All Origins,3,21,all-cause,overall,13087.2281824738,666,nvss,Deaths,age-adjusted rate
1992,A,Asian or Pacific Islander,65,74,All Origins,3,21,all-cause,overall,4716.7040353326,666,nvss,Deaths,age-adjusted rate
1992,A,Asian or Pacific Islander,75,84,All Origins,3,21,all-cause,overall,5605.09932862907,666,nvss,Deaths,age-adjusted rate
1992,A,Asian or Pacific Islander,35,44,All Origins,3,21,ncd_lri,total,4516.92906913038,666,nvss,Deaths,age-adjusted rate
1992,A,Asian or Pacific Islander,55,64,All Origins,3,21,ncd_lri,total,13087.2281824738,666,nvss,Deaths,age-adjusted rate
1992,A,Asian or Pacific Islander,65,74,All Origins,3,21,ncd_lri,total,4716.7040353326,666,nvss,Deaths,age-adjusted rate
1992,A,Asian or Pacific Islander,75,84,All Origins,3,21,ncd_lri,total,5605.09932862907,666,nvss,Deaths,age-adjusted rate
1992,A,Asian or Pacific Islander,55,64,All Origins,3,21,neo_lung,total,4362.40939415794,666,nvss,Deaths,age-adjusted rate
1992,A,Asian or Pacific Islander,75,84,All Origins,3,21,neo_lung,total,5605.09932862907,666,nvss,Deaths,age-adjusted rate
1992,A,Asian or Pacific Islander,45,54,All Origins,3,22,all-cause,overall,757.497567446409,666,nvss,Deaths,age-adjusted rate
1992,A,Asian or Pacific Islander,55,64,All Origins,3,22,all-cause,overall,715.154849877357,666,nvss,Deaths,age-adjusted rate
1992,A,Asian or Pacific Islander,65,74,All Origins,3,22,all-cause,overall,4402.33455867464,666,nvss,Deaths,age-adjusted rate
1992,A,Asian or Pacific Islander,75,84,All Origins,3,22,all-cause,overall,7473.44614923854,666,nvss,Deaths,age-adjusted rate
1992,A,Asian or Pacific Islander,65,74,All Origins,3,22,cvd_ihd,total,2201.16727933732,666,nvss,Deaths,age-adjusted rate
1992,A,Asian or Pacific Islander,45,54,All Origins,3,22,ncd_lri,total,757.497567446409,666,nvss,Deaths,age-adjusted rate
1992,A,Asian or Pacific Islander,55,64,All Origins,3,22,ncd_lri,total,715.154849877357,666,nvss,Deaths,age-adjusted rate
1992,A,Asian or Pacific Islander,65,74,All Origins,3,22,ncd_lri,total,4402.33455867464,666,nvss,Deaths,age-adjusted rate
1992,A,Asian or Pacific Islander,75,84,All Origins,3,22,ncd_lri,total,7473.44614923854,666,nvss,Deaths,age-adjusted rate
1992,A,Asian or Pacific Islander,55,64,All Origins,3,22,resp_copd,total,715.154849877357,666,nvss,Deaths,age-adjusted rate
1992,A,Asian or Pacific Islander,25,34,All Origins,3,28,all-cause,overall,67849.2837937585,666,nvss,Deaths,age-adjusted rate
1992,A,Asian or Pacific Islander,55,64,All Origins,3,28,all-cause,overall,8737.26181302994,666,nvss,Deaths,age-adjusted rate
1992,A,Asian or Pacific Islander,65,74,All Origins,3,28,all-cause,overall,6606.41134012664,666,nvss,Deaths,age-adjusted rate
1992,A,Asian or Pacific Islander,75,84,All Origins,3,28,all-cause,overall,67267.8112836115,666,nvss,Deaths,age-adjusted rate
1992,A,Asian or Pacific Islander,55,64,All Origins,3,28,ncd_lri,total,8737.26181302994,666,nvss,Deaths,age-adjusted rate
1992,A,Asian or Pacific Islander,65,74,All Origins,3,28,ncd_lri,total,6606.41134012664,666,nvss,Deaths,age-adjusted rate
1992,A,Asian or Pacific Islander,75,84,All Origins,3,28,ncd_lri,total,67267.8112836115,666,nvss,Deaths,age-adjusted rate
1992,A,Asian or Pacific Islander,75,84,All Origins,3,28,neo_lung,total,22422.6037612038,666,nvss,Deaths,age-adjusted rate
1992,A,Asian or Pacific Islander,65,74,All Origins,3,29,all-cause,overall,16508.8241447128,666,nvss,Deaths,age-adjusted rate
1992,A,Asian or Pacific Islander,65,74,All Origins,3,29,ncd_lri,total,8254.41207235638,666,nvss,Deaths,age-adjusted rate
1992,A,Asian or Pacific Islander,25,34,All Origins,3,31,all-cause,overall,33893.7395575605,666,nvss,Deaths,age-adjusted rate
1992,A,Asian or Pacific Islander,25,34,All Origins,3,31,ncd_lri,total,16946.8697787803,666,nvss,Deaths,age-adjusted rate
1992,A,Asian or Pacific Islander,25,34,All Origins,3,37,all-cause,overall,40645.6879169267,666,nvss,Deaths,age-adjusted rate
1992,A,Asian or Pacific Islander,35,44,All Origins,3,37,all-cause,overall,30443.2782867838,666,nvss,Deaths,age-adjusted rate
1992,A,Asian or Pacific Islander,45,54,All Origins,3,37,all-cause,overall,25222.6677436784,666,nvss,Deaths,age-adjusted rate
1992,A,Asian or Pacific Islander,55,64,All Origins,3,37,all-cause,overall,341518.442044106,666,nvss,Deaths,age-adjusted rate
1992,A,Asian or Pacific Islander,65,74,All Origins,3,37,all-cause,overall,24461165.6802549,666,nvss,Deaths,age-adjusted rate
1992,A,Asian or Pacific Islander,45,54,All Origins,3,37,cvd_ihd,total,8407.55591455945,666,nvss,Deaths,age-adjusted rate
1992,A,Asian or Pacific Islander,65,74,All Origins,3,37,cvd_ihd,total,4892233.13605099,666,nvss,Deaths,age-adjusted rate
1992,A,Asian or Pacific Islander,25,34,All Origins,3,37,cvd_stroke,total,13548.5626389756,666,nvss,Deaths,age-adjusted rate
1992,A,Asian or Pacific Islander,25,34,All Origins,3,37,ncd_lri,total,27097.1252779512,666,nvss,Deaths,age-adjusted rate
1992,A,Asian or Pacific Islander,35,44,All Origins,3,37,ncd_lri,total,10147.7594289279,666,nvss,Deaths,age-adjusted rate
1992,A,Asian or Pacific Islander,45,54,All Origins,3,37,ncd_lri,total,16815.1118291189,666,nvss,Deaths,age-adjusted rate
1992,A,Asian or Pacific Islander,55,64,All Origins,3,37,ncd_lri,total,298828.636788593,666,nvss,Deaths,age-adjusted rate
1992,A,Asian or Pacific Islander,65,74,All Origins,3,37,ncd_lri,total,19568932.544204,666,nvss,Deaths,age-adjusted rate
1992,A,Asian or Pacific Islander,55,64,All Origins,3,37,neo_lung,total,85379.6105110266,666,nvss,Deaths,age-adjusted rate
1992,A,Asian or Pacific Islander,25,34,All Origins,3,39,all-cause,overall,26.8465215966971,666,nvss,Deaths,age-adjusted rate
1992,A,Asian or Pacific Islander,35,44,All Origins,3,39,all-cause,overall,329.177478788452,666,nvss,Deaths,age-adjusted rate
1992,A,Asian or Pacific Islander,45,54,All Origins,3,39,all-cause,overall,991.431810844706,666,nvss,Deaths,age-adjusted rate
1992,A,Asian or Pacific Islander,55,64,All Origins,3,39,all-cause,overall,2307.06445707605,666,nvss,Deaths,age-adjusted rate
1992,A,Asian or Pacific Islander,65,74,All Origins,3,39,all-cause,overall,971.107304819193,666,nvss,Deaths,age-adjusted rate
1992,A,Asian or Pacific Islander,75,84,All Origins,3,39,all-cause,overall,14267.5281831376,666,nvss,Deaths,age-adjusted rate
1992,A,Asian or Pacific Islander,85,150,All Origins,3,39,all-cause,overall,3877.14072092036,666,nvss,Deaths,age-adjusted rate
1992,A,Asian or Pacific Islander,55,64,All Origins,3,39,cvd_ihd,total,209.733132461459,666,nvss,Deaths,age-adjusted rate
1992,A,Asian or Pacific Islander,35,44,All Origins,3,39,ncd_lri,total,219.451652525635,666,nvss,Deaths,age-adjusted rate
1992,A,Asian or Pacific Islander,45,54,All Origins,3,39,ncd_lri,total,743.573858133529,666,nvss,Deaths,age-adjusted rate
1992,A,Asian or Pacific Islander,55,64,All Origins,3,39,ncd_lri,total,2097.33132461459,666,nvss,Deaths,age-adjusted rate
1992,A,Asian or Pacific Islander,65,74,All Origins,3,39,ncd_lri,total,485.553652409597,666,nvss,Deaths,age-adjusted rate
1992,A,Asian or Pacific Islander,75,84,All Origins,3,39,ncd_lri,total,14267.5281831376,666,nvss,Deaths,age-adjusted rate
1992,A,Asian or Pacific Islander,85,150,All Origins,3,39,ncd_lri,total,3877.14072092036,666,nvss,Deaths,age-adjusted rate
1992,A,Asian or Pacific Islander,45,54,All Origins,3,39,neo_lung,total,247.857952711176,666,nvss,Deaths,age-adjusted rate
1992,A,Asian or Pacific Islander,75,84,All Origins,3,39,neo_lung,total,2038.2183118768,666,nvss,Deaths,age-adjusted rate
1992,A,Asian or Pacific Islander,25,34,All Origins,3,40,all-cause,overall,22595.8201450867,666,nvss,Deaths,age-adjusted rate
1992,A,Asian or Pacific Islander,45,54,All Origins,3,40,all-cause,overall,67417.3282948738,666,nvss,Deaths,age-adjusted rate
1992,A,Asian or Pacific Islander,55,64,All Origins,3,40,all-cause,overall,87248.9680641663,666,nvss,Deaths,age-adjusted rate
1992,A,Asian or Pacific Islander,65,74,All Origins,3,40,all-cause,overall,165088.241447128,666,nvss,Deaths,age-adjusted rate
1992,A,Asian or Pacific Islander,55,64,All Origins,3,40,cvd_ihd,total,21812.2420160416,666,nvss,Deaths,age-adjusted rate
1992,A,Asian or Pacific Islander,45,54,All Origins,3,40,ncd_lri,total,67417.3282948738,666,nvss,Deaths,age-adjusted rate
1992,A,Asian or Pacific Islander,55,64,All Origins,3,40,ncd_lri,total,87248.9680641663,666,nvss,Deaths,age-adjusted rate
1992,A,Asian or Pacific Islander,65,74,All Origins,3,40,ncd_lri,total,132070.593157702,666,nvss,Deaths,age-adjusted rate
1992,A,Asian or Pacific Islander,55,64,All Origins,3,40,neo_lung,total,21812.2420160416,666,nvss,Deaths,age-adjusted rate
1992,A,Asian or Pacific Islander,65,74,All Origins,3,40,resp_copd,total,33017.6482894255,666,nvss,Deaths,age-adjusted rate
1992,A,Asian or Pacific Islander,25,34,All Origins,3,42,all-cause,overall,3185.93357920556,666,nvss,Deaths,age-adjusted rate
1992,A,Asian or Pacific Islander,35,44,All Origins,3,42,all-cause,overall,2441.80035794865,666,nvss,Deaths,age-adjusted rate
1992,A,Asian or Pacific Islander,45,54,All Origins,3,42,all-cause,overall,1040.35884824107,666,nvss,Deaths,age-adjusted rate
1992,A,Asian or Pacific Islander,55,64,All Origins,3,42,all-cause,overall,3669.01050288762,666,nvss,Deaths,age-adjusted rate
1992,A,Asian or Pacific Islander,65,74,All Origins,3,42,all-cause,overall,5510.78145929608,666,nvss,Deaths,age-adjusted rate
1992,A,Asian or Pacific Islander,75,84,All Origins,3,42,all-cause,overall,10346.5712638392,666,nvss,Deaths,age-adjusted rate
1992,A,Asian or Pacific Islander,85,150,All Origins,3,42,all-cause,overall,38771.4062358025,666,nvss,Deaths,age-adjusted rate
1992,A,Asian or Pacific Islander,65,74,All Origins,3,42,cvd_ihd,total,1224.6181020658,666,nvss,Deaths,age-adjusted rate
1992,A,Asian or Pacific Islander,75,84,All Origins,3,42,cvd_stroke,total,1724.4285439732,666,nvss,Deaths,age-adjusted rate
1992,A,Asian or Pacific Islander,25,34,All Origins,3,42,ncd_lri,total,637.186715841113,666,nvss,Deaths,age-adjusted rate
1992,A,Asian or Pacific Islander,35,44,All Origins,3,42,ncd_lri,total,1465.08021476919,666,nvss,Deaths,age-adjusted rate
1992,A,Asian or Pacific Islander,45,54,All Origins,3,42,ncd_lri,total,1040.35884824107,666,nvss,Deaths,age-adjusted rate
1992,A,Asian or Pacific Islander,55,64,All Origins,3,42,ncd_lri,total,3261.34266923344,666,nvss,Deaths,age-adjusted rate
1992,A,Asian or Pacific Islander,65,74,All Origins,3,42,ncd_lri,total,4898.47240826319,666,nvss,Deaths,age-adjusted rate
1992,A,Asian or Pacific Islander,75,84,All Origins,3,42,ncd_lri,total,10346.5712638392,666,nvss,Deaths,age-adjusted rate
1992,A,Asian or Pacific Islander,85,150,All Origins,3,42,ncd_lri,total,15508.562494321,666,nvss,Deaths,age-adjusted rate
1992,A,Asian or Pacific Islander,35,44,All Origins,3,42,neo_lung,total,488.36007158973,666,nvss,Deaths,age-adjusted rate
1992,A,Asian or Pacific Islander,65,74,All Origins,3,42,neo_lung,total,612.309051032898,666,nvss,Deaths,age-adjusted rate
1992,A,Asian or Pacific Islander,35,44,All Origins,3,42,t2_dm,total,488.36007158973,666,nvss,Deaths,age-adjusted rate
1992,A,Asian or Pacific Islander,25,34,All Origins,3,45,all-cause,overall,3012.78234593378,666,nvss,Deaths,age-adjusted rate
1992,A,Asian or Pacific Islander,45,54,All Origins,3,45,all-cause,overall,6360.12861477129,666,nvss,Deaths,age-adjusted rate
1992,A,Asian or Pacific Islander,55,64,All Origins,3,45,all-cause,overall,2181.26438055225,666,nvss,Deaths,age-adjusted rate
1992,A,Asian or Pacific Islander,65,74,All Origins,3,45,all-cause,overall,6003.20882560933,666,nvss,Deaths,age-adjusted rate
1992,A,Asian or Pacific Islander,75,84,All Origins,3,45,all-cause,overall,6114.65492031948,666,nvss,Deaths,age-adjusted rate
1992,A,Asian or Pacific Islander,85,150,All Origins,3,45,all-cause,overall,2215.5089258997,666,nvss,Deaths,age-adjusted rate
1992,A,Asian or Pacific Islander,85,150,All Origins,3,45,cvd_ihd,total,1107.75446294985,666,nvss,Deaths,age-adjusted rate
1992,A,Asian or Pacific Islander,25,34,All Origins,3,45,ncd_lri,total,1506.39117296689,666,nvss,Deaths,age-adjusted rate
1992,A,Asian or Pacific Islander,45,54,All Origins,3,45,ncd_lri,total,6360.12861477129,666,nvss,Deaths,age-adjusted rate
1992,A,Asian or Pacific Islander,55,64,All Origins,3,45,ncd_lri,total,2181.26438055225,666,nvss,Deaths,age-adjusted rate
1992,A,Asian or Pacific Islander,65,74,All Origins,3,45,ncd_lri,total,6003.20882560933,666,nvss,Deaths,age-adjusted rate
1992,A,Asian or Pacific Islander,75,84,All Origins,3,45,ncd_lri,total,6114.65492031948,666,nvss,Deaths,age-adjusted rate
1992,A,Asian or Pacific Islander,85,150,All Origins,3,45,ncd_lri,total,2215.5089258997,666,nvss,Deaths,age-adjusted rate
1992,A,Asian or Pacific Islander,75,84,All Origins,3,45,neo_lung,total,2038.21830677316,666,nvss,Deaths,age-adjusted rate
1992,A,Asian or Pacific Islander,25,34,All Origins,3,48,all-cause,overall,11297.9108231363,666,nvss,Deaths,age-adjusted rate
1992,A,Asian or Pacific Islander,35,44,All Origins,3,48,all-cause,overall,12508.743852139,666,nvss,Deaths,age-adjusted rate
1992,A,Asian or Pacific Islander,45,54,All Origins,3,48,all-cause,overall,12964.8774205143,666,nvss,Deaths,age-adjusted rate
1992,A,Asian or Pacific Islander,55,64,All Origins,3,48,all-cause,overall,16618.853760915,666,nvss,Deaths,age-adjusted rate
1992,A,Asian or Pacific Islander,65,74,All Origins,3,48,all-cause,overall,17479.9315857581,666,nvss,Deaths,age-adjusted rate
1992,A,Asian or Pacific Islander,75,84,All Origins,3,48,all-cause,overall,9964.62301447253,666,nvss,Deaths,age-adjusted rate
1992,A,Asian or Pacific Islander,85,150,All Origins,3,48,all-cause,overall,3877.14062358027,666,nvss,Deaths,age-adjusted rate
1992,A,Asian or Pacific Islander,45,54,All Origins,3,48,cvd_ihd,total,2592.97548410286,666,nvss,Deaths,age-adjusted rate
1992,A,Asian or Pacific Islander,55,64,All Origins,3,48,cvd_ihd,total,2077.35672011437,666,nvss,Deaths,age-adjusted rate
1992,A,Asian or Pacific Islander,75,84,All Origins,3,48,cvd_ihd,total,2491.15575361813,666,nvss,Deaths,age-adjusted rate
1992,A,Asian or Pacific Islander,65,74,All Origins,3,48,cvd_stroke,total,1942.21462063979,666,nvss,Deaths,age-adjusted rate
1992,A,Asian or Pacific Islander,25,34,All Origins,3,48,ncd_lri,total,1613.98726044804,666,nvss,Deaths,age-adjusted rate
1992,A,Asian or Pacific Islander,35,44,All Origins,3,48,ncd_lri,total,8339.16256809269,666,nvss,Deaths,age-adjusted rate
1992,A,Asian or Pacific Islander,45,54,All Origins,3,48,ncd_lri,total,10371.9019364115,666,nvss,Deaths,age-adjusted rate
1992,A,Asian or Pacific Islander,55,64,All Origins,3,48,ncd_lri,total,16618.853760915,666,nvss,Deaths,age-adjusted rate
1992,A,Asian or Pacific Islander,65,74,All Origins,3,48,ncd_lri,total,15537.7169651183,666,nvss,Deaths,age-adjusted rate
1992,A,Asian or Pacific Islander,75,84,All Origins,3,48,ncd_lri,total,9964.62301447253,666,nvss,Deaths,age-adjusted rate
1992,A,Asian or Pacific Islander,85,150,All Origins,3,48,ncd_lri,total,3877.14062358027,666,nvss,Deaths,age-adjusted rate
1992,A,Asian or Pacific Islander,35,44,All Origins,3,48,resp_copd,total,2084.79064202317,666,nvss,Deaths,age-adjusted rate
1992,A,Asian or Pacific Islander,75,84,All Origins,3,48,t2_dm,total,2491.15575361813,666,nvss,Deaths,age-adjusted rate
1992,A,Asian or Pacific Islander,55,64,All Origins,3,49,all-cause,overall,3355.73011795377,666,nvss,Deaths,age-adjusted rate
1992,A,Asian or Pacific Islander,65,74,All Origins,3,49,all-cause,overall,23112.3537862392,666,nvss,Deaths,age-adjusted rate
1992,A,Asian or Pacific Islander,75,84,All Origins,3,49,all-cause,overall,11210.2007153224,666,nvss,Deaths,age-adjusted rate
1992,A,Asian or Pacific Islander,55,64,All Origins,3,49,ncd_lri,total,3355.73011795377,666,nvss,Deaths,age-adjusted rate
1992,A,Asian or Pacific Islander,65,74,All Origins,3,49,ncd_lri,total,23112.3537862392,666,nvss,Deaths,age-adjusted rate
1992,A,Asian or Pacific Islander,75,84,All Origins,3,49,ncd_lri,total,11210.2007153224,666,nvss,Deaths,age-adjusted rate
1992,A,Asian or Pacific Islander,65,74,All Origins,3,49,neo_lung,total,3301.76482660559,666,nvss,Deaths,age-adjusted rate
1992,A,Asian or Pacific Islander,65,74,All Origins,3,49,resp_copd,total,3301.76482660559,666,nvss,Deaths,age-adjusted rate
1992,A,Asian or Pacific Islander,55,64,All Origins,3,49,t2_dm,total,3355.73011795377,666,nvss,Deaths,age-adjusted rate
1992,A,Asian or Pacific Islander,65,74,All Origins,3,49,t2_dm,total,3301.76482660559,666,nvss,Deaths,age-adjusted rate
1992,A,Asian or Pacific Islander,35,44,All Origins,3,51,all-cause,overall,4701.2831839049,666,nvss,Deaths,age-adjusted rate
1992,A,Asian or Pacific Islander,65,74,All Origins,3,51,all-cause,overall,32751.2054574159,666,nvss,Deaths,age-adjusted rate
1992,A,Asian or Pacific Islander,75,84,All Origins,3,51,all-cause,overall,2252374944.72704,666,nvss,Deaths,age-adjusted rate
1992,A,Asian or Pacific Islander,85,150,All Origins,3,51,all-cause,overall,703736.86312176,666,nvss,Deaths,age-adjusted rate
1992,A,Asian or Pacific Islander,35,44,All Origins,3,51,ncd_lri,total,4701.2831839049,666,nvss,Deaths,age-adjusted rate
1992,A,Asian or Pacific Islander,75,84,All Origins,3,51,ncd_lri,total,2252374944.72704,666,nvss,Deaths,age-adjusted rate
1992,A,Asian or Pacific Islander,85,150,All Origins,3,51,ncd_lri,total,703736.86312176,666,nvss,Deaths,age-adjusted rate
1992,A,Asian or Pacific Islander,65,74,All Origins,3,54,all-cause,overall,3301.76483650125,666,nvss,Deaths,age-adjusted rate
1992,A,Asian or Pacific Islander,65,74,All Origins,3,54,ncd_lri,total,3301.76483650125,666,nvss,Deaths,age-adjusted rate
1992,A,Asian or Pacific Islander,55,64,All Origins,4,13,all-cause,overall,6232.26956311514,666,nvss,Deaths,age-adjusted rate
1992,A,Asian or Pacific Islander,55,64,All Origins,4,13,ncd_lri,total,6232.26956311514,666,nvss,Deaths,age-adjusted rate
1992,A,Asian or Pacific Islander,55,64,All Origins,4,13,neo_lung,total,3116.13478155757,666,nvss,Deaths,age-adjusted rate
1992,A,Asian or Pacific Islander,25,34,All Origins,4,17,all-cause,overall,6162.49576387845,666,nvss,Deaths,age-adjusted rate
1992,A,Asian or Pacific Islander,45,54,All Origins,4,17,all-cause,overall,4932.97678843224,666,nvss,Deaths,age-adjusted rate
1992,A,Asian or Pacific Islander,55,64,All Origins,4,17,all-cause,overall,2423.5828642571,666,nvss,Deaths,age-adjusted rate
1992,A,Asian or Pacific Islander,65,74,All Origins,4,17,all-cause,overall,16508.8241238101,666,nvss,Deaths,age-adjusted rate
1992,A,Asian or Pacific Islander,75,84,All Origins,4,17,all-cause,overall,44840.8028612897,666,nvss,Deaths,age-adjusted rate
1992,A,Asian or Pacific Islander,85,150,All Origins,4,17,all-cause,overall,1938.57030745638,666,nvss,Deaths,age-adjusted rate
1992,A,Asian or Pacific Islander,65,74,All Origins,4,17,cvd_ihd,total,5502.94137460337,666,nvss,Deaths,age-adjusted rate
1992,A,Asian or Pacific Islander,45,54,All Origins,4,17,ncd_lri,total,4932.97678843224,666,nvss,Deaths,age-adjusted rate
1992,A,Asian or Pacific Islander,55,64,All Origins,4,17,ncd_lri,total,2423.5828642571,666,nvss,Deaths,age-adjusted rate
1992,A,Asian or Pacific Islander,65,74,All Origins,4,17,ncd_lri,total,16508.8241238101,666,nvss,Deaths,age-adjusted rate
1992,A,Asian or Pacific Islander,75,84,All Origins,4,17,ncd_lri,total,33630.6021459673,666,nvss,Deaths,age-adjusted rate
1992,A,Asian or Pacific Islander,85,150,All Origins,4,17,ncd_lri,total,1938.57030745638,666,nvss,Deaths,age-adjusted rate
1992,A,Asian or Pacific Islander,65,74,All Origins,4,17,t2_dm,total,5502.94137460337,666,nvss,Deaths,age-adjusted rate
1992,A,Asian or Pacific Islander,75,84,All Origins,4,17,t2_dm,total,11210.2007153224,666,nvss,Deaths,age-adjusted rate
1992,A,Asian or Pacific Islander,45,54,All Origins,4,18,all-cause,overall,27425.5027064611,666,nvss,Deaths,age-adjusted rate
1992,A,Asian or Pacific Islander,55,64,All Origins,4,18,all-cause,overall,9049.87641421391,666,nvss,Deaths,age-adjusted rate
1992,A,Asian or Pacific Islander,65,74,All Origins,4,18,all-cause,overall,25472.9327735854,666,nvss,Deaths,age-adjusted rate
1992,A,Asian or Pacific Islander,75,84,All Origins,4,18,all-cause,overall,108134.098984442,666,nvss,Deaths,age-adjusted rate
1992,A,Asian or Pacific Islander,85,150,All Origins,4,18,all-cause,overall,7483.3502967193,666,nvss,Deaths,age-adjusted rate
1992,A,Asian or Pacific Islander,45,54,All Origins,4,18,cvd_ihd,total,5485.10054129222,666,nvss,Deaths,age-adjusted rate
1992,A,Asian or Pacific Islander,45,54,All Origins,4,18,ncd_lri,total,27425.5027064611,666,nvss,Deaths,age-adjusted rate
1992,A,Asian or Pacific Islander,55,64,All Origins,4,18,ncd_lri,total,9049.87641421391,666,nvss,Deaths,age-adjusted rate
1992,A,Asian or Pacific Islander,65,74,All Origins,4,18,ncd_lri,total,25472.9327735854,666,nvss,Deaths,age-adjusted rate
1992,A,Asian or Pacific Islander,75,84,All Origins,4,18,ncd_lri,total,108134.098984442,666,nvss,Deaths,age-adjusted rate
1992,A,Asian or Pacific Islander,85,150,All Origins,4,18,ncd_lri,total,7483.3502967193,666,nvss,Deaths,age-adjusted rate
1992,A,Asian or Pacific Islander,25,34,All Origins,4,22,all-cause,overall,996.874486481294,666,nvss,Deaths,age-adjusted rate
1992,A,Asian or Pacific Islander,35,44,All Origins,4,22,all-cause,overall,1029.20045278634,666,nvss,Deaths,age-adjusted rate
1992,A,Asian or Pacific Islander,35,44,All Origins,4,22,ncd_lri,total,1029.20045278634,666,nvss,Deaths,age-adjusted rate
1992,A,Asian or Pacific Islander,25,34,All Origins,4,29,all-cause,overall,252.938305681364,666,nvss,Deaths,age-adjusted rate
1992,A,Asian or Pacific Islander,25,34,All Origins,4,29,cvd_ihd,total,252.938305681364,666,nvss,Deaths,age-adjusted rate
1992,A,Asian or Pacific Islander,25,34,All Origins,4,29,ncd_lri,total,252.938305681364,666,nvss,Deaths,age-adjusted rate
1992,A,Asian or Pacific Islander,65,74,All Origins,4,46,all-cause,overall,16508.8241447128,666,nvss,Deaths,age-adjusted rate
1992,A,Asian or Pacific Islander,65,74,All Origins,4,46,ncd_lri,total,16508.8241447128,666,nvss,Deaths,age-adjusted rate
1992,A,Asian or Pacific Islander,65,74,All Origins,4,54,all-cause,overall,971.107309292931,666,nvss,Deaths,age-adjusted rate
1992,A,Asian or Pacific Islander,65,74,All Origins,4,54,ncd_lri,total,971.107309292931,666,nvss,Deaths,age-adjusted rate
1992,A,Asian or Pacific Islander,35,44,All Origins,4,55,all-cause,overall,3252.27343693278,666,nvss,Deaths,age-adjusted rate
1992,A,Asian or Pacific Islander,45,54,All Origins,4,55,all-cause,overall,6271.38265334086,666,nvss,Deaths,age-adjusted rate
1992,A,Asian or Pacific Islander,55,64,All Origins,4,55,all-cause,overall,9483.58515356921,666,nvss,Deaths,age-adjusted rate
1992,A,Asian or Pacific Islander,65,74,All Origins,4,55,all-cause,overall,14674.5103398833,666,nvss,Deaths,age-adjusted rate
1992,A,Asian or Pacific Islander,75,84,All Origins,4,55,all-cause,overall,22420.4014306448,666,nvss,Deaths,age-adjusted rate
1992,A,Asian or Pacific Islander,65,74,All Origins,4,55,cvd_ihd,total,3668.62758497081,666,nvss,Deaths,age-adjusted rate
1992,A,Asian or Pacific Islander,45,54,All Origins,4,55,ncd_lri,total,3135.69132667043,666,nvss,Deaths,age-adjusted rate
1992,A,Asian or Pacific Islander,55,64,All Origins,4,55,ncd_lri,total,9483.58515356921,666,nvss,Deaths,age-adjusted rate
1992,A,Asian or Pacific Islander,65,74,All Origins,4,55,ncd_lri,total,14674.5103398833,666,nvss,Deaths,age-adjusted rate
1992,A,Asian or Pacific Islander,75,84,All Origins,4,55,ncd_lri,total,22420.4014306448,666,nvss,Deaths,age-adjusted rate
1992,A,Asian or Pacific Islander,55,64,All Origins,5,36,all-cause,overall,415.471347940911,666,nvss,Deaths,age-adjusted rate
1992,A,Asian or Pacific Islander,55,64,All Origins,5,36,ncd_lri,total,415.471347940911,666,nvss,Deaths,age-adjusted rate
1992,A,Asian or Pacific Islander,55,64,All Origins,5,36,resp_copd,total,415.471347940911,666,nvss,Deaths,age-adjusted rate
1992,A,Asian or Pacific Islander,35,44,All Origins,5,37,all-cause,overall,625.446818111388,666,nvss,Deaths,age-adjusted rate
1992,A,Asian or Pacific Islander,75,84,All Origins,5,37,all-cause,overall,5603.58629281358,666,nvss,Deaths,age-adjusted rate
1992,A,Asian or Pacific Islander,35,44,All Origins,5,37,ncd_lri,total,625.446818111388,666,nvss,Deaths,age-adjusted rate
1992,A,Asian or Pacific Islander,75,84,All Origins,5,37,ncd_lri,total,5603.58629281358,666,nvss,Deaths,age-adjusted rate
1992,A,Asian or Pacific Islander,65,74,All Origins,5,39,all-cause,overall,1269.90954256845,666,nvss,Deaths,age-adjusted rate
1992,A,Asian or Pacific Islander,25,34,All Origins,666,1,all-cause,overall,15.3596975942675,666,nvss,Deaths,age-adjusted rate
1992,A,Asian or Pacific Islander,35,44,All Origins,666,1,all-cause,overall,7.29209291800616,666,nvss,Deaths,age-adjusted rate
1992,A,Asian or Pacific Islander,45,54,All Origins,666,1,all-cause,overall,44.2262325462412,666,nvss,Deaths,age-adjusted rate
1992,A,Asian or Pacific Islander,55,64,All Origins,666,1,all-cause,overall,68.8083463233854,666,nvss,Deaths,age-adjusted rate
1992,A,Asian or Pacific Islander,65,74,All Origins,666,1,all-cause,overall,69.6574858426699,666,nvss,Deaths,age-adjusted rate
1992,A,Asian or Pacific Islander,75,84,All Origins,666,1,all-cause,overall,159.009939224431,666,nvss,Deaths,age-adjusted rate
1992,A,Asian or Pacific Islander,85,150,All Origins,666,1,all-cause,overall,193.857031179013,666,nvss,Deaths,age-adjusted rate
1992,A,Asian or Pacific Islander,55,64,All Origins,666,1,cvd_ihd,total,6.88083463233854,666,nvss,Deaths,age-adjusted rate
1992,A,Asian or Pacific Islander,75,84,All Origins,666,1,cvd_ihd,total,31.8019878448863,666,nvss,Deaths,age-adjusted rate
1992,A,Asian or Pacific Islander,45,54,All Origins,666,1,cvd_stroke,total,5.52827906828015,666,nvss,Deaths,age-adjusted rate
1992,A,Asian or Pacific Islander,25,34,All Origins,666,1,ncd_lri,total,2.55994959904459,666,nvss,Deaths,age-adjusted rate
1992,A,Asian or Pacific Islander,35,44,All Origins,666,1,ncd_lri,total,3.64604645900308,666,nvss,Deaths,age-adjusted rate
1992,A,Asian or Pacific Islander,45,54,All Origins,666,1,ncd_lri,total,38.6979534779611,666,nvss,Deaths,age-adjusted rate
1992,A,Asian or Pacific Islander,55,64,All Origins,666,1,ncd_lri,total,55.0466770587083,666,nvss,Deaths,age-adjusted rate
1992,A,Asian or Pacific Islander,65,74,All Origins,666,1,ncd_lri,total,69.6574858426699,666,nvss,Deaths,age-adjusted rate
1992,A,Asian or Pacific Islander,75,84,All Origins,666,1,ncd_lri,total,95.4059635346588,666,nvss,Deaths,age-adjusted rate
1992,A,Asian or Pacific Islander,85,150,All Origins,666,1,ncd_lri,total,129.238020786009,666,nvss,Deaths,age-adjusted rate
1992,A,Asian or Pacific Islander,55,64,All Origins,666,1,neo_lung,total,13.7616692646771,666,nvss,Deaths,age-adjusted rate
1992,A,Asian or Pacific Islander,65,74,All Origins,666,1,neo_lung,total,27.862994337068,666,nvss,Deaths,age-adjusted rate
1992,A,Asian or Pacific Islander,25,34,All Origins,666,2,all-cause,overall,6.3620333536087,666,nvss,Deaths,age-adjusted rate
1992,A,Asian or Pacific Islander,35,44,All Origins,666,2,all-cause,overall,22.0194545797613,666,nvss,Deaths,age-adjusted rate
1992,A,Asian or Pacific Islander,45,54,All Origins,666,2,all-cause,overall,37.3675916328923,666,nvss,Deaths,age-adjusted rate
1992,A,Asian or Pacific Islander,55,64,All Origins,666,2,all-cause,overall,13.5901842894163,666,nvss,Deaths,age-adjusted rate
1992,A,Asian or Pacific Islander,65,74,All Origins,666,2,all-cause,overall,107.66624442204,666,nvss,Deaths,age-adjusted rate
1992,A,Asian or Pacific Islander,75,84,All Origins,666,2,all-cause,overall,120.647900075219,666,nvss,Deaths,age-adjusted rate
1992,A,Asian or Pacific Islander,85,150,All Origins,666,2,all-cause,overall,206.780833257614,666,nvss,Deaths,age-adjusted rate
1992,A,Asian or Pacific Islander,45,54,All Origins,666,2,cvd_ihd,total,6.22793193881538,666,nvss,Deaths,age-adjusted rate
1992,A,Asian or Pacific Islander,65,74,All Origins,666,2,cvd_ihd,total,26.9165611055099,666,nvss,Deaths,age-adjusted rate
1992,A,Asian or Pacific Islander,75,84,All Origins,666,2,cvd_ihd,total,20.1079833458698,666,nvss,Deaths,age-adjusted rate
1992,A,Asian or Pacific Islander,85,150,All Origins,666,2,cvd_stroke,total,34.4634722096024,666,nvss,Deaths,age-adjusted rate
1992,A,Asian or Pacific Islander,25,34,All Origins,666,2,ncd_lri,total,3.18101667680435,666,nvss,Deaths,age-adjusted rate
1992,A,Asian or Pacific Islander,35,44,All Origins,666,2,ncd_lri,total,11.0097272898807,666,nvss,Deaths,age-adjusted rate
1992,A,Asian or Pacific Islander,45,54,All Origins,666,2,ncd_lri,total,37.3675916328923,666,nvss,Deaths,age-adjusted rate
1992,A,Asian or Pacific Islander,55,64,All Origins,666,2,ncd_lri,total,6.79509214470815,666,nvss,Deaths,age-adjusted rate
1992,A,Asian or Pacific Islander,65,74,All Origins,666,2,ncd_lri,total,107.66624442204,666,nvss,Deaths,age-adjusted rate
1992,A,Asian or Pacific Islander,75,84,All Origins,666,2,ncd_lri,total,120.647900075219,666,nvss,Deaths,age-adjusted rate
1992,A,Asian or Pacific Islander,85,150,All Origins,666,2,ncd_lri,total,206.780833257614,666,nvss,Deaths,age-adjusted rate
1992,A,Asian or Pacific Islander,45,54,All Origins,666,2,neo_lung,total,12.4558638776308,666,nvss,Deaths,age-adjusted rate
1992,A,Asian or Pacific Islander,65,74,All Origins,666,2,resp_copd,total,17.94437407034,666,nvss,Deaths,age-adjusted rate
1992,A,Asian or Pacific Islander,25,34,All Origins,666,4,all-cause,overall,8.05608330178669,666,nvss,Deaths,age-adjusted rate
1992,A,Asian or Pacific Islander,35,44,All Origins,666,4,all-cause,overall,15.6839140095301,666,nvss,Deaths,age-adjusted rate
1992,A,Asian or Pacific Islander,45,54,All Origins,666,4,all-cause,overall,49.3735682832518,666,nvss,Deaths,age-adjusted rate
1992,A,Asian or Pacific Islander,55,64,All Origins,666,4,all-cause,overall,53.2141193218111,666,nvss,Deaths,age-adjusted rate
1992,A,Asian or Pacific Islander,65,74,All Origins,666,4,all-cause,overall,57.8722617619082,666,nvss,Deaths,age-adjusted rate
1992,A,Asian or Pacific Islander,75,84,All Origins,666,4,all-cause,overall,133.671770047205,666,nvss,Deaths,age-adjusted rate
1992,A,Asian or Pacific Islander,85,150,All Origins,666,4,all-cause,overall,222.729354971632,666,nvss,Deaths,age-adjusted rate
1992,A,Asian or Pacific Islander,45,54,All Origins,666,4,cvd_ihd,total,2.24425310378417,666,nvss,Deaths,age-adjusted rate
1992,A,Asian or Pacific Islander,55,64,All Origins,666,4,cvd_ihd,total,4.43450994348425,666,nvss,Deaths,age-adjusted rate
1992,A,Asian or Pacific Islander,65,74,All Origins,666,4,cvd_ihd,total,9.13772554135392,666,nvss,Deaths,age-adjusted rate
1992,A,Asian or Pacific Islander,75,84,All Origins,666,4,cvd_ihd,total,6.07598954760023,666,nvss,Deaths,age-adjusted rate
1992,A,Asian or Pacific Islander,85,150,All Origins,666,4,cvd_ihd,total,32.9969414772789,666,nvss,Deaths,age-adjusted rate
1992,A,Asian or Pacific Islander,45,54,All Origins,666,4,cvd_stroke,total,2.24425310378417,666,nvss,Deaths,age-adjusted rate
1992,A,Asian or Pacific Islander,25,34,All Origins,666,4,ncd_lri,total,2.68536110059556,666,nvss,Deaths,age-adjusted rate
1992,A,Asian or Pacific Islander,35,44,All Origins,666,4,ncd_lri,total,5.70324145801096,666,nvss,Deaths,age-adjusted rate
1992,A,Asian or Pacific Islander,45,54,All Origins,666,4,ncd_lri,total,42.6408089718992,666,nvss,Deaths,age-adjusted rate
1992,A,Asian or Pacific Islander,55,64,All Origins,666,4,ncd_lri,total,48.7796093783268,666,nvss,Deaths,age-adjusted rate
1992,A,Asian or Pacific Islander,65,74,All Origins,666,4,ncd_lri,total,54.8263532481236,666,nvss,Deaths,age-adjusted rate
1992,A,Asian or Pacific Islander,75,84,All Origins,666,4,ncd_lri,total,109.367811856804,666,nvss,Deaths,age-adjusted rate
1992,A,Asian or Pacific Islander,85,150,All Origins,666,4,ncd_lri,total,181.483178125034,666,nvss,Deaths,age-adjusted rate
1992,A,Asian or Pacific Islander,35,44,All Origins,666,4,neo_lung,total,1.42581036450274,666,nvss,Deaths,age-adjusted rate
1992,A,Asian or Pacific Islander,55,64,All Origins,666,4,neo_lung,total,6.65176491522638,666,nvss,Deaths,age-adjusted rate
1992,A,Asian or Pacific Islander,65,74,All Origins,666,4,neo_lung,total,6.09181702756928,666,nvss,Deaths,age-adjusted rate
1992,A,Asian or Pacific Islander,75,84,All Origins,666,4,neo_lung,total,6.07598954760023,666,nvss,Deaths,age-adjusted rate
1992,A,Asian or Pacific Islander,45,54,All Origins,666,4,resp_copd,total,2.24425310378417,666,nvss,Deaths,age-adjusted rate
1992,A,Asian or Pacific Islander,65,74,All Origins,666,4,resp_copd,total,3.04590851378464,666,nvss,Deaths,age-adjusted rate
1992,A,Asian or Pacific Islander,75,84,All Origins,666,4,resp_copd,total,6.07598954760023,666,nvss,Deaths,age-adjusted rate
1992,A,Asian or Pacific Islander,85,150,All Origins,666,4,resp_copd,total,8.24923536931972,666,nvss,Deaths,age-adjusted rate
1992,A,Asian or Pacific Islander,55,64,All Origins,666,4,t2_dm,total,2.21725497174213,666,nvss,Deaths,age-adjusted rate
1992,A,Asian or Pacific Islander,45,54,All Origins,666,5,all-cause,overall,33.7367956151842,666,nvss,Deaths,age-adjusted rate
1992,A,Asian or Pacific Islander,55,64,All Origins,666,5,all-cause,overall,12.755699289189,666,nvss,Deaths,age-adjusted rate
1992,A,Asian or Pacific Islander,65,74,All Origins,666,5,all-cause,overall,173.126245712344,666,nvss,Deaths,age-adjusted rate
1992,A,Asian or Pacific Islander,75,84,All Origins,666,5,all-cause,overall,78.668075195245,666,nvss,Deaths,age-adjusted rate
1992,A,Asian or Pacific Islander,65,74,All Origins,666,5,cvd_ihd,total,24.7323208160491,666,nvss,Deaths,age-adjusted rate
1992,A,Asian or Pacific Islander,45,54,All Origins,666,5,ncd_lri,total,33.7367956151842,666,nvss,Deaths,age-adjusted rate
1992,A,Asian or Pacific Islander,55,64,All Origins,666,5,ncd_lri,total,12.755699289189,666,nvss,Deaths,age-adjusted rate
1992,A,Asian or Pacific Islander,65,74,All Origins,666,5,ncd_lri,total,123.661604080245,666,nvss,Deaths,age-adjusted rate
1992,A,Asian or Pacific Islander,75,84,All Origins,666,5,ncd_lri,total,78.668075195245,666,nvss,Deaths,age-adjusted rate
1992,A,Asian or Pacific Islander,45,54,All Origins,666,5,neo_lung,total,11.2455985383947,666,nvss,Deaths,age-adjusted rate
1992,A,Asian or Pacific Islander,55,64,All Origins,666,5,resp_copd,total,12.755699289189,666,nvss,Deaths,age-adjusted rate
1992,A,Asian or Pacific Islander,25,34,All Origins,666,6,all-cause,overall,7.12562180787754,666,nvss,Deaths,age-adjusted rate
1992,A,Asian or Pacific Islander,35,44,All Origins,666,6,all-cause,overall,15.5941438123741,666,nvss,Deaths,age-adjusted rate
1992,A,Asian or Pacific Islander,45,54,All Origins,666,6,all-cause,overall,32.2564127882273,666,nvss,Deaths,age-adjusted rate
1992,A,Asian or Pacific Islander,55,64,All Origins,666,6,all-cause,overall,54.4225552360849,666,nvss,Deaths,age-adjusted rate
1992,A,Asian or Pacific Islander,65,74,All Origins,666,6,all-cause,overall,96.8438900589061,666,nvss,Deaths,age-adjusted rate
1992,A,Asian or Pacific Islander,75,84,All Origins,666,6,all-cause,overall,177.686082782924,666,nvss,Deaths,age-adjusted rate
1992,A,Asian or Pacific Islander,85,150,All Origins,666,6,all-cause,overall,175.020512660957,666,nvss,Deaths,age-adjusted rate
1992,A,Asian or Pacific Islander,25,34,All Origins,666,6,cvd_ihd,total,0.0657749705342542,666,nvss,Deaths,age-adjusted rate
1992,A,Asian or Pacific Islander,35,44,All Origins,666,6,cvd_ihd,total,0.441343692803041,666,nvss,Deaths,age-adjusted rate
1992,A,Asian or Pacific Islander,45,54,All Origins,666,6,cvd_ihd,total,1.62742574222621,666,nvss,Deaths,age-adjusted rate
1992,A,Asian or Pacific Islander,55,64,All Origins,666,6,cvd_ihd,total,4.04730916196155,666,nvss,Deaths,age-adjusted rate
1992,A,Asian or Pacific Islander,65,74,All Origins,666,6,cvd_ihd,total,9.13542537119927,666,nvss,Deaths,age-adjusted rate
1992,A,Asian or Pacific Islander,75,84,All Origins,666,6,cvd_ihd,total,24.2206687871339,666,nvss,Deaths,age-adjusted rate
1992,A,Asian or Pacific Islander,85,150,All Origins,666,6,cvd_ihd,total,30.0768388326454,666,nvss,Deaths,age-adjusted rate
1992,A,Asian or Pacific Islander,25,34,All Origins,666,6,cvd_stroke,total,0.0657749705342542,666,nvss,Deaths,age-adjusted rate
1992,A,Asian or Pacific Islander,35,44,All Origins,666,6,cvd_stroke,total,0.264806215681824,666,nvss,Deaths,age-adjusted rate
1992,A,Asian or Pacific Islander,45,54,All Origins,666,6,cvd_stroke,total,1.29359482074391,666,nvss,Deaths,age-adjusted rate
1992,A,Asian or Pacific Islander,55,64,All Origins,666,6,cvd_stroke,total,1.3360049660844,666,nvss,Deaths,age-adjusted rate
1992,A,Asian or Pacific Islander,65,74,All Origins,666,6,cvd_stroke,total,2.43052601619063,666,nvss,Deaths,age-adjusted rate
1992,A,Asian or Pacific Islander,75,84,All Origins,666,6,cvd_stroke,total,3.86716560466844,666,nvss,Deaths,age-adjusted rate
1992,A,Asian or Pacific Islander,85,150,All Origins,666,6,cvd_stroke,total,3.69544777465951,666,nvss,Deaths,age-adjusted rate
1992,A,Asian or Pacific Islander,45,54,All Origins,666,6,lri,total,0.0417288651852875,666,nvss,Deaths,age-adjusted rate
1992,A,Asian or Pacific Islander,55,64,All Origins,666,6,lri,total,0.0392942637083646,666,nvss,Deaths,age-adjusted rate
1992,A,Asian or Pacific Islander,85,150,All Origins,666,6,lri,total,0.102651327073875,666,nvss,Deaths,age-adjusted rate
1992,A,Asian or Pacific Islander,25,34,All Origins,666,6,ncd_lri,total,3.22297355617846,666,nvss,Deaths,age-adjusted rate
1992,A,Asian or Pacific Islander,35,44,All Origins,666,6,ncd_lri,total,10.9159006686619,666,nvss,Deaths,age-adjusted rate
1992,A,Asian or Pacific Islander,45,54,All Origins,666,6,ncd_lri,total,26.8733891793252,666,nvss,Deaths,age-adjusted rate
1992,A,Asian or Pacific Islander,55,64,All Origins,666,6,ncd_lri,total,49.1178296354557,666,nvss,Deaths,age-adjusted rate
1992,A,Asian or Pacific Islander,65,74,All Origins,666,6,ncd_lri,total,88.29514338127,666,nvss,Deaths,age-adjusted rate
1992,A,Asian or Pacific Islander,75,84,All Origins,666,6,ncd_lri,total,160.521295099044,666,nvss,Deaths,age-adjusted rate
1992,A,Asian or Pacific Islander,85,150,All Origins,666,6,ncd_lri,total,149.049726911267,666,nvss,Deaths,age-adjusted rate
1992,A,Asian or Pacific Islander,25,34,All Origins,666,6,neo_lung,total,0.0219249901780847,666,nvss,Deaths,age-adjusted rate
1992,A,Asian or Pacific Islander,35,44,All Origins,666,6,neo_lung,total,0.764995734191937,666,nvss,Deaths,age-adjusted rate
1992,A,Asian or Pacific Islander,45,54,All Origins,666,6,neo_lung,total,2.29508758519081,666,nvss,Deaths,age-adjusted rate
1992,A,Asian or Pacific Islander,55,64,All Origins,666,6,neo_lung,total,4.91178296354557,666,nvss,Deaths,age-adjusted rate
1992,A,Asian or Pacific Islander,65,74,All Origins,666,6,neo_lung,total,8.46493543569841,666,nvss,Deaths,age-adjusted rate
1992,A,Asian or Pacific Islander,75,84,All Origins,666,6,neo_lung,total,10.583821654882,666,nvss,Deaths,age-adjusted rate
1992,A,Asian or Pacific Islander,85,150,All Origins,666,6,neo_lung,total,3.69544777465951,666,nvss,Deaths,age-adjusted rate
1992,A,Asian or Pacific Islander,25,34,All Origins,666,6,resp_copd,total,0.109624950890424,666,nvss,Deaths,age-adjusted rate
1992,A,Asian or Pacific Islander,35,44,All Origins,666,6,resp_copd,total,0.117691651414144,666,nvss,Deaths,age-adjusted rate
1992,A,Asian or Pacific Islander,45,54,All Origins,666,6,resp_copd,total,0.417288651852875,666,nvss,Deaths,age-adjusted rate
1992,A,Asian or Pacific Islander,55,64,All Origins,666,6,resp_copd,total,1.61106481204295,666,nvss,Deaths,age-adjusted rate
1992,A,Asian or Pacific Islander,65,74,All Origins,666,6,resp_copd,total,4.27437333881801,666,nvss,Deaths,age-adjusted rate
1992,A,Asian or Pacific Islander,75,84,All Origins,666,6,resp_copd,total,7.462951166904,666,nvss,Deaths,age-adjusted rate
1992,A,Asian or Pacific Islander,85,150,All Origins,666,6,resp_copd,total,6.56968493272802,666,nvss,Deaths,age-adjusted rate
1992,A,Asian or Pacific Islander,35,44,All Origins,666,6,t2_dm,total,0.0588458257070721,666,nvss,Deaths,age-adjusted rate
1992,A,Asian or Pacific Islander,45,54,All Origins,666,6,t2_dm,total,0.417288651852875,666,nvss,Deaths,age-adjusted rate
1992,A,Asian or Pacific Islander,55,64,All Origins,666,6,t2_dm,total,1.2181221749593,666,nvss,Deaths,age-adjusted rate
1992,A,Asian or Pacific Islander,65,74,All Origins,666,6,t2_dm,total,2.76577098394106,666,nvss,Deaths,age-adjusted rate
1992,A,Asian or Pacific Islander,75,84,All Origins,666,6,t2_dm,total,6.10605095473964,666,nvss,Deaths,age-adjusted rate
1992,A,Asian or Pacific Islander,85,150,All Origins,666,6,t2_dm,total,3.69544777465951,666,nvss,Deaths,age-adjusted rate
1992,A,Asian or Pacific Islander,25,34,All Origins,666,8,all-cause,overall,5.88220106003621,666,nvss,Deaths,age-adjusted rate
1992,A,Asian or Pacific Islander,35,44,All Origins,666,8,all-cause,overall,11.0734540055524,666,nvss,Deaths,age-adjusted rate
1992,A,Asian or Pacific Islander,45,54,All Origins,666,8,all-cause,overall,22.0606555097109,666,nvss,Deaths,age-adjusted rate
1992,A,Asian or Pacific Islander,55,64,All Origins,666,8,all-cause,overall,36.3626553897253,666,nvss,Deaths,age-adjusted rate
1992,A,Asian or Pacific Islander,65,74,All Origins,666,8,all-cause,overall,86.3664182897663,666,nvss,Deaths,age-adjusted rate
1992,A,Asian or Pacific Islander,75,84,All Origins,666,8,all-cause,overall,152.86637339076,666,nvss,Deaths,age-adjusted rate
1992,A,Asian or Pacific Islander,85,150,All Origins,666,8,all-cause,overall,234.724189103238,666,nvss,Deaths,age-adjusted rate
1992,A,Asian or Pacific Islander,55,64,All Origins,666,8,cvd_ihd,total,2.13897972880737,666,nvss,Deaths,age-adjusted rate
1992,A,Asian or Pacific Islander,65,74,All Origins,666,8,cvd_ihd,total,2.33422752134504,666,nvss,Deaths,age-adjusted rate
1992,A,Asian or Pacific Islander,75,84,All Origins,666,8,cvd_ihd,total,11.3234350659822,666,nvss,Deaths,age-adjusted rate
1992,A,Asian or Pacific Islander,85,150,All Origins,666,8,cvd_ihd,total,25.1490202610612,666,nvss,Deaths,age-adjusted rate
1992,A,Asian or Pacific Islander,55,64,All Origins,666,8,cvd_stroke,total,2.13897972880737,666,nvss,Deaths,age-adjusted rate
1992,A,Asian or Pacific Islander,65,74,All Origins,666,8,cvd_stroke,total,2.33422752134504,666,nvss,Deaths,age-adjusted rate
1992,A,Asian or Pacific Islander,85,150,All Origins,666,8,cvd_stroke,total,8.38300675368707,666,nvss,Deaths,age-adjusted rate
1992,A,Asian or Pacific Islander,25,34,All Origins,666,8,ncd_lri,total,0.980366843339369,666,nvss,Deaths,age-adjusted rate
1992,A,Asian or Pacific Islander,35,44,All Origins,666,8,ncd_lri,total,8.30509050416432,666,nvss,Deaths,age-adjusted rate
1992,A,Asian or Pacific Islander,45,54,All Origins,666,8,ncd_lri,total,15.4424588567976,666,nvss,Deaths,age-adjusted rate
1992,A,Asian or Pacific Islander,55,64,All Origins,666,8,ncd_lri,total,36.3626553897253,666,nvss,Deaths,age-adjusted rate
1992,A,Asian or Pacific Islander,65,74,All Origins,666,8,ncd_lri,total,74.6952806830411,666,nvss,Deaths,age-adjusted rate
1992,A,Asian or Pacific Islander,75,84,All Origins,666,8,ncd_lri,total,147.204655857769,666,nvss,Deaths,age-adjusted rate
1992,A,Asian or Pacific Islander,85,150,All Origins,666,8,ncd_lri,total,192.809155334803,666,nvss,Deaths,age-adjusted rate
1992,A,Asian or Pacific Islander,55,64,All Origins,666,8,neo_lung,total,2.13897972880737,666,nvss,Deaths,age-adjusted rate
1992,A,Asian or Pacific Islander,65,74,All Origins,666,8,neo_lung,total,9.33691008538014,666,nvss,Deaths,age-adjusted rate
1992,A,Asian or Pacific Islander,75,84,All Origins,666,8,neo_lung,total,5.66171753299112,666,nvss,Deaths,age-adjusted rate
1992,A,Asian or Pacific Islander,85,150,All Origins,666,8,neo_lung,total,8.38300675368707,666,nvss,Deaths,age-adjusted rate
1992,A,Asian or Pacific Islander,65,74,All Origins,666,8,resp_copd,total,2.33422752134504,666,nvss,Deaths,age-adjusted rate
1992,A,Asian or Pacific Islander,75,84,All Origins,666,8,resp_copd,total,11.3234350659822,666,nvss,Deaths,age-adjusted rate
1992,A,Asian or Pacific Islander,85,150,All Origins,666,8,resp_copd,total,16.7660135073741,666,nvss,Deaths,age-adjusted rate
1992,A,Asian or Pacific Islander,35,44,All Origins,666,8,t2_dm,total,1.38418175069405,666,nvss,Deaths,age-adjusted rate
1992,A,Asian or Pacific Islander,65,74,All Origins,666,8,t2_dm,total,2.33422752134504,666,nvss,Deaths,age-adjusted rate
1992,A,Asian or Pacific Islander,75,84,All Origins,666,8,t2_dm,total,5.66171753299112,666,nvss,Deaths,age-adjusted rate
1992,A,Asian or Pacific Islander,25,34,All Origins,666,9,all-cause,overall,3.03979665393276,666,nvss,Deaths,age-adjusted rate
1992,A,Asian or Pacific Islander,35,44,All Origins,666,9,all-cause,overall,3.08740596300622,666,nvss,Deaths,age-adjusted rate
1992,A,Asian or Pacific Islander,45,54,All Origins,666,9,all-cause,overall,20.6590490003094,666,nvss,Deaths,age-adjusted rate
1992,A,Asian or Pacific Islander,55,64,All Origins,666,9,all-cause,overall,39.6447668925091,666,nvss,Deaths,age-adjusted rate
1992,A,Asian or Pacific Islander,65,74,All Origins,666,9,all-cause,overall,52.1081967264965,666,nvss,Deaths,age-adjusted rate
1992,A,Asian or Pacific Islander,75,84,All Origins,666,9,all-cause,overall,80.2320528333215,666,nvss,Deaths,age-adjusted rate
1992,A,Asian or Pacific Islander,85,150,All Origins,666,9,all-cause,overall,125.069052373557,666,nvss,Deaths,age-adjusted rate
1992,A,Asian or Pacific Islander,55,64,All Origins,666,9,cvd_ihd,total,12.1983898130797,666,nvss,Deaths,age-adjusted rate
1992,A,Asian or Pacific Islander,65,74,All Origins,666,9,cvd_ihd,total,9.47421758663573,666,nvss,Deaths,age-adjusted rate
1992,A,Asian or Pacific Islander,85,150,All Origins,666,9,cvd_ihd,total,37.5207157120671,666,nvss,Deaths,age-adjusted rate
1992,A,Asian or Pacific Islander,25,34,All Origins,666,9,ncd_lri,total,3.03979665393276,666,nvss,Deaths,age-adjusted rate
1992,A,Asian or Pacific Islander,35,44,All Origins,666,9,ncd_lri,total,1.54370298150311,666,nvss,Deaths,age-adjusted rate
1992,A,Asian or Pacific Islander,45,54,All Origins,666,9,ncd_lri,total,16.0681492224629,666,nvss,Deaths,age-adjusted rate
1992,A,Asian or Pacific Islander,55,64,All Origins,666,9,ncd_lri,total,33.5455719859692,666,nvss,Deaths,age-adjusted rate
1992,A,Asian or Pacific Islander,65,74,All Origins,666,9,ncd_lri,total,52.1081967264965,666,nvss,Deaths,age-adjusted rate
1992,A,Asian or Pacific Islander,75,84,All Origins,666,9,ncd_lri,total,71.3173802962858,666,nvss,Deaths,age-adjusted rate
1992,A,Asian or Pacific Islander,85,150,All Origins,666,9,ncd_lri,total,112.562147136201,666,nvss,Deaths,age-adjusted rate
1992,A,Asian or Pacific Islander,55,64,All Origins,666,9,neo_lung,total,6.09919490653986,666,nvss,Deaths,age-adjusted rate
1992,A,Asian or Pacific Islander,85,150,All Origins,666,9,neo_lung,total,12.5069052373557,666,nvss,Deaths,age-adjusted rate
1992,A,Asian or Pacific Islander,25,34,All Origins,666,10,all-cause,overall,6.03628364939454,666,nvss,Deaths,age-adjusted rate
1992,A,Asian or Pacific Islander,35,44,All Origins,666,10,all-cause,overall,7.80670533228696,666,nvss,Deaths,age-adjusted rate
1992,A,Asian or Pacific Islander,45,54,All Origins,666,10,all-cause,overall,31.626597296799,666,nvss,Deaths,age-adjusted rate
1992,A,Asian or Pacific Islander,55,64,All Origins,666,10,all-cause,overall,13.1399070991043,666,nvss,Deaths,age-adjusted rate
1992,A,Asian or Pacific Islander,65,74,All Origins,666,10,all-cause,overall,100.817246685269,666,nvss,Deaths,age-adjusted rate
1992,A,Asian or Pacific Islander,75,84,All Origins,666,10,all-cause,overall,226.468701319645,666,nvss,Deaths,age-adjusted rate
1992,A,Asian or Pacific Islander,85,150,All Origins,666,10,all-cause,overall,73.8502975920051,666,nvss,Deaths,age-adjusted rate
1992,A,Asian or Pacific Islander,65,74,All Origins,666,10,cvd_ihd,total,25.2043116713172,666,nvss,Deaths,age-adjusted rate
1992,A,Asian or Pacific Islander,75,84,All Origins,666,10,cvd_ihd,total,90.5874805278579,666,nvss,Deaths,age-adjusted rate
1992,A,Asian or Pacific Islander,25,34,All Origins,666,10,ncd_lri,total,6.03628364939454,666,nvss,Deaths,age-adjusted rate
1992,A,Asian or Pacific Islander,45,54,All Origins,666,10,ncd_lri,total,31.626597296799,666,nvss,Deaths,age-adjusted rate
1992,A,Asian or Pacific Islander,55,64,All Origins,666,10,ncd_lri,total,13.1399070991043,666,nvss,Deaths,age-adjusted rate
1992,A,Asian or Pacific Islander,65,74,All Origins,666,10,ncd_lri,total,100.817246685269,666,nvss,Deaths,age-adjusted rate
1992,A,Asian or Pacific Islander,75,84,All Origins,666,10,ncd_lri,total,226.468701319645,666,nvss,Deaths,age-adjusted rate
1992,A,Asian or Pacific Islander,85,150,All Origins,666,10,ncd_lri,total,73.8502975920051,666,nvss,Deaths,age-adjusted rate
1992,A,Asian or Pacific Islander,25,34,All Origins,666,11,all-cause,overall,7.84804230190456,666,nvss,Deaths,age-adjusted rate
1992,A,Asian or Pacific Islander,35,44,All Origins,666,11,all-cause,overall,6.81247055180299,666,nvss,Deaths,age-adjusted rate
1992,A,Asian or Pacific Islander,45,54,All Origins,666,11,all-cause,overall,10.9089584526985,666,nvss,Deaths,age-adjusted rate
1992,A,Asian or Pacific Islander,55,64,All Origins,666,11,all-cause,overall,19.5406457196087,666,nvss,Deaths,age-adjusted rate
1992,A,Asian or Pacific Islander,65,74,All Origins,666,11,all-cause,overall,100.62521383444,666,nvss,Deaths,age-adjusted rate
1992,A,Asian or Pacific Islander,75,84,All Origins,666,11,all-cause,overall,105.095631706148,666,nvss,Deaths,age-adjusted rate
1992,A,Asian or Pacific Islander,85,150,All Origins,666,11,all-cause,overall,153.170987598233,666,nvss,Deaths,age-adjusted rate
1992,A,Asian or Pacific Islander,65,74,All Origins,666,11,cvd_ihd,total,12.578151729305,666,nvss,Deaths,age-adjusted rate
1992,A,Asian or Pacific Islander,75,84,All Origins,666,11,cvd_ihd,total,17.5159386176913,666,nvss,Deaths,age-adjusted rate
1992,A,Asian or Pacific Islander,85,150,All Origins,666,11,cvd_ihd,total,19.1463734497791,666,nvss,Deaths,age-adjusted rate
1992,A,Asian or Pacific Islander,25,34,All Origins,666,11,ncd_lri,total,3.92402115095228,666,nvss,Deaths,age-adjusted rate
1992,A,Asian or Pacific Islander,35,44,All Origins,666,11,ncd_lri,total,6.81247055180299,666,nvss,Deaths,age-adjusted rate
1992,A,Asian or Pacific Islander,45,54,All Origins,666,11,ncd_lri,total,10.9089584526985,666,nvss,Deaths,age-adjusted rate
1992,A,Asian or Pacific Islander,55,64,All Origins,666,11,ncd_lri,total,19.5406457196087,666,nvss,Deaths,age-adjusted rate
1992,A,Asian or Pacific Islander,65,74,All Origins,666,11,ncd_lri,total,100.62521383444,666,nvss,Deaths,age-adjusted rate
1992,A,Asian or Pacific Islander,75,84,All Origins,666,11,ncd_lri,total,105.095631706148,666,nvss,Deaths,age-adjusted rate
1992,A,Asian or Pacific Islander,85,150,All Origins,666,11,ncd_lri,total,134.024614148454,666,nvss,Deaths,age-adjusted rate
1992,A,Asian or Pacific Islander,45,54,All Origins,666,11,neo_lung,total,10.9089584526985,666,nvss,Deaths,age-adjusted rate
1992,A,Asian or Pacific Islander,75,84,All Origins,666,11,resp_copd,total,17.5159386176913,666,nvss,Deaths,age-adjusted rate
1992,A,Asian or Pacific Islander,25,34,All Origins,666,12,all-cause,overall,4.41996079435127,666,nvss,Deaths,age-adjusted rate
1992,A,Asian or Pacific Islander,35,44,All Origins,666,12,all-cause,overall,11.0013477934233,666,nvss,Deaths,age-adjusted rate
1992,A,Asian or Pacific Islander,45,54,All Origins,666,12,all-cause,overall,33.3992474148477,666,nvss,Deaths,age-adjusted rate
1992,A,Asian or Pacific Islander,55,64,All Origins,666,12,all-cause,overall,30.554713058327,666,nvss,Deaths,age-adjusted rate
1992,A,Asian or Pacific Islander,65,74,All Origins,666,12,all-cause,overall,73.523368921297,666,nvss,Deaths,age-adjusted rate
1992,A,Asian or Pacific Islander,75,84,All Origins,666,12,all-cause,overall,96.8284689035561,666,nvss,Deaths,age-adjusted rate
1992,A,Asian or Pacific Islander,85,150,All Origins,666,12,all-cause,overall,96.2837582795987,666,nvss,Deaths,age-adjusted rate
1992,A,Asian or Pacific Islander,35,44,All Origins,666,12,cvd_ihd,total,0.458389491392635,666,nvss,Deaths,age-adjusted rate
1992,A,Asian or Pacific Islander,45,54,All Origins,666,12,cvd_ihd,total,3.9293232252762,666,nvss,Deaths,age-adjusted rate
1992,A,Asian or Pacific Islander,55,64,All Origins,666,12,cvd_ihd,total,2.29160347937452,666,nvss,Deaths,age-adjusted rate
1992,A,Asian or Pacific Islander,65,74,All Origins,666,12,cvd_ihd,total,9.0490300210827,666,nvss,Deaths,age-adjusted rate
1992,A,Asian or Pacific Islander,75,84,All Origins,666,12,cvd_ihd,total,13.8326384147937,666,nvss,Deaths,age-adjusted rate
1992,A,Asian or Pacific Islander,85,150,All Origins,666,12,cvd_ihd,total,13.7548226113712,666,nvss,Deaths,age-adjusted rate
1992,A,Asian or Pacific Islander,35,44,All Origins,666,12,cvd_stroke,total,0.458389491392635,666,nvss,Deaths,age-adjusted rate
1992,A,Asian or Pacific Islander,45,54,All Origins,666,12,cvd_stroke,total,3.2744360210635,666,nvss,Deaths,age-adjusted rate
1992,A,Asian or Pacific Islander,65,74,All Origins,666,12,cvd_stroke,total,1.13112875263534,666,nvss,Deaths,age-adjusted rate
1992,A,Asian or Pacific Islander,75,84,All Origins,666,12,cvd_stroke,total,4.61087947159791,666,nvss,Deaths,age-adjusted rate
1992,A,Asian or Pacific Islander,25,34,All Origins,666,12,ncd_lri,total,1.10499019858782,666,nvss,Deaths,age-adjusted rate
1992,A,Asian or Pacific Islander,35,44,All Origins,666,12,ncd_lri,total,7.33423186228217,666,nvss,Deaths,age-adjusted rate
1992,A,Asian or Pacific Islander,45,54,All Origins,666,12,ncd_lri,total,28.1601497811461,666,nvss,Deaths,age-adjusted rate
1992,A,Asian or Pacific Islander,55,64,All Origins,666,12,ncd_lri,total,28.2631095789525,666,nvss,Deaths,age-adjusted rate
1992,A,Asian or Pacific Islander,65,74,All Origins,666,12,ncd_lri,total,68.9988539107556,666,nvss,Deaths,age-adjusted rate
1992,A,Asian or Pacific Islander,75,84,All Origins,666,12,ncd_lri,total,92.2175894319582,666,nvss,Deaths,age-adjusted rate
1992,A,Asian or Pacific Islander,85,150,All Origins,666,12,ncd_lri,total,82.5289356682274,666,nvss,Deaths,age-adjusted rate
1992,A,Asian or Pacific Islander,35,44,All Origins,666,12,neo_lung,total,0.916778982785271,666,nvss,Deaths,age-adjusted rate
1992,A,Asian or Pacific Islander,55,64,All Origins,666,12,neo_lung,total,3.0554713058327,666,nvss,Deaths,age-adjusted rate
1992,A,Asian or Pacific Islander,65,74,All Origins,666,12,neo_lung,total,9.0490300210827,666,nvss,Deaths,age-adjusted rate
1992,A,Asian or Pacific Islander,75,84,All Origins,666,12,neo_lung,total,9.22175894319582,666,nvss,Deaths,age-adjusted rate
1992,A,Asian or Pacific Islander,85,150,All Origins,666,12,neo_lung,total,3.43870565284281,666,nvss,Deaths,age-adjusted rate
1992,A,Asian or Pacific Islander,65,74,All Origins,666,12,resp_copd,total,2.26225750527068,666,nvss,Deaths,age-adjusted rate
1992,A,Asian or Pacific Islander,75,84,All Origins,666,12,resp_copd,total,6.91631920739686,666,nvss,Deaths,age-adjusted rate
1992,A,Asian or Pacific Islander,85,150,All Origins,666,12,resp_copd,total,3.43870565284281,666,nvss,Deaths,age-adjusted rate
1992,A,Asian or Pacific Islander,55,64,All Origins,666,12,t2_dm,total,1.52773565291635,666,nvss,Deaths,age-adjusted rate
1992,A,Asian or Pacific Islander,65,74,All Origins,666,12,t2_dm,total,3.39338625790601,666,nvss,Deaths,age-adjusted rate
1992,A,Asian or Pacific Islander,25,34,All Origins,666,13,all-cause,overall,10.7695307926046,666,nvss,Deaths,age-adjusted rate
1992,A,Asian or Pacific Islander,35,44,All Origins,666,13,all-cause,overall,17.3013718955413,666,nvss,Deaths,age-adjusted rate
1992,A,Asian or Pacific Islander,45,54,All Origins,666,13,all-cause,overall,27.1873055611982,666,nvss,Deaths,age-adjusted rate
1992,A,Asian or Pacific Islander,55,64,All Origins,666,13,all-cause,overall,55.8904490474829,666,nvss,Deaths,age-adjusted rate
1992,A,Asian or Pacific Islander,65,74,All Origins,666,13,all-cause,overall,71.2977495195821,666,nvss,Deaths,age-adjusted rate
1992,A,Asian or Pacific Islander,75,84,All Origins,666,13,all-cause,overall,171.093683413506,666,nvss,Deaths,age-adjusted rate
1992,A,Asian or Pacific Islander,85,150,All Origins,666,13,all-cause,overall,164.032872536088,666,nvss,Deaths,age-adjusted rate
1992,A,Asian or Pacific Islander,45,54,All Origins,666,13,cvd_ihd,total,2.86182163802086,666,nvss,Deaths,age-adjusted rate
1992,A,Asian or Pacific Islander,55,64,All Origins,666,13,cvd_ihd,total,5.98826239794459,666,nvss,Deaths,age-adjusted rate
1992,A,Asian or Pacific Islander,65,74,All Origins,666,13,cvd_ihd,total,10.1853927885117,666,nvss,Deaths,age-adjusted rate
1992,A,Asian or Pacific Islander,85,150,All Origins,666,13,cvd_ihd,total,29.8241586429251,666,nvss,Deaths,age-adjusted rate
1992,A,Asian or Pacific Islander,35,44,All Origins,666,13,cvd_stroke,total,0.961187327530071,666,nvss,Deaths,age-adjusted rate
1992,A,Asian or Pacific Islander,45,54,All Origins,666,13,cvd_stroke,total,2.86182163802086,666,nvss,Deaths,age-adjusted rate
1992,A,Asian or Pacific Islander,55,64,All Origins,666,13,cvd_stroke,total,5.98826239794459,666,nvss,Deaths,age-adjusted rate
1992,A,Asian or Pacific Islander,65,74,All Origins,666,13,cvd_stroke,total,3.39513092950391,666,nvss,Deaths,age-adjusted rate
1992,A,Asian or Pacific Islander,85,150,All Origins,666,13,cvd_stroke,total,14.9120793214626,666,nvss,Deaths,age-adjusted rate
1992,A,Asian or Pacific Islander,25,34,All Origins,666,13,ncd_lri,total,1.34619134907558,666,nvss,Deaths,age-adjusted rate
1992,A,Asian or Pacific Islander,35,44,All Origins,666,13,ncd_lri,total,8.65068594777064,666,nvss,Deaths,age-adjusted rate
1992,A,Asian or Pacific Islander,45,54,All Origins,666,13,ncd_lri,total,22.8945731041669,666,nvss,Deaths,age-adjusted rate
1992,A,Asian or Pacific Islander,55,64,All Origins,666,13,ncd_lri,total,47.9060991835567,666,nvss,Deaths,age-adjusted rate
1992,A,Asian or Pacific Islander,65,74,All Origins,666,13,ncd_lri,total,61.1123567310704,666,nvss,Deaths,age-adjusted rate
1992,A,Asian or Pacific Islander,75,84,All Origins,666,13,ncd_lri,total,156.83587646238,666,nvss,Deaths,age-adjusted rate
1992,A,Asian or Pacific Islander,85,150,All Origins,666,13,ncd_lri,total,149.120793214626,666,nvss,Deaths,age-adjusted rate
1992,A,Asian or Pacific Islander,55,64,All Origins,666,13,neo_lung,total,7.98434986392612,666,nvss,Deaths,age-adjusted rate
1992,A,Asian or Pacific Islander,65,74,All Origins,666,13,neo_lung,total,6.79026185900782,666,nvss,Deaths,age-adjusted rate
1992,A,Asian or Pacific Islander,75,84,All Origins,666,13,neo_lung,total,21.3867104266882,666,nvss,Deaths,age-adjusted rate
1992,A,Asian or Pacific Islander,65,74,All Origins,666,13,resp_copd,total,3.39513092950391,666,nvss,Deaths,age-adjusted rate
1992,A,Asian or Pacific Islander,75,84,All Origins,666,13,resp_copd,total,7.12890347556274,666,nvss,Deaths,age-adjusted rate
1992,A,Asian or Pacific Islander,65,74,All Origins,666,13,t2_dm,total,3.39513092950391,666,nvss,Deaths,age-adjusted rate
1992,A,Asian or Pacific Islander,25,34,All Origins,666,15,all-cause,overall,16.3321273562014,666,nvss,Deaths,age-adjusted rate
1992,A,Asian or Pacific Islander,35,44,All Origins,666,15,all-cause,overall,24.5756538057328,666,nvss,Deaths,age-adjusted rate
1992,A,Asian or Pacific Islander,45,54,All Origins,666,15,all-cause,overall,50.748005720923,666,nvss,Deaths,age-adjusted rate
1992,A,Asian or Pacific Islander,55,64,All Origins,666,15,all-cause,overall,79.0539004600669,666,nvss,Deaths,age-adjusted rate
1992,A,Asian or Pacific Islander,65,74,All Origins,666,15,all-cause,overall,119.055467012097,666,nvss,Deaths,age-adjusted rate
1992,A,Asian or Pacific Islander,75,84,All Origins,666,15,all-cause,overall,188.874092113365,666,nvss,Deaths,age-adjusted rate
1992,A,Asian or Pacific Islander,85,150,All Origins,666,15,all-cause,overall,195.225433752042,666,nvss,Deaths,age-adjusted rate
1992,A,Asian or Pacific Islander,25,34,All Origins,666,15,cvd_ihd,total,0.114210680812597,666,nvss,Deaths,age-adjusted rate
1992,A,Asian or Pacific Islander,35,44,All Origins,666,15,cvd_ihd,total,1.14305366538292,666,nvss,Deaths,age-adjusted rate
1992,A,Asian or Pacific Islander,45,54,All Origins,666,15,cvd_ihd,total,2.55442981816726,666,nvss,Deaths,age-adjusted rate
1992,A,Asian or Pacific Islander,55,64,All Origins,666,15,cvd_ihd,total,6.05135720134063,666,nvss,Deaths,age-adjusted rate
1992,A,Asian or Pacific Islander,65,74,All Origins,666,15,cvd_ihd,total,10.0671902252876,666,nvss,Deaths,age-adjusted rate
1992,A,Asian or Pacific Islander,75,84,All Origins,666,15,cvd_ihd,total,21.8712761752449,666,nvss,Deaths,age-adjusted rate
1992,A,Asian or Pacific Islander,85,150,All Origins,666,15,cvd_ihd,total,27.003144107759,666,nvss,Deaths,age-adjusted rate
1992,A,Asian or Pacific Islander,25,34,All Origins,666,15,cvd_stroke,total,0.342632042437791,666,nvss,Deaths,age-adjusted rate
1992,A,Asian or Pacific Islander,35,44,All Origins,666,15,cvd_stroke,total,0.714408540864324,666,nvss,Deaths,age-adjusted rate
1992,A,Asian or Pacific Islander,45,54,All Origins,666,15,cvd_stroke,total,1.70295321211151,666,nvss,Deaths,age-adjusted rate
1992,A,Asian or Pacific Islander,55,64,All Origins,666,15,cvd_stroke,total,2.06003649407341,666,nvss,Deaths,age-adjusted rate
1992,A,Asian or Pacific Islander,65,74,All Origins,666,15,cvd_stroke,total,2.18851961419295,666,nvss,Deaths,age-adjusted rate
1992,A,Asian or Pacific Islander,75,84,All Origins,666,15,cvd_stroke,total,4.53047863630074,666,nvss,Deaths,age-adjusted rate
1992,A,Asian or Pacific Islander,85,150,All Origins,666,15,cvd_stroke,total,3.64907352807555,666,nvss,Deaths,age-adjusted rate
1992,A,Asian or Pacific Islander,65,74,All Origins,666,15,lri,total,0.109425980709648,666,nvss,Deaths,age-adjusted rate
1992,A,Asian or Pacific Islander,85,150,All Origins,666,15,lri,total,0.182453676403777,666,nvss,Deaths,age-adjusted rate
1992,A,Asian or Pacific Islander,25,34,All Origins,666,15,ncd_lri,total,8.22316901850698,666,nvss,Deaths,age-adjusted rate
1992,A,Asian or Pacific Islander,35,44,All Origins,666,15,ncd_lri,total,17.5744501052624,666,nvss,Deaths,age-adjusted rate
1992,A,Asian or Pacific Islander,45,54,All Origins,666,15,ncd_lri,total,43.7658975512658,666,nvss,Deaths,age-adjusted rate
1992,A,Asian or Pacific Islander,55,64,All Origins,666,15,ncd_lri,total,75.4488365954385,666,nvss,Deaths,age-adjusted rate
1992,A,Asian or Pacific Islander,65,74,All Origins,666,15,ncd_lri,total,109.207128748228,666,nvss,Deaths,age-adjusted rate
1992,A,Asian or Pacific Islander,75,84,All Origins,666,15,ncd_lri,total,173.25175198819,666,nvss,Deaths,age-adjusted rate
1992,A,Asian or Pacific Islander,85,150,All Origins,666,15,ncd_lri,total,169.134558026302,666,nvss,Deaths,age-adjusted rate
1992,A,Asian or Pacific Islander,35,44,All Origins,666,15,neo_lung,total,0.571526832691459,666,nvss,Deaths,age-adjusted rate
1992,A,Asian or Pacific Islander,45,54,All Origins,666,15,neo_lung,total,4.76826899391223,666,nvss,Deaths,age-adjusted rate
1992,A,Asian or Pacific Islander,55,64,All Origins,666,15,neo_lung,total,8.4976505380528,666,nvss,Deaths,age-adjusted rate
1992,A,Asian or Pacific Islander,65,74,All Origins,666,15,neo_lung,total,11.9274318973516,666,nvss,Deaths,age-adjusted rate
1992,A,Asian or Pacific Islander,75,84,All Origins,666,15,neo_lung,total,8.27984026634272,666,nvss,Deaths,age-adjusted rate
1992,A,Asian or Pacific Islander,85,150,All Origins,666,15,neo_lung,total,5.10870293930577,666,nvss,Deaths,age-adjusted rate
1992,A,Asian or Pacific Islander,25,34,All Origins,666,15,resp_copd,total,0.228421361625194,666,nvss,Deaths,age-adjusted rate
1992,A,Asian or Pacific Islander,35,44,All Origins,666,15,resp_copd,total,0.142881708172865,666,nvss,Deaths,age-adjusted rate
1992,A,Asian or Pacific Islander,55,64,All Origins,666,15,resp_copd,total,1.15877052791629,666,nvss,Deaths,age-adjusted rate
1992,A,Asian or Pacific Islander,65,74,All Origins,666,15,resp_copd,total,4.04876128625696,666,nvss,Deaths,age-adjusted rate
1992,A,Asian or Pacific Islander,75,84,All Origins,666,15,resp_copd,total,6.56138285257348,666,nvss,Deaths,age-adjusted rate
1992,A,Asian or Pacific Islander,85,150,All Origins,666,15,resp_copd,total,3.64907352807555,666,nvss,Deaths,age-adjusted rate
1992,A,Asian or Pacific Islander,25,34,All Origins,666,15,t2_dm,total,0.342632042437791,666,nvss,Deaths,age-adjusted rate
1992,A,Asian or Pacific Islander,35,44,All Origins,666,15,t2_dm,total,0.142881708172865,666,nvss,Deaths,age-adjusted rate
1992,A,Asian or Pacific Islander,45,54,All Origins,666,15,t2_dm,total,1.70295321211151,666,nvss,Deaths,age-adjusted rate
1992,A,Asian or Pacific Islander,55,64,All Origins,666,15,t2_dm,total,3.47631158374887,666,nvss,Deaths,age-adjusted rate
1992,A,Asian or Pacific Islander,65,74,All Origins,666,15,t2_dm,total,4.48646520909555,666,nvss,Deaths,age-adjusted rate
1992,A,Asian or Pacific Islander,75,84,All Origins,666,15,t2_dm,total,5.62404244506298,666,nvss,Deaths,age-adjusted rate
1992,A,Asian or Pacific Islander,85,150,All Origins,666,15,t2_dm,total,3.46661985167177,666,nvss,Deaths,age-adjusted rate
1992,A,Asian or Pacific Islander,25,34,All Origins,666,16,all-cause,overall,7.46557988796263,666,nvss,Deaths,age-adjusted rate
1992,A,Asian or Pacific Islander,35,44,All Origins,666,16,all-cause,overall,9.74317987247078,666,nvss,Deaths,age-adjusted rate
1992,A,Asian or Pacific Islander,45,54,All Origins,666,16,all-cause,overall,33.3749322958794,666,nvss,Deaths,age-adjusted rate
1992,A,Asian or Pacific Islander,55,64,All Origins,666,16,all-cause,overall,67.1146024138867,666,nvss,Deaths,age-adjusted rate
1992,A,Asian or Pacific Islander,65,74,All Origins,666,16,all-cause,overall,123.142744202986,666,nvss,Deaths,age-adjusted rate
1992,A,Asian or Pacific Islander,75,84,All Origins,666,16,all-cause,overall,152.519737623434,666,nvss,Deaths,age-adjusted rate
1992,A,Asian or Pacific Islander,85,150,All Origins,666,16,all-cause,overall,155.085624943211,666,nvss,Deaths,age-adjusted rate
1992,A,Asian or Pacific Islander,65,74,All Origins,666,16,cvd_ihd,total,15.3928430253732,666,nvss,Deaths,age-adjusted rate
1992,A,Asian or Pacific Islander,75,84,All Origins,666,16,cvd_ihd,total,30.5039475246869,666,nvss,Deaths,age-adjusted rate
1992,A,Asian or Pacific Islander,85,150,All Origins,666,16,cvd_ihd,total,38.7714062358027,666,nvss,Deaths,age-adjusted rate
1992,A,Asian or Pacific Islander,65,74,All Origins,666,16,cvd_stroke,total,15.3928430253732,666,nvss,Deaths,age-adjusted rate
1992,A,Asian or Pacific Islander,45,54,All Origins,666,16,ncd_lri,total,33.3749322958794,666,nvss,Deaths,age-adjusted rate
1992,A,Asian or Pacific Islander,55,64,All Origins,666,16,ncd_lri,total,67.1146024138867,666,nvss,Deaths,age-adjusted rate
1992,A,Asian or Pacific Islander,65,74,All Origins,666,16,ncd_lri,total,123.142744202986,666,nvss,Deaths,age-adjusted rate
1992,A,Asian or Pacific Islander,75,84,All Origins,666,16,ncd_lri,total,122.015790098747,666,nvss,Deaths,age-adjusted rate
1992,A,Asian or Pacific Islander,85,150,All Origins,666,16,ncd_lri,total,116.314218707408,666,nvss,Deaths,age-adjusted rate
1992,A,Asian or Pacific Islander,45,54,All Origins,666,16,neo_lung,total,16.6874661479397,666,nvss,Deaths,age-adjusted rate
1992,A,Asian or Pacific Islander,55,64,All Origins,666,16,neo_lung,total,16.7786506034717,666,nvss,Deaths,age-adjusted rate
1992,A,Asian or Pacific Islander,65,74,All Origins,666,16,neo_lung,total,15.3928430253732,666,nvss,Deaths,age-adjusted rate
1992,A,Asian or Pacific Islander,75,84,All Origins,666,16,neo_lung,total,30.5039475246869,666,nvss,Deaths,age-adjusted rate
1992,A,Asian or Pacific Islander,65,74,All Origins,666,16,resp_copd,total,15.3928430253732,666,nvss,Deaths,age-adjusted rate
1992,A,Asian or Pacific Islander,25,34,All Origins,666,17,all-cause,overall,5.91647507785007,666,nvss,Deaths,age-adjusted rate
1992,A,Asian or Pacific Islander,35,44,All Origins,666,17,all-cause,overall,10.4503870959928,666,nvss,Deaths,age-adjusted rate
1992,A,Asian or Pacific Islander,45,54,All Origins,666,17,all-cause,overall,23.2989288539966,666,nvss,Deaths,age-adjusted rate
1992,A,Asian or Pacific Islander,55,64,All Origins,666,17,all-cause,overall,38.0266194499926,666,nvss,Deaths,age-adjusted rate
1992,A,Asian or Pacific Islander,65,74,All Origins,666,17,all-cause,overall,79.7632588092942,666,nvss,Deaths,age-adjusted rate
1992,A,Asian or Pacific Islander,75,84,All Origins,666,17,all-cause,overall,129.107597408956,666,nvss,Deaths,age-adjusted rate
1992,A,Asian or Pacific Islander,85,150,All Origins,666,17,all-cause,overall,119.172754369653,666,nvss,Deaths,age-adjusted rate
1992,A,Asian or Pacific Islander,35,44,All Origins,666,17,cvd_ihd,total,0.564885788972583,666,nvss,Deaths,age-adjusted rate
1992,A,Asian or Pacific Islander,55,64,All Origins,666,17,cvd_ihd,total,2.65301996162739,666,nvss,Deaths,age-adjusted rate
1992,A,Asian or Pacific Islander,65,74,All Origins,666,17,cvd_ihd,total,11.3947512584706,666,nvss,Deaths,age-adjusted rate
1992,A,Asian or Pacific Islander,75,84,All Origins,666,17,cvd_ihd,total,18.3063011251505,666,nvss,Deaths,age-adjusted rate
1992,A,Asian or Pacific Islander,85,150,All Origins,666,17,cvd_ihd,total,25.7670820258709,666,nvss,Deaths,age-adjusted rate
1992,A,Asian or Pacific Islander,45,54,All Origins,666,17,cvd_stroke,total,0.347745206776069,666,nvss,Deaths,age-adjusted rate
1992,A,Asian or Pacific Islander,55,64,All Origins,666,17,cvd_stroke,total,1.32650998081369,666,nvss,Deaths,age-adjusted rate
1992,A,Asian or Pacific Islander,75,84,All Origins,666,17,cvd_stroke,total,0.963489532902657,666,nvss,Deaths,age-adjusted rate
1992,A,Asian or Pacific Islander,25,34,All Origins,666,17,ncd_lri,total,2.84867318563151,666,nvss,Deaths,age-adjusted rate
1992,A,Asian or Pacific Islander,35,44,All Origins,666,17,ncd_lri,total,8.19084394010245,666,nvss,Deaths,age-adjusted rate
1992,A,Asian or Pacific Islander,45,54,All Origins,666,17,ncd_lri,total,19.4737315794599,666,nvss,Deaths,age-adjusted rate
1992,A,Asian or Pacific Islander,55,64,All Origins,666,17,ncd_lri,total,35.8157694819697,666,nvss,Deaths,age-adjusted rate
1992,A,Asian or Pacific Islander,65,74,All Origins,666,17,ncd_lri,total,74.337186781451,666,nvss,Deaths,age-adjusted rate
1992,A,Asian or Pacific Islander,75,84,All Origins,666,17,ncd_lri,total,121.399681145735,666,nvss,Deaths,age-adjusted rate
1992,A,Asian or Pacific Islander,85,150,All Origins,666,17,ncd_lri,total,98.237000223633,666,nvss,Deaths,age-adjusted rate
1992,A,Asian or Pacific Islander,45,54,All Origins,666,17,neo_lung,total,0.695490413552138,666,nvss,Deaths,age-adjusted rate
1992,A,Asian or Pacific Islander,55,64,All Origins,666,17,neo_lung,total,3.97952994244108,666,nvss,Deaths,age-adjusted rate
1992,A,Asian or Pacific Islander,65,74,All Origins,666,17,neo_lung,total,4.88346482505883,666,nvss,Deaths,age-adjusted rate
1992,A,Asian or Pacific Islander,75,84,All Origins,666,17,neo_lung,total,5.78093719741594,666,nvss,Deaths,age-adjusted rate
1992,A,Asian or Pacific Islander,85,150,All Origins,666,17,neo_lung,total,6.44177050646774,666,nvss,Deaths,age-adjusted rate
1992,A,Asian or Pacific Islander,55,64,All Origins,666,17,resp_copd,total,1.32650998081369,666,nvss,Deaths,age-adjusted rate
1992,A,Asian or Pacific Islander,65,74,All Origins,666,17,resp_copd,total,1.08521440556863,666,nvss,Deaths,age-adjusted rate
1992,A,Asian or Pacific Islander,75,84,All Origins,666,17,resp_copd,total,4.81744766451329,666,nvss,Deaths,age-adjusted rate
1992,A,Asian or Pacific Islander,85,150,All Origins,666,17,resp_copd,total,1.61044262661693,666,nvss,Deaths,age-adjusted rate
1992,A,Asian or Pacific Islander,55,64,All Origins,666,17,t2_dm,total,2.21084996802282,666,nvss,Deaths,age-adjusted rate
1992,A,Asian or Pacific Islander,65,74,All Origins,666,17,t2_dm,total,4.34085762227451,666,nvss,Deaths,age-adjusted rate
1992,A,Asian or Pacific Islander,75,84,All Origins,666,17,t2_dm,total,7.70791626322126,666,nvss,Deaths,age-adjusted rate
1992,A,Asian or Pacific Islander,25,34,All Origins,666,18,all-cause,overall,4.44507969722627,666,nvss,Deaths,age-adjusted rate
1992,A,Asian or Pacific Islander,35,44,All Origins,666,18,all-cause,overall,4.54863418381923,666,nvss,Deaths,age-adjusted rate
1992,A,Asian or Pacific Islander,45,54,All Origins,666,18,all-cause,overall,46.7596277100555,666,nvss,Deaths,age-adjusted rate
1992,A,Asian or Pacific Islander,55,64,All Origins,666,18,all-cause,overall,58.0278272652132,666,nvss,Deaths,age-adjusted rate
1992,A,Asian or Pacific Islander,65,74,All Origins,666,18,all-cause,overall,58.8287720078851,666,nvss,Deaths,age-adjusted rate
1992,A,Asian or Pacific Islander,75,84,All Origins,666,18,all-cause,overall,104.28093688672,666,nvss,Deaths,age-adjusted rate
1992,A,Asian or Pacific Islander,85,150,All Origins,666,18,all-cause,overall,310.171249886422,666,nvss,Deaths,age-adjusted rate
1992,A,Asian or Pacific Islander,45,54,All Origins,666,18,cvd_ihd,total,3.33997340786111,666,nvss,Deaths,age-adjusted rate
1992,A,Asian or Pacific Islander,55,64,All Origins,666,18,cvd_ihd,total,4.14484480465809,666,nvss,Deaths,age-adjusted rate
1992,A,Asian or Pacific Islander,75,84,All Origins,666,18,cvd_ihd,total,14.8972766981029,666,nvss,Deaths,age-adjusted rate
1992,A,Asian or Pacific Islander,85,150,All Origins,666,18,cvd_ihd,total,56.3947727066221,666,nvss,Deaths,age-adjusted rate
1992,A,Asian or Pacific Islander,45,54,All Origins,666,18,cvd_stroke,total,3.33997340786111,666,nvss,Deaths,age-adjusted rate
1992,A,Asian or Pacific Islander,85,150,All Origins,666,18,cvd_stroke,total,28.197386353311,666,nvss,Deaths,age-adjusted rate
1992,A,Asian or Pacific Islander,25,34,All Origins,666,18,ncd_lri,total,1.48169323240876,666,nvss,Deaths,age-adjusted rate
1992,A,Asian or Pacific Islander,35,44,All Origins,666,18,ncd_lri,total,4.54863418381923,666,nvss,Deaths,age-adjusted rate
1992,A,Asian or Pacific Islander,45,54,All Origins,666,18,ncd_lri,total,36.7397074864722,666,nvss,Deaths,age-adjusted rate
1992,A,Asian or Pacific Islander,55,64,All Origins,666,18,ncd_lri,total,58.0278272652132,666,nvss,Deaths,age-adjusted rate
1992,A,Asian or Pacific Islander,65,74,All Origins,666,18,ncd_lri,total,58.8287720078851,666,nvss,Deaths,age-adjusted rate
1992,A,Asian or Pacific Islander,75,84,All Origins,666,18,ncd_lri,total,104.28093688672,666,nvss,Deaths,age-adjusted rate
1992,A,Asian or Pacific Islander,85,150,All Origins,666,18,ncd_lri,total,281.97386353311,666,nvss,Deaths,age-adjusted rate
1992,A,Asian or Pacific Islander,35,44,All Origins,666,18,neo_lung,total,2.27431709190961,666,nvss,Deaths,age-adjusted rate
1992,A,Asian or Pacific Islander,45,54,All Origins,666,18,neo_lung,total,3.33997340786111,666,nvss,Deaths,age-adjusted rate
1992,A,Asian or Pacific Islander,55,64,All Origins,666,18,neo_lung,total,8.28968960931617,666,nvss,Deaths,age-adjusted rate
1992,A,Asian or Pacific Islander,55,64,All Origins,666,18,resp_copd,total,4.14484480465809,666,nvss,Deaths,age-adjusted rate
1992,A,Asian or Pacific Islander,45,54,All Origins,666,18,t2_dm,total,3.33997340786111,666,nvss,Deaths,age-adjusted rate
1992,A,Asian or Pacific Islander,25,34,All Origins,666,19,all-cause,overall,11.1035979332843,666,nvss,Deaths,age-adjusted rate
1992,A,Asian or Pacific Islander,35,44,All Origins,666,19,all-cause,overall,8.90302064448603,666,nvss,Deaths,age-adjusted rate
1992,A,Asian or Pacific Islander,45,54,All Origins,666,19,all-cause,overall,20.1647148268225,666,nvss,Deaths,age-adjusted rate
1992,A,Asian or Pacific Islander,55,64,All Origins,666,19,all-cause,overall,24.8101373852283,666,nvss,Deaths,age-adjusted rate
1992,A,Asian or Pacific Islander,65,74,All Origins,666,19,all-cause,overall,43.9259179016748,666,nvss,Deaths,age-adjusted rate
1992,A,Asian or Pacific Islander,75,84,All Origins,666,19,all-cause,overall,302.978397711417,666,nvss,Deaths,age-adjusted rate
1992,A,Asian or Pacific Islander,85,150,All Origins,666,19,all-cause,overall,319.29393370661,666,nvss,Deaths,age-adjusted rate
1992,A,Asian or Pacific Islander,65,74,All Origins,666,19,cvd_ihd,total,14.6419726338916,666,nvss,Deaths,age-adjusted rate
1992,A,Asian or Pacific Islander,75,84,All Origins,666,19,cvd_ihd,total,30.2978397711417,666,nvss,Deaths,age-adjusted rate
1992,A,Asian or Pacific Islander,25,34,All Origins,666,19,ncd_lri,total,2.22071958665686,666,nvss,Deaths,age-adjusted rate
1992,A,Asian or Pacific Islander,35,44,All Origins,666,19,ncd_lri,total,8.90302064448603,666,nvss,Deaths,age-adjusted rate
1992,A,Asian or Pacific Islander,45,54,All Origins,666,19,ncd_lri,total,20.1647148268225,666,nvss,Deaths,age-adjusted rate
1992,A,Asian or Pacific Islander,55,64,All Origins,666,19,ncd_lri,total,24.8101373852283,666,nvss,Deaths,age-adjusted rate
1992,A,Asian or Pacific Islander,65,74,All Origins,666,19,ncd_lri,total,14.6419726338916,666,nvss,Deaths,age-adjusted rate
1992,A,Asian or Pacific Islander,75,84,All Origins,666,19,ncd_lri,total,302.978397711417,666,nvss,Deaths,age-adjusted rate
1992,A,Asian or Pacific Islander,85,150,All Origins,666,19,ncd_lri,total,182.453676403777,666,nvss,Deaths,age-adjusted rate
1992,A,Asian or Pacific Islander,35,44,All Origins,666,19,neo_lung,total,4.45151032224302,666,nvss,Deaths,age-adjusted rate
1992,A,Asian or Pacific Islander,75,84,All Origins,666,19,neo_lung,total,60.5956795422833,666,nvss,Deaths,age-adjusted rate
1992,A,Asian or Pacific Islander,75,84,All Origins,666,19,resp_copd,total,60.5956795422833,666,nvss,Deaths,age-adjusted rate
1992,A,Asian or Pacific Islander,85,150,All Origins,666,19,t2_dm,total,45.6134191009443,666,nvss,Deaths,age-adjusted rate
1992,A,Asian or Pacific Islander,25,34,All Origins,666,20,all-cause,overall,5.70521520965358,666,nvss,Deaths,age-adjusted rate
1992,A,Asian or Pacific Islander,35,44,All Origins,666,20,all-cause,overall,5.83786293561434,666,nvss,Deaths,age-adjusted rate
1992,A,Asian or Pacific Islander,45,54,All Origins,666,20,all-cause,overall,45.2162060614866,666,nvss,Deaths,age-adjusted rate
1992,A,Asian or Pacific Islander,55,64,All Origins,666,20,all-cause,overall,28.7192176227955,666,nvss,Deaths,age-adjusted rate
1992,A,Asian or Pacific Islander,65,74,All Origins,666,20,all-cause,overall,95.5648286235182,666,nvss,Deaths,age-adjusted rate
1992,A,Asian or Pacific Islander,75,84,All Origins,666,20,all-cause,overall,83.4247495093761,666,nvss,Deaths,age-adjusted rate
1992,A,Asian or Pacific Islander,85,150,All Origins,666,20,all-cause,overall,137.85388883841,666,nvss,Deaths,age-adjusted rate
1992,A,Asian or Pacific Islander,35,44,All Origins,666,20,cvd_ihd,total,2.91893146780717,666,nvss,Deaths,age-adjusted rate
1992,A,Asian or Pacific Islander,75,84,All Origins,666,20,cvd_ihd,total,20.856187377344,666,nvss,Deaths,age-adjusted rate
1992,A,Asian or Pacific Islander,85,150,All Origins,666,20,cvd_ihd,total,34.4634722096024,666,nvss,Deaths,age-adjusted rate
1992,A,Asian or Pacific Islander,65,74,All Origins,666,20,cvd_stroke,total,9.55648286235181,666,nvss,Deaths,age-adjusted rate
1992,A,Asian or Pacific Islander,25,34,All Origins,666,20,ncd_lri,total,3.80347680643572,666,nvss,Deaths,age-adjusted rate
1992,A,Asian or Pacific Islander,35,44,All Origins,666,20,ncd_lri,total,5.83786293561434,666,nvss,Deaths,age-adjusted rate
1992,A,Asian or Pacific Islander,45,54,All Origins,666,20,ncd_lri,total,31.6513442430406,666,nvss,Deaths,age-adjusted rate
1992,A,Asian or Pacific Islander,55,64,All Origins,666,20,ncd_lri,total,28.7192176227955,666,nvss,Deaths,age-adjusted rate
1992,A,Asian or Pacific Islander,65,74,All Origins,666,20,ncd_lri,total,86.0083457611663,666,nvss,Deaths,age-adjusted rate
1992,A,Asian or Pacific Islander,75,84,All Origins,666,20,ncd_lri,total,83.4247495093761,666,nvss,Deaths,age-adjusted rate
1992,A,Asian or Pacific Islander,85,150,All Origins,666,20,ncd_lri,total,103.390416628807,666,nvss,Deaths,age-adjusted rate
1992,A,Asian or Pacific Islander,65,74,All Origins,666,20,neo_lung,total,9.55648286235181,666,nvss,Deaths,age-adjusted rate
1992,A,Asian or Pacific Islander,25,34,All Origins,666,21,all-cause,overall,3.35083862494813,666,nvss,Deaths,age-adjusted rate
1992,A,Asian or Pacific Islander,35,44,All Origins,666,21,all-cause,overall,9.43782194263131,666,nvss,Deaths,age-adjusted rate
1992,A,Asian or Pacific Islander,45,54,All Origins,666,21,all-cause,overall,40.1692333094398,666,nvss,Deaths,age-adjusted rate
1992,A,Asian or Pacific Islander,55,64,All Origins,666,21,all-cause,overall,66.7296238149543,666,nvss,Deaths,age-adjusted rate
1992,A,Asian or Pacific Islander,65,74,All Origins,666,21,all-cause,overall,107.66624442204,666,nvss,Deaths,age-adjusted rate
1992,A,Asian or Pacific Islander,75,84,All Origins,666,21,all-cause,overall,407.643662375361,666,nvss,Deaths,age-adjusted rate
1992,A,Asian or Pacific Islander,85,150,All Origins,666,21,all-cause,overall,276.938615970019,666,nvss,Deaths,age-adjusted rate
1992,A,Asian or Pacific Islander,45,54,All Origins,666,21,cvd_ihd,total,6.69487221823997,666,nvss,Deaths,age-adjusted rate
1992,A,Asian or Pacific Islander,35,44,All Origins,666,21,ncd_lri,total,9.43782194263131,666,nvss,Deaths,age-adjusted rate
1992,A,Asian or Pacific Islander,45,54,All Origins,666,21,ncd_lri,total,40.1692333094398,666,nvss,Deaths,age-adjusted rate
1992,A,Asian or Pacific Islander,55,64,All Origins,666,21,ncd_lri,total,66.7296238149543,666,nvss,Deaths,age-adjusted rate
1992,A,Asian or Pacific Islander,65,74,All Origins,666,21,ncd_lri,total,89.7218703516998,666,nvss,Deaths,age-adjusted rate
1992,A,Asian or Pacific Islander,75,84,All Origins,666,21,ncd_lri,total,407.643662375361,666,nvss,Deaths,age-adjusted rate
1992,A,Asian or Pacific Islander,85,150,All Origins,666,21,ncd_lri,total,276.938615970019,666,nvss,Deaths,age-adjusted rate
1992,A,Asian or Pacific Islander,55,64,All Origins,666,21,neo_lung,total,8.34120297686928,666,nvss,Deaths,age-adjusted rate
1992,A,Asian or Pacific Islander,75,84,All Origins,666,21,neo_lung,total,90.5874805278579,666,nvss,Deaths,age-adjusted rate
1992,A,Asian or Pacific Islander,55,64,All Origins,666,21,t2_dm,total,16.6824059537386,666,nvss,Deaths,age-adjusted rate
1992,A,Asian or Pacific Islander,65,74,All Origins,666,21,t2_dm,total,17.94437407034,666,nvss,Deaths,age-adjusted rate
1992,A,Asian or Pacific Islander,25,34,All Origins,666,22,all-cause,overall,12.9380823824789,666,nvss,Deaths,age-adjusted rate
1992,A,Asian or Pacific Islander,35,44,All Origins,666,22,all-cause,overall,20.850579827098,666,nvss,Deaths,age-adjusted rate
1992,A,Asian or Pacific Islander,45,54,All Origins,666,22,all-cause,overall,16.2961960932261,666,nvss,Deaths,age-adjusted rate
1992,A,Asian or Pacific Islander,55,64,All Origins,666,22,all-cause,overall,30.2553907717565,666,nvss,Deaths,age-adjusted rate
1992,A,Asian or Pacific Islander,65,74,All Origins,666,22,all-cause,overall,67.6969489624754,666,nvss,Deaths,age-adjusted rate
1992,A,Asian or Pacific Islander,75,84,All Origins,666,22,all-cause,overall,99.4007945201002,666,nvss,Deaths,age-adjusted rate
1992,A,Asian or Pacific Islander,85,150,All Origins,666,22,all-cause,overall,59.0802380736041,666,nvss,Deaths,age-adjusted rate
1992,A,Asian or Pacific Islander,65,74,All Origins,666,22,cvd_ihd,total,6.15426808749777,666,nvss,Deaths,age-adjusted rate
1992,A,Asian or Pacific Islander,75,84,All Origins,666,22,cvd_ihd,total,22.0890654489112,666,nvss,Deaths,age-adjusted rate
1992,A,Asian or Pacific Islander,85,150,All Origins,666,22,cvd_ihd,total,29.540119036802,666,nvss,Deaths,age-adjusted rate
1992,A,Asian or Pacific Islander,25,34,All Origins,666,22,ncd_lri,total,3.23452059561974,666,nvss,Deaths,age-adjusted rate
1992,A,Asian or Pacific Islander,35,44,All Origins,666,22,ncd_lri,total,16.6804638616784,666,nvss,Deaths,age-adjusted rate
1992,A,Asian or Pacific Islander,45,54,All Origins,666,22,ncd_lri,total,13.0369568745809,666,nvss,Deaths,age-adjusted rate
1992,A,Asian or Pacific Islander,55,64,All Origins,666,22,ncd_lri,total,30.2553907717565,666,nvss,Deaths,age-adjusted rate
1992,A,Asian or Pacific Islander,65,74,All Origins,666,22,ncd_lri,total,61.5426808749777,666,nvss,Deaths,age-adjusted rate
1992,A,Asian or Pacific Islander,75,84,All Origins,666,22,ncd_lri,total,88.3562617956447,666,nvss,Deaths,age-adjusted rate
1992,A,Asian or Pacific Islander,85,150,All Origins,666,22,ncd_lri,total,44.3101785552031,666,nvss,Deaths,age-adjusted rate
1992,A,Asian or Pacific Islander,35,44,All Origins,666,22,neo_lung,total,2.0850579827098,666,nvss,Deaths,age-adjusted rate
1992,A,Asian or Pacific Islander,45,54,All Origins,666,22,neo_lung,total,3.25923921864522,666,nvss,Deaths,age-adjusted rate
1992,A,Asian or Pacific Islander,55,64,All Origins,666,22,neo_lung,total,3.78192384646956,666,nvss,Deaths,age-adjusted rate
1992,A,Asian or Pacific Islander,55,64,All Origins,666,22,resp_copd,total,7.56384769293912,666,nvss,Deaths,age-adjusted rate
1992,A,Asian or Pacific Islander,55,64,All Origins,666,22,t2_dm,total,3.78192384646956,666,nvss,Deaths,age-adjusted rate
1992,A,Asian or Pacific Islander,25,34,All Origins,666,23,all-cause,overall,9.75359214139578,666,nvss,Deaths,age-adjusted rate
1992,A,Asian or Pacific Islander,45,54,All Origins,666,23,all-cause,overall,89.7402505659587,666,nvss,Deaths,age-adjusted rate
1992,A,Asian or Pacific Islander,55,64,All Origins,666,23,all-cause,overall,103.559623902733,666,nvss,Deaths,age-adjusted rate
1992,A,Asian or Pacific Islander,65,74,All Origins,666,23,all-cause,overall,127.810251442938,666,nvss,Deaths,age-adjusted rate
1992,A,Asian or Pacific Islander,75,84,All Origins,666,23,all-cause,overall,574.882087965252,666,nvss,Deaths,age-adjusted rate
1992,A,Asian or Pacific Islander,85,150,All Origins,666,23,all-cause,overall,221.550892776015,666,nvss,Deaths,age-adjusted rate
1992,A,Asian or Pacific Islander,75,84,All Origins,666,23,lri,total,114.97641759305,666,nvss,Deaths,age-adjusted rate
1992,A,Asian or Pacific Islander,25,34,All Origins,666,23,ncd_lri,total,9.75359214139578,666,nvss,Deaths,age-adjusted rate
1992,A,Asian or Pacific Islander,45,54,All Origins,666,23,ncd_lri,total,89.7402505659587,666,nvss,Deaths,age-adjusted rate
1992,A,Asian or Pacific Islander,55,64,All Origins,666,23,ncd_lri,total,103.559623902733,666,nvss,Deaths,age-adjusted rate
1992,A,Asian or Pacific Islander,65,74,All Origins,666,23,ncd_lri,total,127.810251442938,666,nvss,Deaths,age-adjusted rate
1992,A,Asian or Pacific Islander,75,84,All Origins,666,23,ncd_lri,total,574.882087965252,666,nvss,Deaths,age-adjusted rate
1992,A,Asian or Pacific Islander,85,150,All Origins,666,23,ncd_lri,total,221.550892776015,666,nvss,Deaths,age-adjusted rate
1992,A,Asian or Pacific Islander,45,54,All Origins,666,23,neo_lung,total,67.305187924469,666,nvss,Deaths,age-adjusted rate
1992,A,Asian or Pacific Islander,55,64,All Origins,666,23,neo_lung,total,77.6697179270499,666,nvss,Deaths,age-adjusted rate
1992,A,Asian or Pacific Islander,75,84,All Origins,666,23,neo_lung,total,114.97641759305,666,nvss,Deaths,age-adjusted rate
1992,A,Asian or Pacific Islander,25,34,All Origins,666,24,all-cause,overall,8.6673654753485,666,nvss,Deaths,age-adjusted rate
1992,A,Asian or Pacific Islander,35,44,All Origins,666,24,all-cause,overall,11.4913201944412,666,nvss,Deaths,age-adjusted rate
1992,A,Asian or Pacific Islander,45,54,All Origins,666,24,all-cause,overall,24.3518293940335,666,nvss,Deaths,age-adjusted rate
1992,A,Asian or Pacific Islander,55,64,All Origins,666,24,all-cause,overall,35.864679167361,666,nvss,Deaths,age-adjusted rate
1992,A,Asian or Pacific Islander,65,74,All Origins,666,24,all-cause,overall,85.2145775554057,666,nvss,Deaths,age-adjusted rate
1992,A,Asian or Pacific Islander,75,84,All Origins,666,24,all-cause,overall,147.753019912387,666,nvss,Deaths,age-adjusted rate
1992,A,Asian or Pacific Islander,85,150,All Origins,666,24,all-cause,overall,113.304566168556,666,nvss,Deaths,age-adjusted rate
1992,A,Asian or Pacific Islander,55,64,All Origins,666,24,cvd_ihd,total,0.81510634471275,666,nvss,Deaths,age-adjusted rate
1992,A,Asian or Pacific Islander,65,74,All Origins,666,24,cvd_ihd,total,4.80082127072708,666,nvss,Deaths,age-adjusted rate
1992,A,Asian or Pacific Islander,75,84,All Origins,666,24,cvd_ihd,total,2.23868211988466,666,nvss,Deaths,age-adjusted rate
1992,A,Asian or Pacific Islander,85,150,All Origins,666,24,cvd_ihd,total,3.54076769276737,666,nvss,Deaths,age-adjusted rate
1992,A,Asian or Pacific Islander,45,54,All Origins,666,24,cvd_stroke,total,0.676439705389821,666,nvss,Deaths,age-adjusted rate
1992,A,Asian or Pacific Islander,55,64,All Origins,666,24,cvd_stroke,total,2.44531903413825,666,nvss,Deaths,age-adjusted rate
1992,A,Asian or Pacific Islander,65,74,All Origins,666,24,cvd_stroke,total,1.20020531768177,666,nvss,Deaths,age-adjusted rate
1992,A,Asian or Pacific Islander,25,34,All Origins,666,24,ncd_lri,total,3.4669461901394,666,nvss,Deaths,age-adjusted rate
1992,A,Asian or Pacific Islander,35,44,All Origins,666,24,ncd_lri,total,6.32022610694266,666,nvss,Deaths,age-adjusted rate
1992,A,Asian or Pacific Islander,45,54,All Origins,666,24,ncd_lri,total,18.940311750915,666,nvss,Deaths,age-adjusted rate
1992,A,Asian or Pacific Islander,55,64,All Origins,666,24,ncd_lri,total,32.60425378851,666,nvss,Deaths,age-adjusted rate
1992,A,Asian or Pacific Islander,65,74,All Origins,666,24,ncd_lri,total,78.0133456493151,666,nvss,Deaths,age-adjusted rate
1992,A,Asian or Pacific Islander,75,84,All Origins,666,24,ncd_lri,total,129.84356295331,666,nvss,Deaths,age-adjusted rate
1992,A,Asian or Pacific Islander,85,150,All Origins,666,24,ncd_lri,total,99.1414953974863,666,nvss,Deaths,age-adjusted rate
1992,A,Asian or Pacific Islander,35,44,All Origins,666,24,neo_lung,total,0.57456600972206,666,nvss,Deaths,age-adjusted rate
1992,A,Asian or Pacific Islander,45,54,All Origins,666,24,neo_lung,total,2.02931911616946,666,nvss,Deaths,age-adjusted rate
1992,A,Asian or Pacific Islander,55,64,All Origins,666,24,neo_lung,total,0.81510634471275,666,nvss,Deaths,age-adjusted rate
1992,A,Asian or Pacific Islander,65,74,All Origins,666,24,neo_lung,total,7.20123190609063,666,nvss,Deaths,age-adjusted rate
1992,A,Asian or Pacific Islander,75,84,All Origins,666,24,neo_lung,total,6.71604635965397,666,nvss,Deaths,age-adjusted rate
1992,A,Asian or Pacific Islander,55,64,All Origins,666,24,resp_copd,total,0.81510634471275,666,nvss,Deaths,age-adjusted rate
1992,A,Asian or Pacific Islander,65,74,All Origins,666,24,resp_copd,total,2.40041063536354,666,nvss,Deaths,age-adjusted rate
1992,A,Asian or Pacific Islander,75,84,All Origins,666,24,resp_copd,total,4.47736423976931,666,nvss,Deaths,age-adjusted rate
1992,A,Asian or Pacific Islander,45,54,All Origins,666,24,t2_dm,total,0.676439705389821,666,nvss,Deaths,age-adjusted rate
1992,A,Asian or Pacific Islander,65,74,All Origins,666,24,t2_dm,total,3.60061595304531,666,nvss,Deaths,age-adjusted rate
1992,A,Asian or Pacific Islander,75,84,All Origins,666,24,t2_dm,total,4.47736423976931,666,nvss,Deaths,age-adjusted rate
1992,A,Asian or Pacific Islander,85,150,All Origins,666,24,t2_dm,total,3.54076769276737,666,nvss,Deaths,age-adjusted rate
1992,A,Asian or Pacific Islander,25,34,All Origins,666,25,all-cause,overall,3.66349422448189,666,nvss,Deaths,age-adjusted rate
1992,A,Asian or Pacific Islander,35,44,All Origins,666,25,all-cause,overall,11.7660983638342,666,nvss,Deaths,age-adjusted rate
1992,A,Asian or Pacific Islander,45,54,All Origins,666,25,all-cause,overall,28.1274636083947,666,nvss,Deaths,age-adjusted rate
1992,A,Asian or Pacific Islander,55,64,All Origins,666,25,all-cause,overall,42.7744857622132,666,nvss,Deaths,age-adjusted rate
1992,A,Asian or Pacific Islander,65,74,All Origins,666,25,all-cause,overall,97.0687455114974,666,nvss,Deaths,age-adjusted rate
1992,A,Asian or Pacific Islander,75,84,All Origins,666,25,all-cause,overall,137.593696451081,666,nvss,Deaths,age-adjusted rate
1992,A,Asian or Pacific Islander,85,150,All Origins,666,25,all-cause,overall,98.8457829308376,666,nvss,Deaths,age-adjusted rate
1992,A,Asian or Pacific Islander,45,54,All Origins,666,25,cvd_ihd,total,2.08351582284405,666,nvss,Deaths,age-adjusted rate
1992,A,Asian or Pacific Islander,55,64,All Origins,666,25,cvd_ihd,total,2.19356337242119,666,nvss,Deaths,age-adjusted rate
1992,A,Asian or Pacific Islander,65,74,All Origins,666,25,cvd_ihd,total,5.70992620655867,666,nvss,Deaths,age-adjusted rate
1992,A,Asian or Pacific Islander,75,84,All Origins,666,25,cvd_ihd,total,17.1992120563851,666,nvss,Deaths,age-adjusted rate
1992,A,Asian or Pacific Islander,85,150,All Origins,666,25,cvd_ihd,total,6.81695054695432,666,nvss,Deaths,age-adjusted rate
1992,A,Asian or Pacific Islander,55,64,All Origins,666,25,cvd_stroke,total,1.09678168621059,666,nvss,Deaths,age-adjusted rate
1992,A,Asian or Pacific Islander,65,74,All Origins,666,25,cvd_stroke,total,4.282444654919,666,nvss,Deaths,age-adjusted rate
1992,A,Asian or Pacific Islander,25,34,All Origins,666,25,ncd_lri,total,1.46539768979276,666,nvss,Deaths,age-adjusted rate
1992,A,Asian or Pacific Islander,35,44,All Origins,666,25,ncd_lri,total,11.1468300288955,666,nvss,Deaths,age-adjusted rate
1992,A,Asian or Pacific Islander,45,54,All Origins,666,25,ncd_lri,total,27.0857056969727,666,nvss,Deaths,age-adjusted rate
1992,A,Asian or Pacific Islander,55,64,All Origins,666,25,ncd_lri,total,40.580922389792,666,nvss,Deaths,age-adjusted rate
1992,A,Asian or Pacific Islander,65,74,All Origins,666,25,ncd_lri,total,94.2137824082181,666,nvss,Deaths,age-adjusted rate
1992,A,Asian or Pacific Islander,75,84,All Origins,666,25,ncd_lri,total,122.851514688465,666,nvss,Deaths,age-adjusted rate
1992,A,Asian or Pacific Islander,85,150,All Origins,666,25,ncd_lri,total,64.761030196066,666,nvss,Deaths,age-adjusted rate
1992,A,Asian or Pacific Islander,35,44,All Origins,666,25,neo_lung,total,0.61926833493864,666,nvss,Deaths,age-adjusted rate
1992,A,Asian or Pacific Islander,45,54,All Origins,666,25,neo_lung,total,3.12527373426608,666,nvss,Deaths,age-adjusted rate
1992,A,Asian or Pacific Islander,55,64,All Origins,666,25,neo_lung,total,2.19356337242119,666,nvss,Deaths,age-adjusted rate
1992,A,Asian or Pacific Islander,65,74,All Origins,666,25,neo_lung,total,14.2748155163967,666,nvss,Deaths,age-adjusted rate
1992,A,Asian or Pacific Islander,75,84,All Origins,666,25,neo_lung,total,7.37109088130789,666,nvss,Deaths,age-adjusted rate
1992,A,Asian or Pacific Islander,25,34,All Origins,666,25,resp_copd,total,0.366349422448189,666,nvss,Deaths,age-adjusted rate
1992,A,Asian or Pacific Islander,65,74,All Origins,666,25,resp_copd,total,5.70992620655867,666,nvss,Deaths,age-adjusted rate
1992,A,Asian or Pacific Islander,75,84,All Origins,666,25,resp_copd,total,4.91406058753859,666,nvss,Deaths,age-adjusted rate
1992,A,Asian or Pacific Islander,85,150,All Origins,666,25,resp_copd,total,6.81695054695432,666,nvss,Deaths,age-adjusted rate
1992,A,Asian or Pacific Islander,35,44,All Origins,666,25,t2_dm,total,0.61926833493864,666,nvss,Deaths,age-adjusted rate
1992,A,Asian or Pacific Islander,45,54,All Origins,666,25,t2_dm,total,1.04175791142203,666,nvss,Deaths,age-adjusted rate
1992,A,Asian or Pacific Islander,55,64,All Origins,666,25,t2_dm,total,1.09678168621059,666,nvss,Deaths,age-adjusted rate
1992,A,Asian or Pacific Islander,65,74,All Origins,666,25,t2_dm,total,2.85496310327934,666,nvss,Deaths,age-adjusted rate
1992,A,Asian or Pacific Islander,75,84,All Origins,666,25,t2_dm,total,7.37109088130789,666,nvss,Deaths,age-adjusted rate
1992,A,Asian or Pacific Islander,25,34,All Origins,666,26,all-cause,overall,6.30901192325668,666,nvss,Deaths,age-adjusted rate
1992,A,Asian or Pacific Islander,35,44,All Origins,666,26,all-cause,overall,13.3803998618905,666,nvss,Deaths,age-adjusted rate
1992,A,Asian or Pacific Islander,45,54,All Origins,666,26,all-cause,overall,34.5038884223214,666,nvss,Deaths,age-adjusted rate
1992,A,Asian or Pacific Islander,55,64,All Origins,666,26,all-cause,overall,49.6526313430142,666,nvss,Deaths,age-adjusted rate
1992,A,Asian or Pacific Islander,65,74,All Origins,666,26,all-cause,overall,111.384837602881,666,nvss,Deaths,age-adjusted rate
1992,A,Asian or Pacific Islander,75,84,All Origins,666,26,all-cause,overall,180.163940067682,666,nvss,Deaths,age-adjusted rate
1992,A,Asian or Pacific Islander,85,150,All Origins,666,26,all-cause,overall,129.752913299101,666,nvss,Deaths,age-adjusted rate
1992,A,Asian or Pacific Islander,35,44,All Origins,666,26,cvd_ihd,total,0.836274991368153,666,nvss,Deaths,age-adjusted rate
1992,A,Asian or Pacific Islander,45,54,All Origins,666,26,cvd_ihd,total,3.23473953959263,666,nvss,Deaths,age-adjusted rate
1992,A,Asian or Pacific Islander,55,64,All Origins,666,26,cvd_ihd,total,1.55164472946919,666,nvss,Deaths,age-adjusted rate
1992,A,Asian or Pacific Islander,65,74,All Origins,666,26,cvd_ihd,total,6.81947985323763,666,nvss,Deaths,age-adjusted rate
1992,A,Asian or Pacific Islander,75,84,All Origins,666,26,cvd_ihd,total,28.025501788306,666,nvss,Deaths,age-adjusted rate
1992,A,Asian or Pacific Islander,85,150,All Origins,666,26,cvd_ihd,total,37.0722609426002,666,nvss,Deaths,age-adjusted rate
1992,A,Asian or Pacific Islander,45,54,All Origins,666,26,cvd_stroke,total,4.31298605279018,666,nvss,Deaths,age-adjusted rate
1992,A,Asian or Pacific Islander,55,64,All Origins,666,26,cvd_stroke,total,3.10328945893839,666,nvss,Deaths,age-adjusted rate
1992,A,Asian or Pacific Islander,65,74,All Origins,666,26,cvd_stroke,total,4.54631990215842,666,nvss,Deaths,age-adjusted rate
1992,A,Asian or Pacific Islander,25,34,All Origins,666,26,ncd_lri,total,2.8677326923894,666,nvss,Deaths,age-adjusted rate
1992,A,Asian or Pacific Islander,35,44,All Origins,666,26,ncd_lri,total,7.52647492231338,666,nvss,Deaths,age-adjusted rate
1992,A,Asian or Pacific Islander,45,54,All Origins,666,26,ncd_lri,total,28.0344093431362,666,nvss,Deaths,age-adjusted rate
1992,A,Asian or Pacific Islander,55,64,All Origins,666,26,ncd_lri,total,44.9976971546066,666,nvss,Deaths,age-adjusted rate
1992,A,Asian or Pacific Islander,65,74,All Origins,666,26,ncd_lri,total,102.292197798564,666,nvss,Deaths,age-adjusted rate
1992,A,Asian or Pacific Islander,75,84,All Origins,666,26,ncd_lri,total,164.149367617221,666,nvss,Deaths,age-adjusted rate
1992,A,Asian or Pacific Islander,85,150,All Origins,666,26,ncd_lri,total,117.395492984901,666,nvss,Deaths,age-adjusted rate
1992,A,Asian or Pacific Islander,55,64,All Origins,666,26,neo_lung,total,4.65493418840758,666,nvss,Deaths,age-adjusted rate
1992,A,Asian or Pacific Islander,65,74,All Origins,666,26,neo_lung,total,13.6389597064753,666,nvss,Deaths,age-adjusted rate
1992,A,Asian or Pacific Islander,75,84,All Origins,666,26,neo_lung,total,24.0218586756909,666,nvss,Deaths,age-adjusted rate
1992,A,Asian or Pacific Islander,85,150,All Origins,666,26,resp_copd,total,6.17871015710003,666,nvss,Deaths,age-adjusted rate
1992,A,Asian or Pacific Islander,45,54,All Origins,666,26,t2_dm,total,1.07824651319754,666,nvss,Deaths,age-adjusted rate
1992,A,Asian or Pacific Islander,55,64,All Origins,666,26,t2_dm,total,1.55164472946919,666,nvss,Deaths,age-adjusted rate
1992,A,Asian or Pacific Islander,65,74,All Origins,666,26,t2_dm,total,9.09263980431684,666,nvss,Deaths,age-adjusted rate
1992,A,Asian or Pacific Islander,75,84,All Origins,666,26,t2_dm,total,12.0109293378454,666,nvss,Deaths,age-adjusted rate
1992,A,Asian or Pacific Islander,85,150,All Origins,666,26,t2_dm,total,6.17871015710003,666,nvss,Deaths,age-adjusted rate
1992,A,Asian or Pacific Islander,25,34,All Origins,666,27,all-cause,overall,11.3722680342639,666,nvss,Deaths,age-adjusted rate
1992,A,Asian or Pacific Islander,35,44,All Origins,666,27,all-cause,overall,14.7095135297637,666,nvss,Deaths,age-adjusted rate
1992,A,Asian or Pacific Islander,45,54,All Origins,666,27,all-cause,overall,18.1626168008558,666,nvss,Deaths,age-adjusted rate
1992,A,Asian or Pacific Islander,55,64,All Origins,666,27,all-cause,overall,56.6727078842903,666,nvss,Deaths,age-adjusted rate
1992,A,Asian or Pacific Islander,65,74,All Origins,666,27,all-cause,overall,115.056218959983,666,nvss,Deaths,age-adjusted rate
1992,A,Asian or Pacific Islander,75,84,All Origins,666,27,all-cause,overall,128.891869041529,666,nvss,Deaths,age-adjusted rate
1992,A,Asian or Pacific Islander,85,150,All Origins,666,27,all-cause,overall,167.358588068213,666,nvss,Deaths,age-adjusted rate
1992,A,Asian or Pacific Islander,45,54,All Origins,666,27,cvd_ihd,total,4.54065420021394,666,nvss,Deaths,age-adjusted rate
1992,A,Asian or Pacific Islander,55,64,All Origins,666,27,cvd_ihd,total,2.6987003754424,666,nvss,Deaths,age-adjusted rate
1992,A,Asian or Pacific Islander,65,74,All Origins,666,27,cvd_ihd,total,3.48655208969646,666,nvss,Deaths,age-adjusted rate
1992,A,Asian or Pacific Islander,75,84,All Origins,666,27,cvd_ihd,total,13.5675651622662,666,nvss,Deaths,age-adjusted rate
1992,A,Asian or Pacific Islander,85,150,All Origins,666,27,cvd_ihd,total,22.3144784090951,666,nvss,Deaths,age-adjusted rate
1992,A,Asian or Pacific Islander,35,44,All Origins,666,27,cvd_stroke,total,1.47095135297637,666,nvss,Deaths,age-adjusted rate
1992,A,Asian or Pacific Islander,45,54,All Origins,666,27,cvd_stroke,total,2.27032710010697,666,nvss,Deaths,age-adjusted rate
1992,A,Asian or Pacific Islander,75,84,All Origins,666,27,cvd_stroke,total,6.78378258113308,666,nvss,Deaths,age-adjusted rate
1992,A,Asian or Pacific Islander,25,34,All Origins,666,27,ncd_lri,total,5.24873909273718,666,nvss,Deaths,age-adjusted rate
1992,A,Asian or Pacific Islander,35,44,All Origins,666,27,ncd_lri,total,11.7676108238109,666,nvss,Deaths,age-adjusted rate
1992,A,Asian or Pacific Islander,45,54,All Origins,666,27,ncd_lri,total,15.8922897007488,666,nvss,Deaths,age-adjusted rate
1992,A,Asian or Pacific Islander,55,64,All Origins,666,27,ncd_lri,total,48.5766067579632,666,nvss,Deaths,age-adjusted rate
1992,A,Asian or Pacific Islander,65,74,All Origins,666,27,ncd_lri,total,97.623458511501,666,nvss,Deaths,age-adjusted rate
1992,A,Asian or Pacific Islander,75,84,All Origins,666,27,ncd_lri,total,122.108086460395,666,nvss,Deaths,age-adjusted rate
1992,A,Asian or Pacific Islander,85,150,All Origins,666,27,ncd_lri,total,145.044109659118,666,nvss,Deaths,age-adjusted rate
1992,A,Asian or Pacific Islander,65,74,All Origins,666,27,neo_lung,total,13.9462083587859,666,nvss,Deaths,age-adjusted rate
1992,A,Asian or Pacific Islander,75,84,All Origins,666,27,neo_lung,total,27.1351303245323,666,nvss,Deaths,age-adjusted rate
1992,A,Asian or Pacific Islander,85,150,All Origins,666,27,neo_lung,total,11.1572392045475,666,nvss,Deaths,age-adjusted rate
1992,A,Asian or Pacific Islander,65,74,All Origins,666,27,resp_copd,total,10.4596562690894,666,nvss,Deaths,age-adjusted rate
1992,A,Asian or Pacific Islander,85,150,All Origins,666,27,resp_copd,total,11.1572392045475,666,nvss,Deaths,age-adjusted rate
1992,A,Asian or Pacific Islander,25,34,All Origins,666,27,t2_dm,total,0.87478984878953,666,nvss,Deaths,age-adjusted rate
1992,A,Asian or Pacific Islander,65,74,All Origins,666,27,t2_dm,total,3.48655208969646,666,nvss,Deaths,age-adjusted rate
1992,A,Asian or Pacific Islander,75,84,All Origins,666,27,t2_dm,total,6.78378258113308,666,nvss,Deaths,age-adjusted rate
1992,A,Asian or Pacific Islander,25,34,All Origins,666,28,all-cause,overall,15.6613320098654,666,nvss,Deaths,age-adjusted rate
1992,A,Asian or Pacific Islander,35,44,All Origins,666,28,all-cause,overall,14.8370138751403,666,nvss,Deaths,age-adjusted rate
1992,A,Asian or Pacific Islander,45,54,All Origins,666,28,all-cause,overall,11.7044033398744,666,nvss,Deaths,age-adjusted rate
1992,A,Asian or Pacific Islander,55,64,All Origins,666,28,all-cause,overall,36.9177643743523,666,nvss,Deaths,age-adjusted rate
1992,A,Asian or Pacific Islander,65,74,All Origins,666,28,all-cause,overall,87.1753090149849,666,nvss,Deaths,age-adjusted rate
1992,A,Asian or Pacific Islander,75,84,All Origins,666,28,all-cause,overall,175.846285730548,666,nvss,Deaths,age-adjusted rate
1992,A,Asian or Pacific Islander,85,150,All Origins,666,28,all-cause,overall,88.6203571104061,666,nvss,Deaths,age-adjusted rate
1992,A,Asian or Pacific Islander,35,44,All Origins,666,28,ncd_lri,total,7.41850693757014,666,nvss,Deaths,age-adjusted rate
1992,A,Asian or Pacific Islander,45,54,All Origins,666,28,ncd_lri,total,11.7044033398744,666,nvss,Deaths,age-adjusted rate
1992,A,Asian or Pacific Islander,55,64,All Origins,666,28,ncd_lri,total,36.9177643743523,666,nvss,Deaths,age-adjusted rate
1992,A,Asian or Pacific Islander,65,74,All Origins,666,28,ncd_lri,total,65.3814817612387,666,nvss,Deaths,age-adjusted rate
1992,A,Asian or Pacific Islander,75,84,All Origins,666,28,ncd_lri,total,175.846285730548,666,nvss,Deaths,age-adjusted rate
1992,A,Asian or Pacific Islander,85,150,All Origins,666,28,ncd_lri,total,88.6203571104061,666,nvss,Deaths,age-adjusted rate
1992,A,Asian or Pacific Islander,75,84,All Origins,666,28,neo_lung,total,43.9615714326369,666,nvss,Deaths,age-adjusted rate
1992,A,Asian or Pacific Islander,25,34,All Origins,666,29,all-cause,overall,5.40947354674918,666,nvss,Deaths,age-adjusted rate
1992,A,Asian or Pacific Islander,35,44,All Origins,666,29,all-cause,overall,30.2657725206265,666,nvss,Deaths,age-adjusted rate
1992,A,Asian or Pacific Islander,45,54,All Origins,666,29,all-cause,overall,22.421072787421,666,nvss,Deaths,age-adjusted rate
1992,A,Asian or Pacific Islander,55,64,All Origins,666,29,all-cause,overall,63.3003505233756,666,nvss,Deaths,age-adjusted rate
1992,A,Asian or Pacific Islander,65,74,All Origins,666,29,all-cause,overall,95.334884377552,666,nvss,Deaths,age-adjusted rate
1992,A,Asian or Pacific Islander,75,84,All Origins,666,29,all-cause,overall,165.136101188885,666,nvss,Deaths,age-adjusted rate
1992,A,Asian or Pacific Islander,85,150,All Origins,666,29,all-cause,overall,163.248026256011,666,nvss,Deaths,age-adjusted rate
1992,A,Asian or Pacific Islander,25,34,All Origins,666,29,cvd_ihd,total,1.35236838668729,666,nvss,Deaths,age-adjusted rate
1992,A,Asian or Pacific Islander,55,64,All Origins,666,29,cvd_ihd,total,3.51668614018753,666,nvss,Deaths,age-adjusted rate
1992,A,Asian or Pacific Islander,65,74,All Origins,666,29,cvd_ihd,total,12.7113179170069,666,nvss,Deaths,age-adjusted rate
1992,A,Asian or Pacific Islander,75,84,All Origins,666,29,cvd_ihd,total,12.7027770145297,666,nvss,Deaths,age-adjusted rate
1992,A,Asian or Pacific Islander,85,150,All Origins,666,29,cvd_ihd,total,32.6496052512023,666,nvss,Deaths,age-adjusted rate
1992,A,Asian or Pacific Islander,25,34,All Origins,666,29,ncd_lri,total,4.05710516006188,666,nvss,Deaths,age-adjusted rate
1992,A,Asian or Pacific Islander,35,44,All Origins,666,29,ncd_lri,total,21.6184089433046,666,nvss,Deaths,age-adjusted rate
1992,A,Asian or Pacific Islander,45,54,All Origins,666,29,ncd_lri,total,16.8158045905657,666,nvss,Deaths,age-adjusted rate
1992,A,Asian or Pacific Islander,55,64,All Origins,666,29,ncd_lri,total,59.7836643831881,666,nvss,Deaths,age-adjusted rate
1992,A,Asian or Pacific Islander,65,74,All Origins,666,29,ncd_lri,total,88.9792254190486,666,nvss,Deaths,age-adjusted rate
1992,A,Asian or Pacific Islander,75,84,All Origins,666,29,ncd_lri,total,152.433324174356,666,nvss,Deaths,age-adjusted rate
1992,A,Asian or Pacific Islander,85,150,All Origins,666,29,ncd_lri,total,163.248026256011,666,nvss,Deaths,age-adjusted rate
1992,A,Asian or Pacific Islander,45,54,All Origins,666,29,neo_lung,total,2.80263409842762,666,nvss,Deaths,age-adjusted rate
1992,A,Asian or Pacific Islander,55,64,All Origins,666,29,neo_lung,total,10.5500584205626,666,nvss,Deaths,age-adjusted rate
1992,A,Asian or Pacific Islander,75,84,All Origins,666,29,neo_lung,total,12.7027770145297,666,nvss,Deaths,age-adjusted rate
1992,A,Asian or Pacific Islander,65,74,All Origins,666,29,resp_copd,total,6.35565895850347,666,nvss,Deaths,age-adjusted rate
1992,A,Asian or Pacific Islander,75,84,All Origins,666,29,resp_copd,total,25.4055540290593,666,nvss,Deaths,age-adjusted rate
1992,A,Asian or Pacific Islander,35,44,All Origins,666,29,t2_dm,total,2.16184089433046,666,nvss,Deaths,age-adjusted rate
1992,A,Asian or Pacific Islander,55,64,All Origins,666,29,t2_dm,total,3.51668614018753,666,nvss,Deaths,age-adjusted rate
1992,A,Asian or Pacific Islander,65,74,All Origins,666,29,t2_dm,total,6.35565895850347,666,nvss,Deaths,age-adjusted rate
1992,A,Asian or Pacific Islander,35,44,All Origins,666,30,all-cause,overall,27.057183372968,666,nvss,Deaths,age-adjusted rate
1992,A,Asian or Pacific Islander,55,64,All Origins,666,30,all-cause,overall,42.3538753097343,666,nvss,Deaths,age-adjusted rate
1992,A,Asian or Pacific Islander,65,74,All Origins,666,30,all-cause,overall,173.777096260134,666,nvss,Deaths,age-adjusted rate
1992,A,Asian or Pacific Islander,75,84,All Origins,666,30,all-cause,overall,309.246916284756,666,nvss,Deaths,age-adjusted rate
1992,A,Asian or Pacific Islander,85,150,All Origins,666,30,all-cause,overall,140.986931766555,666,nvss,Deaths,age-adjusted rate
1992,A,Asian or Pacific Islander,65,74,All Origins,666,30,cvd_ihd,total,57.9256987533781,666,nvss,Deaths,age-adjusted rate
1992,A,Asian or Pacific Islander,35,44,All Origins,666,30,ncd_lri,total,27.057183372968,666,nvss,Deaths,age-adjusted rate
1992,A,Asian or Pacific Islander,55,64,All Origins,666,30,ncd_lri,total,42.3538753097343,666,nvss,Deaths,age-adjusted rate
1992,A,Asian or Pacific Islander,65,74,All Origins,666,30,ncd_lri,total,173.777096260134,666,nvss,Deaths,age-adjusted rate
1992,A,Asian or Pacific Islander,75,84,All Origins,666,30,ncd_lri,total,309.246916284756,666,nvss,Deaths,age-adjusted rate
1992,A,Asian or Pacific Islander,65,74,All Origins,666,30,resp_copd,total,57.9256987533781,666,nvss,Deaths,age-adjusted rate
1992,A,Asian or Pacific Islander,25,34,All Origins,666,31,all-cause,overall,8.72425551900909,666,nvss,Deaths,age-adjusted rate
1992,A,Asian or Pacific Islander,45,54,All Origins,666,31,all-cause,overall,12.7202572146559,666,nvss,Deaths,age-adjusted rate
1992,A,Asian or Pacific Islander,55,64,All Origins,666,31,all-cause,overall,58.7535239986887,666,nvss,Deaths,age-adjusted rate
1992,A,Asian or Pacific Islander,65,74,All Origins,666,31,all-cause,overall,128.223876852138,666,nvss,Deaths,age-adjusted rate
1992,A,Asian or Pacific Islander,75,84,All Origins,666,31,all-cause,overall,99.6462285806437,666,nvss,Deaths,age-adjusted rate
1992,A,Asian or Pacific Islander,85,150,All Origins,666,31,all-cause,overall,86.158680524006,666,nvss,Deaths,age-adjusted rate
1992,A,Asian or Pacific Islander,65,74,All Origins,666,31,cvd_ihd,total,42.741292284046,666,nvss,Deaths,age-adjusted rate
1992,A,Asian or Pacific Islander,25,34,All Origins,666,31,ncd_lri,total,4.36212775950455,666,nvss,Deaths,age-adjusted rate
1992,A,Asian or Pacific Islander,45,54,All Origins,666,31,ncd_lri,total,12.7202572146559,666,nvss,Deaths,age-adjusted rate
1992,A,Asian or Pacific Islander,55,64,All Origins,666,31,ncd_lri,total,58.7535239986887,666,nvss,Deaths,age-adjusted rate
1992,A,Asian or Pacific Islander,65,74,All Origins,666,31,ncd_lri,total,106.853230710115,666,nvss,Deaths,age-adjusted rate
1992,A,Asian or Pacific Islander,75,84,All Origins,666,31,ncd_lri,total,99.6462285806437,666,nvss,Deaths,age-adjusted rate
1992,A,Asian or Pacific Islander,85,150,All Origins,666,31,ncd_lri,total,86.158680524006,666,nvss,Deaths,age-adjusted rate
1992,A,Asian or Pacific Islander,55,64,All Origins,666,31,neo_lung,total,14.6883809996722,666,nvss,Deaths,age-adjusted rate
1992,A,Asian or Pacific Islander,25,34,All Origins,666,32,all-cause,overall,7.11306037593921,666,nvss,Deaths,age-adjusted rate
1992,A,Asian or Pacific Islander,35,44,All Origins,666,32,all-cause,overall,14.2518555715633,666,nvss,Deaths,age-adjusted rate
1992,A,Asian or Pacific Islander,45,54,All Origins,666,32,all-cause,overall,37.4410903090185,666,nvss,Deaths,age-adjusted rate
1992,A,Asian or Pacific Islander,55,64,All Origins,666,32,all-cause,overall,22.899995574292,666,nvss,Deaths,age-adjusted rate
1992,A,Asian or Pacific Islander,65,74,All Origins,666,32,all-cause,overall,89.1537989193054,666,nvss,Deaths,age-adjusted rate
1992,A,Asian or Pacific Islander,75,84,All Origins,666,32,all-cause,overall,228.696262316231,666,nvss,Deaths,age-adjusted rate
1992,A,Asian or Pacific Islander,85,150,All Origins,666,32,all-cause,overall,110.775446388008,666,nvss,Deaths,age-adjusted rate
1992,A,Asian or Pacific Islander,45,54,All Origins,666,32,cvd_ihd,total,4.68013628862732,666,nvss,Deaths,age-adjusted rate
1992,A,Asian or Pacific Islander,65,74,All Origins,666,32,cvd_ihd,total,15.3713446412596,666,nvss,Deaths,age-adjusted rate
1992,A,Asian or Pacific Islander,75,84,All Origins,666,32,cvd_ihd,total,40.8386182707556,666,nvss,Deaths,age-adjusted rate
1992,A,Asian or Pacific Islander,85,150,All Origins,666,32,cvd_ihd,total,15.8250637697154,666,nvss,Deaths,age-adjusted rate
1992,A,Asian or Pacific Islander,75,84,All Origins,666,32,cvd_stroke,total,16.3354473083022,666,nvss,Deaths,age-adjusted rate
1992,A,Asian or Pacific Islander,85,150,All Origins,666,32,cvd_stroke,total,15.8250637697154,666,nvss,Deaths,age-adjusted rate
1992,A,Asian or Pacific Islander,25,34,All Origins,666,32,ncd_lri,total,1.42261207518784,666,nvss,Deaths,age-adjusted rate
1992,A,Asian or Pacific Islander,35,44,All Origins,666,32,ncd_lri,total,10.6888916786725,666,nvss,Deaths,age-adjusted rate
1992,A,Asian or Pacific Islander,45,54,All Origins,666,32,ncd_lri,total,32.7609540203912,666,nvss,Deaths,age-adjusted rate
1992,A,Asian or Pacific Islander,55,64,All Origins,666,32,ncd_lri,total,20.6099960168628,666,nvss,Deaths,age-adjusted rate
1992,A,Asian or Pacific Islander,65,74,All Origins,666,32,ncd_lri,total,86.0795299910535,666,nvss,Deaths,age-adjusted rate
1992,A,Asian or Pacific Islander,75,84,All Origins,666,32,ncd_lri,total,228.696262316231,666,nvss,Deaths,age-adjusted rate
1992,A,Asian or Pacific Islander,85,150,All Origins,666,32,ncd_lri,total,110.775446388008,666,nvss,Deaths,age-adjusted rate
1992,A,Asian or Pacific Islander,45,54,All Origins,666,32,neo_lung,total,4.68013628862732,666,nvss,Deaths,age-adjusted rate
1992,A,Asian or Pacific Islander,55,64,All Origins,666,32,neo_lung,total,2.2899995574292,666,nvss,Deaths,age-adjusted rate
1992,A,Asian or Pacific Islander,65,74,All Origins,666,32,neo_lung,total,3.07426892825191,666,nvss,Deaths,age-adjusted rate
1992,A,Asian or Pacific Islander,75,84,All Origins,666,32,neo_lung,total,32.6708946166045,666,nvss,Deaths,age-adjusted rate
1992,A,Asian or Pacific Islander,35,44,All Origins,666,32,resp_copd,total,1.78148194644541,666,nvss,Deaths,age-adjusted rate
1992,A,Asian or Pacific Islander,65,74,All Origins,666,32,resp_copd,total,6.14853785650382,666,nvss,Deaths,age-adjusted rate
1992,A,Asian or Pacific Islander,45,54,All Origins,666,32,t2_dm,total,2.34006814431366,666,nvss,Deaths,age-adjusted rate
1992,A,Asian or Pacific Islander,65,74,All Origins,666,32,t2_dm,total,3.07426892825191,666,nvss,Deaths,age-adjusted rate
1992,A,Asian or Pacific Islander,85,150,All Origins,666,32,t2_dm,total,15.8250637697154,666,nvss,Deaths,age-adjusted rate
1992,A,Asian or Pacific Islander,25,34,All Origins,666,33,all-cause,overall,5.9593376160616,666,nvss,Deaths,age-adjusted rate
1992,A,Asian or Pacific Islander,45,54,All Origins,666,33,all-cause,overall,30.097037159677,666,nvss,Deaths,age-adjusted rate
1992,A,Asian or Pacific Islander,55,64,All Origins,666,33,all-cause,overall,58.4256583513746,666,nvss,Deaths,age-adjusted rate
1992,A,Asian or Pacific Islander,65,74,All Origins,666,33,all-cause,overall,79.2423558946213,666,nvss,Deaths,age-adjusted rate
1992,A,Asian or Pacific Islander,75,84,All Origins,666,33,all-cause,overall,133.853142869521,666,nvss,Deaths,age-adjusted rate
1992,A,Asian or Pacific Islander,85,150,All Origins,666,33,all-cause,overall,110.775446388008,666,nvss,Deaths,age-adjusted rate
1992,A,Asian or Pacific Islander,75,84,All Origins,666,33,cvd_ihd,total,66.9265714347607,666,nvss,Deaths,age-adjusted rate
1992,A,Asian or Pacific Islander,45,54,All Origins,666,33,ncd_lri,total,15.0485185798385,666,nvss,Deaths,age-adjusted rate
1992,A,Asian or Pacific Islander,55,64,All Origins,666,33,ncd_lri,total,38.9504389009164,666,nvss,Deaths,age-adjusted rate
1992,A,Asian or Pacific Islander,65,74,All Origins,666,33,ncd_lri,total,52.8282372630808,666,nvss,Deaths,age-adjusted rate
1992,A,Asian or Pacific Islander,75,84,All Origins,666,33,ncd_lri,total,133.853142869521,666,nvss,Deaths,age-adjusted rate
1992,A,Asian or Pacific Islander,85,150,All Origins,666,33,ncd_lri,total,110.775446388008,666,nvss,Deaths,age-adjusted rate
1992,A,Asian or Pacific Islander,65,74,All Origins,666,33,neo_lung,total,26.4141186315404,666,nvss,Deaths,age-adjusted rate
1992,A,Asian or Pacific Islander,25,34,All Origins,666,34,all-cause,overall,4.51096260864917,666,nvss,Deaths,age-adjusted rate
1992,A,Asian or Pacific Islander,35,44,All Origins,666,34,all-cause,overall,6.24826392423576,666,nvss,Deaths,age-adjusted rate
1992,A,Asian or Pacific Islander,45,54,All Origins,666,34,all-cause,overall,20.0709793405806,666,nvss,Deaths,age-adjusted rate
1992,A,Asian or Pacific Islander,55,64,All Origins,666,34,all-cause,overall,36.8678445847876,666,nvss,Deaths,age-adjusted rate
1992,A,Asian or Pacific Islander,65,74,All Origins,666,34,all-cause,overall,69.3319634693032,666,nvss,Deaths,age-adjusted rate
1992,A,Asian or Pacific Islander,75,84,All Origins,666,34,all-cause,overall,112.193469220524,666,nvss,Deaths,age-adjusted rate
1992,A,Asian or Pacific Islander,85,150,All Origins,666,34,all-cause,overall,110.076547672626,666,nvss,Deaths,age-adjusted rate
1992,A,Asian or Pacific Islander,25,34,All Origins,666,34,cvd_ihd,total,0.205043754938598,666,nvss,Deaths,age-adjusted rate
1992,A,Asian or Pacific Islander,35,44,All Origins,666,34,cvd_ihd,total,0.26034433017649,666,nvss,Deaths,age-adjusted rate
1992,A,Asian or Pacific Islander,45,54,All Origins,666,34,cvd_ihd,total,1.76061222285795,666,nvss,Deaths,age-adjusted rate
1992,A,Asian or Pacific Islander,55,64,All Origins,666,34,cvd_ihd,total,2.94942756678301,666,nvss,Deaths,age-adjusted rate
1992,A,Asian or Pacific Islander,65,74,All Origins,666,34,cvd_ihd,total,6.79725132051992,666,nvss,Deaths,age-adjusted rate
1992,A,Asian or Pacific Islander,75,84,All Origins,666,34,cvd_ihd,total,9.75595384526291,666,nvss,Deaths,age-adjusted rate
1992,A,Asian or Pacific Islander,85,150,All Origins,666,34,cvd_ihd,total,29.3537460460336,666,nvss,Deaths,age-adjusted rate
1992,A,Asian or Pacific Islander,35,44,All Origins,666,34,cvd_stroke,total,0.52068866035298,666,nvss,Deaths,age-adjusted rate
1992,A,Asian or Pacific Islander,45,54,All Origins,666,34,cvd_stroke,total,1.05636733371477,666,nvss,Deaths,age-adjusted rate
1992,A,Asian or Pacific Islander,65,74,All Origins,666,34,cvd_stroke,total,1.35945026410398,666,nvss,Deaths,age-adjusted rate
1992,A,Asian or Pacific Islander,75,84,All Origins,666,34,cvd_stroke,total,1.21949423065786,666,nvss,Deaths,age-adjusted rate
1992,A,Asian or Pacific Islander,25,34,All Origins,666,34,ncd_lri,total,1.64035003950879,666,nvss,Deaths,age-adjusted rate
1992,A,Asian or Pacific Islander,35,44,All Origins,666,34,ncd_lri,total,4.68619794317682,666,nvss,Deaths,age-adjusted rate
1992,A,Asian or Pacific Islander,45,54,All Origins,666,34,ncd_lri,total,18.3103671177226,666,nvss,Deaths,age-adjusted rate
1992,A,Asian or Pacific Islander,55,64,All Origins,666,34,ncd_lri,total,32.9352744957436,666,nvss,Deaths,age-adjusted rate
1992,A,Asian or Pacific Islander,65,74,All Origins,666,34,ncd_lri,total,67.2927880731472,666,nvss,Deaths,age-adjusted rate
1992,A,Asian or Pacific Islander,75,84,All Origins,666,34,ncd_lri,total,98.779032683287,666,nvss,Deaths,age-adjusted rate
1992,A,Asian or Pacific Islander,85,150,All Origins,666,34,ncd_lri,total,102.738111161118,666,nvss,Deaths,age-adjusted rate
1992,A,Asian or Pacific Islander,35,44,All Origins,666,34,neo_lung,total,0.26034433017649,666,nvss,Deaths,age-adjusted rate
1992,A,Asian or Pacific Islander,45,54,All Origins,666,34,neo_lung,total,0.704244889143178,666,nvss,Deaths,age-adjusted rate
1992,A,Asian or Pacific Islander,55,64,All Origins,666,34,neo_lung,total,2.94942756678301,666,nvss,Deaths,age-adjusted rate
1992,A,Asian or Pacific Islander,65,74,All Origins,666,34,neo_lung,total,6.79725132051992,666,nvss,Deaths,age-adjusted rate
1992,A,Asian or Pacific Islander,75,84,All Origins,666,34,neo_lung,total,6.09747115328932,666,nvss,Deaths,age-adjusted rate
1992,A,Asian or Pacific Islander,85,150,All Origins,666,34,neo_lung,total,2.44614550383613,666,nvss,Deaths,age-adjusted rate
1992,A,Asian or Pacific Islander,35,44,All Origins,666,34,resp_copd,total,0.26034433017649,666,nvss,Deaths,age-adjusted rate
1992,A,Asian or Pacific Islander,55,64,All Origins,666,34,resp_copd,total,0.983142522261003,666,nvss,Deaths,age-adjusted rate
1992,A,Asian or Pacific Islander,65,74,All Origins,666,34,resp_copd,total,3.39862566025996,666,nvss,Deaths,age-adjusted rate
1992,A,Asian or Pacific Islander,75,84,All Origins,666,34,resp_copd,total,1.21949423065786,666,nvss,Deaths,age-adjusted rate
1992,A,Asian or Pacific Islander,85,150,All Origins,666,34,resp_copd,total,2.44614550383613,666,nvss,Deaths,age-adjusted rate
1992,A,Asian or Pacific Islander,45,54,All Origins,666,34,t2_dm,total,0.352122444571589,666,nvss,Deaths,age-adjusted rate
1992,A,Asian or Pacific Islander,55,64,All Origins,666,34,t2_dm,total,0.983142522261003,666,nvss,Deaths,age-adjusted rate
1992,A,Asian or Pacific Islander,65,74,All Origins,666,34,t2_dm,total,1.35945026410398,666,nvss,Deaths,age-adjusted rate
1992,A,Asian or Pacific Islander,75,84,All Origins,666,34,t2_dm,total,3.65848269197359,666,nvss,Deaths,age-adjusted rate
1992,A,Asian or Pacific Islander,25,34,All Origins,666,35,all-cause,overall,4.01584510561023,666,nvss,Deaths,age-adjusted rate
1992,A,Asian or Pacific Islander,35,44,All Origins,666,35,all-cause,overall,10.5661905179686,666,nvss,Deaths,age-adjusted rate
1992,A,Asian or Pacific Islander,45,54,All Origins,666,35,all-cause,overall,17.4205072965572,666,nvss,Deaths,age-adjusted rate
1992,A,Asian or Pacific Islander,55,64,All Origins,666,35,all-cause,overall,26.7088723891998,666,nvss,Deaths,age-adjusted rate
1992,A,Asian or Pacific Islander,65,74,All Origins,666,35,all-cause,overall,61.5713721014928,666,nvss,Deaths,age-adjusted rate
1992,A,Asian or Pacific Islander,75,84,All Origins,666,35,all-cause,overall,87.9231428652738,666,nvss,Deaths,age-adjusted rate
1992,A,Asian or Pacific Islander,85,150,All Origins,666,35,all-cause,overall,124.068499954569,666,nvss,Deaths,age-adjusted rate
1992,A,Asian or Pacific Islander,35,44,All Origins,666,35,cvd_ihd,total,5.28309525898432,666,nvss,Deaths,age-adjusted rate
1992,A,Asian or Pacific Islander,55,64,All Origins,666,35,cvd_ihd,total,8.9029574630666,666,nvss,Deaths,age-adjusted rate
1992,A,Asian or Pacific Islander,35,44,All Origins,666,35,ncd_lri,total,5.28309525898432,666,nvss,Deaths,age-adjusted rate
1992,A,Asian or Pacific Islander,45,54,All Origins,666,35,ncd_lri,total,17.4205072965572,666,nvss,Deaths,age-adjusted rate
1992,A,Asian or Pacific Islander,55,64,All Origins,666,35,ncd_lri,total,26.7088723891998,666,nvss,Deaths,age-adjusted rate
1992,A,Asian or Pacific Islander,65,74,All Origins,666,35,ncd_lri,total,61.5713721014928,666,nvss,Deaths,age-adjusted rate
1992,A,Asian or Pacific Islander,75,84,All Origins,666,35,ncd_lri,total,87.9231428652738,666,nvss,Deaths,age-adjusted rate
1992,A,Asian or Pacific Islander,85,150,All Origins,666,35,ncd_lri,total,62.0342499772843,666,nvss,Deaths,age-adjusted rate
1992,A,Asian or Pacific Islander,75,84,All Origins,666,35,neo_lung,total,43.9615714326369,666,nvss,Deaths,age-adjusted rate
1992,A,Asian or Pacific Islander,75,84,All Origins,666,35,t2_dm,total,43.9615714326369,666,nvss,Deaths,age-adjusted rate
1992,A,Asian or Pacific Islander,25,34,All Origins,666,36,all-cause,overall,6.29572064582866,666,nvss,Deaths,age-adjusted rate
1992,A,Asian or Pacific Islander,35,44,All Origins,666,36,all-cause,overall,13.7725094749217,666,nvss,Deaths,age-adjusted rate
1992,A,Asian or Pacific Islander,45,54,All Origins,666,36,all-cause,overall,24.2302936398254,666,nvss,Deaths,age-adjusted rate
1992,A,Asian or Pacific Islander,55,64,All Origins,666,36,all-cause,overall,42.7297372955813,666,nvss,Deaths,age-adjusted rate
1992,A,Asian or Pacific Islander,65,74,All Origins,666,36,all-cause,overall,85.2983183426851,666,nvss,Deaths,age-adjusted rate
1992,A,Asian or Pacific Islander,75,84,All Origins,666,36,all-cause,overall,122.4726774185,666,nvss,Deaths,age-adjusted rate
1992,A,Asian or Pacific Islander,85,150,All Origins,666,36,all-cause,overall,118.932308236056,666,nvss,Deaths,age-adjusted rate
1992,A,Asian or Pacific Islander,25,34,All Origins,666,36,cvd_ihd,total,0.0758520559738392,666,nvss,Deaths,age-adjusted rate
1992,A,Asian or Pacific Islander,35,44,All Origins,666,36,cvd_ihd,total,0.440720303197494,666,nvss,Deaths,age-adjusted rate
1992,A,Asian or Pacific Islander,45,54,All Origins,666,36,cvd_ihd,total,1.52391783898273,666,nvss,Deaths,age-adjusted rate
1992,A,Asian or Pacific Islander,55,64,All Origins,666,36,cvd_ihd,total,5.14041952428046,666,nvss,Deaths,age-adjusted rate
1992,A,Asian or Pacific Islander,65,74,All Origins,666,36,cvd_ihd,total,17.2341870820259,666,nvss,Deaths,age-adjusted rate
1992,A,Asian or Pacific Islander,75,84,All Origins,666,36,cvd_ihd,total,28.3734355309722,666,nvss,Deaths,age-adjusted rate
1992,A,Asian or Pacific Islander,85,150,All Origins,666,36,cvd_ihd,total,41.0474338159838,666,nvss,Deaths,age-adjusted rate
1992,A,Asian or Pacific Islander,25,34,All Origins,666,36,cvd_stroke,total,0.0758520559738392,666,nvss,Deaths,age-adjusted rate
1992,A,Asian or Pacific Islander,35,44,All Origins,666,36,cvd_stroke,total,0.110180075799374,666,nvss,Deaths,age-adjusted rate
1992,A,Asian or Pacific Islander,45,54,All Origins,666,36,cvd_stroke,total,0.457175351694819,666,nvss,Deaths,age-adjusted rate
1992,A,Asian or Pacific Islander,55,64,All Origins,666,36,cvd_stroke,total,0.642552440535057,666,nvss,Deaths,age-adjusted rate
1992,A,Asian or Pacific Islander,65,74,All Origins,666,36,cvd_stroke,total,0.872617067444348,666,nvss,Deaths,age-adjusted rate
1992,A,Asian or Pacific Islander,75,84,All Origins,666,36,cvd_stroke,total,0.359157411784459,666,nvss,Deaths,age-adjusted rate
1992,A,Asian or Pacific Islander,85,150,All Origins,666,36,cvd_stroke,total,1.57874745446092,666,nvss,Deaths,age-adjusted rate
1992,A,Asian or Pacific Islander,45,54,All Origins,666,36,lri,total,0.152391783898273,666,nvss,Deaths,age-adjusted rate
1992,A,Asian or Pacific Islander,25,34,All Origins,666,36,ncd_lri,total,2.50311784713669,666,nvss,Deaths,age-adjusted rate
1992,A,Asian or Pacific Islander,35,44,All Origins,666,36,ncd_lri,total,10.1365669735424,666,nvss,Deaths,age-adjusted rate
1992,A,Asian or Pacific Islander,45,54,All Origins,666,36,ncd_lri,total,20.8776743940634,666,nvss,Deaths,age-adjusted rate
1992,A,Asian or Pacific Islander,55,64,All Origins,666,36,ncd_lri,total,39.3563369827722,666,nvss,Deaths,age-adjusted rate
1992,A,Asian or Pacific Islander,65,74,All Origins,666,36,ncd_lri,total,79.1899988705746,666,nvss,Deaths,age-adjusted rate
1992,A,Asian or Pacific Islander,75,84,All Origins,666,36,ncd_lri,total,108.465538358907,666,nvss,Deaths,age-adjusted rate
1992,A,Asian or Pacific Islander,85,150,All Origins,666,36,ncd_lri,total,107.354826903342,666,nvss,Deaths,age-adjusted rate
1992,A,Asian or Pacific Islander,35,44,All Origins,666,36,neo_lung,total,0.220360151598747,666,nvss,Deaths,age-adjusted rate
1992,A,Asian or Pacific Islander,45,54,All Origins,666,36,neo_lung,total,0.914350703389638,666,nvss,Deaths,age-adjusted rate
1992,A,Asian or Pacific Islander,55,64,All Origins,666,36,neo_lung,total,3.69467653307658,666,nvss,Deaths,age-adjusted rate
1992,A,Asian or Pacific Islander,65,74,All Origins,666,36,neo_lung,total,9.59878774188783,666,nvss,Deaths,age-adjusted rate
1992,A,Asian or Pacific Islander,75,84,All Origins,666,36,neo_lung,total,9.33809270639592,666,nvss,Deaths,age-adjusted rate
1992,A,Asian or Pacific Islander,85,150,All Origins,666,36,neo_lung,total,7.89373727230458,666,nvss,Deaths,age-adjusted rate
1992,A,Asian or Pacific Islander,35,44,All Origins,666,36,resp_copd,total,0.220360151598747,666,nvss,Deaths,age-adjusted rate
1992,A,Asian or Pacific Islander,55,64,All Origins,666,36,resp_copd,total,0.803190550668821,666,nvss,Deaths,age-adjusted rate
1992,A,Asian or Pacific Islander,65,74,All Origins,666,36,resp_copd,total,1.7452341348887,666,nvss,Deaths,age-adjusted rate
1992,A,Asian or Pacific Islander,75,84,All Origins,666,36,resp_copd,total,4.66904635319796,666,nvss,Deaths,age-adjusted rate
1992,A,Asian or Pacific Islander,85,150,All Origins,666,36,resp_copd,total,2.10499660594789,666,nvss,Deaths,age-adjusted rate
1992,A,Asian or Pacific Islander,35,44,All Origins,666,36,t2_dm,total,0.220360151598747,666,nvss,Deaths,age-adjusted rate
1992,A,Asian or Pacific Islander,45,54,All Origins,666,36,t2_dm,total,0.609567135593092,666,nvss,Deaths,age-adjusted rate
1992,A,Asian or Pacific Islander,55,64,All Origins,666,36,t2_dm,total,1.44574299120388,666,nvss,Deaths,age-adjusted rate
1992,A,Asian or Pacific Islander,65,74,All Origins,666,36,t2_dm,total,3.05415973605522,666,nvss,Deaths,age-adjusted rate
1992,A,Asian or Pacific Islander,75,84,All Origins,666,36,t2_dm,total,2.87325929427567,666,nvss,Deaths,age-adjusted rate
1992,A,Asian or Pacific Islander,85,150,All Origins,666,36,t2_dm,total,1.57874745446092,666,nvss,Deaths,age-adjusted rate
1992,A,Asian or Pacific Islander,25,34,All Origins,666,37,all-cause,overall,5.97509611130019,666,nvss,Deaths,age-adjusted rate
1992,A,Asian or Pacific Islander,35,44,All Origins,666,37,all-cause,overall,19.4281567588456,666,nvss,Deaths,age-adjusted rate
1992,A,Asian or Pacific Islander,45,54,All Origins,666,37,all-cause,overall,34.2858263626088,666,nvss,Deaths,age-adjusted rate
1992,A,Asian or Pacific Islander,55,64,All Origins,666,37,all-cause,overall,69.5813665802778,666,nvss,Deaths,age-adjusted rate
1992,A,Asian or Pacific Islander,65,74,All Origins,666,37,all-cause,overall,76.97703181548,666,nvss,Deaths,age-adjusted rate
1992,A,Asian or Pacific Islander,75,84,All Origins,666,37,all-cause,overall,222.892879719861,666,nvss,Deaths,age-adjusted rate
1992,A,Asian or Pacific Islander,85,150,All Origins,666,37,all-cause,overall,208.769110500476,666,nvss,Deaths,age-adjusted rate
1992,A,Asian or Pacific Islander,45,54,All Origins,666,37,cvd_ihd,total,9.14288703002902,666,nvss,Deaths,age-adjusted rate
1992,A,Asian or Pacific Islander,55,64,All Origins,666,37,cvd_ihd,total,3.02527680783817,666,nvss,Deaths,age-adjusted rate
1992,A,Asian or Pacific Islander,65,74,All Origins,666,37,cvd_ihd,total,5.49835941539143,666,nvss,Deaths,age-adjusted rate
1992,A,Asian or Pacific Islander,75,84,All Origins,666,37,cvd_ihd,total,13.1113458658742,666,nvss,Deaths,age-adjusted rate
1992,A,Asian or Pacific Islander,25,34,All Origins,666,37,cvd_stroke,total,0.995849351883365,666,nvss,Deaths,age-adjusted rate
1992,A,Asian or Pacific Islander,35,44,All Origins,666,37,cvd_stroke,total,1.49447359683427,666,nvss,Deaths,age-adjusted rate
1992,A,Asian or Pacific Islander,25,34,All Origins,666,37,ncd_lri,total,2.98754805565009,666,nvss,Deaths,age-adjusted rate
1992,A,Asian or Pacific Islander,35,44,All Origins,666,37,ncd_lri,total,11.9557887746742,666,nvss,Deaths,age-adjusted rate
1992,A,Asian or Pacific Islander,45,54,All Origins,666,37,ncd_lri,total,27.4286610900871,666,nvss,Deaths,age-adjusted rate
1992,A,Asian or Pacific Islander,55,64,All Origins,666,37,ncd_lri,total,60.5055361567633,666,nvss,Deaths,age-adjusted rate
1992,A,Asian or Pacific Islander,65,74,All Origins,666,37,ncd_lri,total,65.9803129846971,666,nvss,Deaths,age-adjusted rate
1992,A,Asian or Pacific Islander,75,84,All Origins,666,37,ncd_lri,total,222.892879719861,666,nvss,Deaths,age-adjusted rate
1992,A,Asian or Pacific Islander,85,150,All Origins,666,37,ncd_lri,total,178.944951857551,666,nvss,Deaths,age-adjusted rate
1992,A,Asian or Pacific Islander,55,64,All Origins,666,37,neo_lung,total,6.05055361567633,666,nvss,Deaths,age-adjusted rate
1992,A,Asian or Pacific Islander,65,74,All Origins,666,37,neo_lung,total,10.9967188307829,666,nvss,Deaths,age-adjusted rate
1992,A,Asian or Pacific Islander,75,84,All Origins,666,37,neo_lung,total,13.1113458658742,666,nvss,Deaths,age-adjusted rate
1992,A,Asian or Pacific Islander,85,150,All Origins,666,37,neo_lung,total,29.8241586429251,666,nvss,Deaths,age-adjusted rate
1992,A,Asian or Pacific Islander,75,84,All Origins,666,37,t2_dm,total,26.2226917317483,666,nvss,Deaths,age-adjusted rate
1992,A,Asian or Pacific Islander,85,150,All Origins,666,37,t2_dm,total,29.8241586429251,666,nvss,Deaths,age-adjusted rate
1992,A,Asian or Pacific Islander,45,54,All Origins,666,38,all-cause,overall,49.7545116145214,666,nvss,Deaths,age-adjusted rate
1992,A,Asian or Pacific Islander,55,64,All Origins,666,38,all-cause,overall,214.546679847671,666,nvss,Deaths,age-adjusted rate
1992,A,Asian or Pacific Islander,75,84,All Origins,666,38,all-cause,overall,2989.38685741931,666,nvss,Deaths,age-adjusted rate
1992,A,Asian or Pacific Islander,45,54,All Origins,666,38,ncd_lri,total,49.7545116145214,666,nvss,Deaths,age-adjusted rate
1992,A,Asian or Pacific Islander,55,64,All Origins,666,38,ncd_lri,total,214.546679847671,666,nvss,Deaths,age-adjusted rate
1992,A,Asian or Pacific Islander,75,84,All Origins,666,38,ncd_lri,total,2989.38685741931,666,nvss,Deaths,age-adjusted rate
1992,A,Asian or Pacific Islander,25,34,All Origins,666,39,all-cause,overall,4.91213517265947,666,nvss,Deaths,age-adjusted rate
1992,A,Asian or Pacific Islander,35,44,All Origins,666,39,all-cause,overall,12.1068537708607,666,nvss,Deaths,age-adjusted rate
1992,A,Asian or Pacific Islander,45,54,All Origins,666,39,all-cause,overall,20.1848392927175,666,nvss,Deaths,age-adjusted rate
1992,A,Asian or Pacific Islander,55,64,All Origins,666,39,all-cause,overall,39.7453458172616,666,nvss,Deaths,age-adjusted rate
1992,A,Asian or Pacific Islander,65,74,All Origins,666,39,all-cause,overall,76.0153803915478,666,nvss,Deaths,age-adjusted rate
1992,A,Asian or Pacific Islander,75,84,All Origins,666,39,all-cause,overall,167.906090009234,666,nvss,Deaths,age-adjusted rate
1992,A,Asian or Pacific Islander,85,150,All Origins,666,39,all-cause,overall,142.280389856157,666,nvss,Deaths,age-adjusted rate
1992,A,Asian or Pacific Islander,55,64,All Origins,666,39,cvd_ihd,total,3.17962766538093,666,nvss,Deaths,age-adjusted rate
1992,A,Asian or Pacific Islander,65,74,All Origins,666,39,cvd_ihd,total,4.90421808977728,666,nvss,Deaths,age-adjusted rate
1992,A,Asian or Pacific Islander,75,84,All Origins,666,39,cvd_ihd,total,9.87682882407261,666,nvss,Deaths,age-adjusted rate
1992,A,Asian or Pacific Islander,85,150,All Origins,666,39,cvd_ihd,total,28.4560779712313,666,nvss,Deaths,age-adjusted rate
1992,A,Asian or Pacific Islander,35,44,All Origins,666,39,cvd_stroke,total,0.931296443912361,666,nvss,Deaths,age-adjusted rate
1992,A,Asian or Pacific Islander,55,64,All Origins,666,39,cvd_stroke,total,1.58981383269046,666,nvss,Deaths,age-adjusted rate
1992,A,Asian or Pacific Islander,25,34,All Origins,666,39,ncd_lri,total,2.45606758632973,666,nvss,Deaths,age-adjusted rate
1992,A,Asian or Pacific Islander,35,44,All Origins,666,39,ncd_lri,total,7.45037155129889,666,nvss,Deaths,age-adjusted rate
1992,A,Asian or Pacific Islander,45,54,All Origins,666,39,ncd_lri,total,16.6228088292968,666,nvss,Deaths,age-adjusted rate
1992,A,Asian or Pacific Islander,55,64,All Origins,666,39,ncd_lri,total,36.5657181518807,666,nvss,Deaths,age-adjusted rate
1992,A,Asian or Pacific Islander,65,74,All Origins,666,39,ncd_lri,total,63.7548351671046,666,nvss,Deaths,age-adjusted rate
1992,A,Asian or Pacific Islander,75,84,All Origins,666,39,ncd_lri,total,138.275603537017,666,nvss,Deaths,age-adjusted rate
1992,A,Asian or Pacific Islander,85,150,All Origins,666,39,ncd_lri,total,120.938331377733,666,nvss,Deaths,age-adjusted rate
1992,A,Asian or Pacific Islander,25,34,All Origins,666,39,neo_lung,total,0.614016896582433,666,nvss,Deaths,age-adjusted rate
1992,A,Asian or Pacific Islander,45,54,All Origins,666,39,neo_lung,total,2.37468697561382,666,nvss,Deaths,age-adjusted rate
1992,A,Asian or Pacific Islander,55,64,All Origins,666,39,neo_lung,total,1.58981383269046,666,nvss,Deaths,age-adjusted rate
1992,A,Asian or Pacific Islander,65,74,All Origins,666,39,neo_lung,total,2.45210904488864,666,nvss,Deaths,age-adjusted rate
1992,A,Asian or Pacific Islander,75,84,All Origins,666,39,neo_lung,total,14.8152432361089,666,nvss,Deaths,age-adjusted rate
1992,A,Asian or Pacific Islander,65,74,All Origins,666,39,resp_copd,total,4.90421808977728,666,nvss,Deaths,age-adjusted rate
1992,A,Asian or Pacific Islander,85,150,All Origins,666,39,resp_copd,total,7.11401949280783,666,nvss,Deaths,age-adjusted rate
1992,A,Asian or Pacific Islander,75,84,All Origins,666,39,t2_dm,total,9.87682882407261,666,nvss,Deaths,age-adjusted rate
1992,A,Asian or Pacific Islander,25,34,All Origins,666,40,all-cause,overall,19.8329778030576,666,nvss,Deaths,age-adjusted rate
1992,A,Asian or Pacific Islander,35,44,All Origins,666,40,all-cause,overall,15.9686093687271,666,nvss,Deaths,age-adjusted rate
1992,A,Asian or Pacific Islander,45,54,All Origins,666,40,all-cause,overall,51.5696217763927,666,nvss,Deaths,age-adjusted rate
1992,A,Asian or Pacific Islander,55,64,All Origins,666,40,all-cause,overall,68.5201438256959,666,nvss,Deaths,age-adjusted rate
1992,A,Asian or Pacific Islander,65,74,All Origins,666,40,all-cause,overall,157.820205660147,666,nvss,Deaths,age-adjusted rate
1992,A,Asian or Pacific Islander,75,84,All Origins,666,40,all-cause,overall,226.260931868893,666,nvss,Deaths,age-adjusted rate
1992,A,Asian or Pacific Islander,85,150,All Origins,666,40,all-cause,overall,112.789545413244,666,nvss,Deaths,age-adjusted rate
1992,A,Asian or Pacific Islander,45,54,All Origins,666,40,cvd_ihd,total,7.93378796559888,666,nvss,Deaths,age-adjusted rate
1992,A,Asian or Pacific Islander,55,64,All Origins,666,40,cvd_ihd,total,4.56800958837972,666,nvss,Deaths,age-adjusted rate
1992,A,Asian or Pacific Islander,75,84,All Origins,666,40,cvd_ihd,total,41.1383512488896,666,nvss,Deaths,age-adjusted rate
1992,A,Asian or Pacific Islander,55,64,All Origins,666,40,cvd_stroke,total,4.56800958837972,666,nvss,Deaths,age-adjusted rate
1992,A,Asian or Pacific Islander,25,34,All Origins,666,40,ncd_lri,total,1.6527481502548,666,nvss,Deaths,age-adjusted rate
1992,A,Asian or Pacific Islander,35,44,All Origins,666,40,ncd_lri,total,13.3071744739392,666,nvss,Deaths,age-adjusted rate
1992,A,Asian or Pacific Islander,45,54,All Origins,666,40,ncd_lri,total,23.8013638967966,666,nvss,Deaths,age-adjusted rate
1992,A,Asian or Pacific Islander,55,64,All Origins,666,40,ncd_lri,total,68.5201438256959,666,nvss,Deaths,age-adjusted rate
1992,A,Asian or Pacific Islander,65,74,All Origins,666,40,ncd_lri,total,149.513879046455,666,nvss,Deaths,age-adjusted rate
1992,A,Asian or Pacific Islander,75,84,All Origins,666,40,ncd_lri,total,205.691756244448,666,nvss,Deaths,age-adjusted rate
1992,A,Asian or Pacific Islander,85,150,All Origins,666,40,ncd_lri,total,84.5921590599331,666,nvss,Deaths,age-adjusted rate
1992,A,Asian or Pacific Islander,35,44,All Origins,666,40,neo_lung,total,2.66143489478785,666,nvss,Deaths,age-adjusted rate
1992,A,Asian or Pacific Islander,55,64,All Origins,666,40,neo_lung,total,9.13601917675945,666,nvss,Deaths,age-adjusted rate
1992,A,Asian or Pacific Islander,65,74,All Origins,666,40,neo_lung,total,8.30632661369195,666,nvss,Deaths,age-adjusted rate
1992,A,Asian or Pacific Islander,75,84,All Origins,666,40,neo_lung,total,20.5691756244448,666,nvss,Deaths,age-adjusted rate
1992,A,Asian or Pacific Islander,45,54,All Origins,666,40,resp_copd,total,3.96689398279944,666,nvss,Deaths,age-adjusted rate
1992,A,Asian or Pacific Islander,65,74,All Origins,666,40,resp_copd,total,8.30632661369195,666,nvss,Deaths,age-adjusted rate
1992,A,Asian or Pacific Islander,75,84,All Origins,666,40,t2_dm,total,20.5691756244448,666,nvss,Deaths,age-adjusted rate
1992,A,Asian or Pacific Islander,25,34,All Origins,666,41,all-cause,overall,5.19444179177783,666,nvss,Deaths,age-adjusted rate
1992,A,Asian or Pacific Islander,35,44,All Origins,666,41,all-cause,overall,21.0896584163575,666,nvss,Deaths,age-adjusted rate
1992,A,Asian or Pacific Islander,45,54,All Origins,666,41,all-cause,overall,23.773386977729,666,nvss,Deaths,age-adjusted rate
1992,A,Asian or Pacific Islander,55,64,All Origins,666,41,all-cause,overall,70.6714744233243,666,nvss,Deaths,age-adjusted rate
1992,A,Asian or Pacific Islander,65,74,All Origins,666,41,all-cause,overall,106.903684174868,666,nvss,Deaths,age-adjusted rate
1992,A,Asian or Pacific Islander,75,84,All Origins,666,41,all-cause,overall,230.490108165508,666,nvss,Deaths,age-adjusted rate
1992,A,Asian or Pacific Islander,85,150,All Origins,666,41,all-cause,overall,209.422194266379,666,nvss,Deaths,age-adjusted rate
1992,A,Asian or Pacific Islander,35,44,All Origins,666,41,cvd_ihd,total,1.24056814213867,666,nvss,Deaths,age-adjusted rate
1992,A,Asian or Pacific Islander,55,64,All Origins,666,41,cvd_ihd,total,10.0959249176178,666,nvss,Deaths,age-adjusted rate
1992,A,Asian or Pacific Islander,65,74,All Origins,666,41,cvd_ihd,total,11.1358004348821,666,nvss,Deaths,age-adjusted rate
1992,A,Asian or Pacific Islander,75,84,All Origins,666,41,cvd_ihd,total,37.7165631543558,666,nvss,Deaths,age-adjusted rate
1992,A,Asian or Pacific Islander,85,150,All Origins,666,41,cvd_ihd,total,33.9603558269805,666,nvss,Deaths,age-adjusted rate
1992,A,Asian or Pacific Islander,35,44,All Origins,666,41,cvd_stroke,total,1.24056814213867,666,nvss,Deaths,age-adjusted rate
1992,A,Asian or Pacific Islander,55,64,All Origins,666,41,cvd_stroke,total,2.01918498352355,666,nvss,Deaths,age-adjusted rate
1992,A,Asian or Pacific Islander,75,84,All Origins,666,41,cvd_stroke,total,8.38145847874573,666,nvss,Deaths,age-adjusted rate
1992,A,Asian or Pacific Islander,25,34,All Origins,666,41,ncd_lri,total,2.59722089588891,666,nvss,Deaths,age-adjusted rate
1992,A,Asian or Pacific Islander,35,44,All Origins,666,41,ncd_lri,total,13.6462495635254,666,nvss,Deaths,age-adjusted rate
1992,A,Asian or Pacific Islander,45,54,All Origins,666,41,ncd_lri,total,19.8111558147742,666,nvss,Deaths,age-adjusted rate
1992,A,Asian or Pacific Islander,55,64,All Origins,666,41,ncd_lri,total,56.5371795386595,666,nvss,Deaths,age-adjusted rate
1992,A,Asian or Pacific Islander,65,74,All Origins,666,41,ncd_lri,total,89.0864034790571,666,nvss,Deaths,age-adjusted rate
1992,A,Asian or Pacific Islander,75,84,All Origins,666,41,ncd_lri,total,196.964274250525,666,nvss,Deaths,age-adjusted rate
1992,A,Asian or Pacific Islander,85,150,All Origins,666,41,ncd_lri,total,186.781957048392,666,nvss,Deaths,age-adjusted rate
1992,A,Asian or Pacific Islander,35,44,All Origins,666,41,neo_lung,total,1.24056814213867,666,nvss,Deaths,age-adjusted rate
1992,A,Asian or Pacific Islander,45,54,All Origins,666,41,neo_lung,total,1.98111558147742,666,nvss,Deaths,age-adjusted rate
1992,A,Asian or Pacific Islander,55,64,All Origins,666,41,neo_lung,total,6.05755495057066,666,nvss,Deaths,age-adjusted rate
1992,A,Asian or Pacific Islander,65,74,All Origins,666,41,neo_lung,total,2.22716008697643,666,nvss,Deaths,age-adjusted rate
1992,A,Asian or Pacific Islander,85,150,All Origins,666,41,neo_lung,total,11.3201186089935,666,nvss,Deaths,age-adjusted rate
1992,A,Asian or Pacific Islander,35,44,All Origins,666,41,resp_copd,total,1.24056814213867,666,nvss,Deaths,age-adjusted rate
1992,A,Asian or Pacific Islander,65,74,All Origins,666,41,resp_copd,total,4.45432017395285,666,nvss,Deaths,age-adjusted rate
1992,A,Asian or Pacific Islander,65,74,All Origins,666,41,t2_dm,total,4.45432017395285,666,nvss,Deaths,age-adjusted rate
1992,A,Asian or Pacific Islander,75,84,All Origins,666,41,t2_dm,total,8.38145847874573,666,nvss,Deaths,age-adjusted rate
1992,A,Asian or Pacific Islander,85,150,All Origins,666,41,t2_dm,total,11.3201186089935,666,nvss,Deaths,age-adjusted rate
1992,A,Asian or Pacific Islander,25,34,All Origins,666,42,all-cause,overall,8.90709748146648,666,nvss,Deaths,age-adjusted rate
1992,A,Asian or Pacific Islander,35,44,All Origins,666,42,all-cause,overall,15.0174239253382,666,nvss,Deaths,age-adjusted rate
1992,A,Asian or Pacific Islander,45,54,All Origins,666,42,all-cause,overall,31.3643942057662,666,nvss,Deaths,age-adjusted rate
1992,A,Asian or Pacific Islander,55,64,All Origins,666,42,all-cause,overall,44.5653148832278,666,nvss,Deaths,age-adjusted rate
1992,A,Asian or Pacific Islander,65,74,All Origins,666,42,all-cause,overall,81.0617416516926,666,nvss,Deaths,age-adjusted rate
1992,A,Asian or Pacific Islander,75,84,All Origins,666,42,all-cause,overall,185.159509122022,666,nvss,Deaths,age-adjusted rate
1992,A,Asian or Pacific Islander,85,150,All Origins,666,42,all-cause,overall,131.987765909116,666,nvss,Deaths,age-adjusted rate
1992,A,Asian or Pacific Islander,35,44,All Origins,666,42,cvd_ihd,total,0.625725996889093,666,nvss,Deaths,age-adjusted rate
1992,A,Asian or Pacific Islander,55,64,All Origins,666,42,cvd_ihd,total,0.990340330738396,666,nvss,Deaths,age-adjusted rate
1992,A,Asian or Pacific Islander,65,74,All Origins,666,42,cvd_ihd,total,4.5034300917607,666,nvss,Deaths,age-adjusted rate
1992,A,Asian or Pacific Islander,75,84,All Origins,666,42,cvd_ihd,total,10.7338845867839,666,nvss,Deaths,age-adjusted rate
1992,A,Asian or Pacific Islander,85,150,All Origins,666,42,cvd_ihd,total,4.12461768465986,666,nvss,Deaths,age-adjusted rate
1992,A,Asian or Pacific Islander,35,44,All Origins,666,42,cvd_stroke,total,0.625725996889093,666,nvss,Deaths,age-adjusted rate
1992,A,Asian or Pacific Islander,45,54,All Origins,666,42,cvd_stroke,total,0.804215236045288,666,nvss,Deaths,age-adjusted rate
1992,A,Asian or Pacific Islander,75,84,All Origins,666,42,cvd_stroke,total,2.68347114669597,666,nvss,Deaths,age-adjusted rate
1992,A,Asian or Pacific Islander,85,150,All Origins,666,42,cvd_stroke,total,8.24923536931972,666,nvss,Deaths,age-adjusted rate
1992,A,Asian or Pacific Islander,75,84,All Origins,666,42,lri,total,2.68347114669597,666,nvss,Deaths,age-adjusted rate
1992,A,Asian or Pacific Islander,25,34,All Origins,666,42,ncd_lri,total,3.56283899258659,666,nvss,Deaths,age-adjusted rate
1992,A,Asian or Pacific Islander,35,44,All Origins,666,42,ncd_lri,total,10.0116159502255,666,nvss,Deaths,age-adjusted rate
1992,A,Asian or Pacific Islander,45,54,All Origins,666,42,ncd_lri,total,25.7348875534492,666,nvss,Deaths,age-adjusted rate
1992,A,Asian or Pacific Islander,55,64,All Origins,666,42,ncd_lri,total,36.6425922373207,666,nvss,Deaths,age-adjusted rate
1992,A,Asian or Pacific Islander,65,74,All Origins,666,42,ncd_lri,total,75.0571681960117,666,nvss,Deaths,age-adjusted rate
1992,A,Asian or Pacific Islander,75,84,All Origins,666,42,ncd_lri,total,158.324797655062,666,nvss,Deaths,age-adjusted rate
1992,A,Asian or Pacific Islander,85,150,All Origins,666,42,ncd_lri,total,98.9908244318366,666,nvss,Deaths,age-adjusted rate
1992,A,Asian or Pacific Islander,35,44,All Origins,666,42,neo_lung,total,0.625725996889093,666,nvss,Deaths,age-adjusted rate
1992,A,Asian or Pacific Islander,55,64,All Origins,666,42,neo_lung,total,6.93238231516877,666,nvss,Deaths,age-adjusted rate
1992,A,Asian or Pacific Islander,65,74,All Origins,666,42,neo_lung,total,13.5102902752821,666,nvss,Deaths,age-adjusted rate
1992,A,Asian or Pacific Islander,75,84,All Origins,666,42,neo_lung,total,18.7842980268718,666,nvss,Deaths,age-adjusted rate
1992,A,Asian or Pacific Islander,65,74,All Origins,666,42,resp_copd,total,4.5034300917607,666,nvss,Deaths,age-adjusted rate
1992,A,Asian or Pacific Islander,75,84,All Origins,666,42,resp_copd,total,2.68347114669597,666,nvss,Deaths,age-adjusted rate
1992,A,Asian or Pacific Islander,85,150,All Origins,666,42,resp_copd,total,4.12461768465986,666,nvss,Deaths,age-adjusted rate
1992,A,Asian or Pacific Islander,35,44,All Origins,666,42,t2_dm,total,0.625725996889093,666,nvss,Deaths,age-adjusted rate
1992,A,Asian or Pacific Islander,55,64,All Origins,666,42,t2_dm,total,0.990340330738396,666,nvss,Deaths,age-adjusted rate
1992,A,Asian or Pacific Islander,65,74,All Origins,666,42,t2_dm,total,1.50114336392023,666,nvss,Deaths,age-adjusted rate
1992,A,Asian or Pacific Islander,25,34,All Origins,666,44,all-cause,overall,13.9301238906141,666,nvss,Deaths,age-adjusted rate
1992,A,Asian or Pacific Islander,35,44,All Origins,666,44,all-cause,overall,10.826476169876,666,nvss,Deaths,age-adjusted rate
1992,A,Asian or Pacific Islander,45,54,All Origins,666,44,all-cause,overall,8.60464112797402,666,nvss,Deaths,age-adjusted rate
1992,A,Asian or Pacific Islander,55,64,All Origins,666,44,all-cause,overall,57.4006468013505,666,nvss,Deaths,age-adjusted rate
1992,A,Asian or Pacific Islander,65,74,All Origins,666,44,all-cause,overall,116.106015962815,666,nvss,Deaths,age-adjusted rate
1992,A,Asian or Pacific Islander,75,84,All Origins,666,44,all-cause,overall,156.42140533008,666,nvss,Deaths,age-adjusted rate
1992,A,Asian or Pacific Islander,85,150,All Origins,666,44,all-cause,overall,202.285597752014,666,nvss,Deaths,age-adjusted rate
1992,A,Asian or Pacific Islander,65,74,All Origins,666,44,cvd_ihd,total,14.5132519953519,666,nvss,Deaths,age-adjusted rate
1992,A,Asian or Pacific Islander,85,150,All Origins,666,44,cvd_ihd,total,33.7142662920023,666,nvss,Deaths,age-adjusted rate
1992,A,Asian or Pacific Islander,25,34,All Origins,666,44,ncd_lri,total,6.96506194530703,666,nvss,Deaths,age-adjusted rate
1992,A,Asian or Pacific Islander,35,44,All Origins,666,44,ncd_lri,total,10.826476169876,666,nvss,Deaths,age-adjusted rate
1992,A,Asian or Pacific Islander,45,54,All Origins,666,44,ncd_lri,total,8.60464112797402,666,nvss,Deaths,age-adjusted rate
1992,A,Asian or Pacific Islander,55,64,All Origins,666,44,ncd_lri,total,57.4006468013505,666,nvss,Deaths,age-adjusted rate
1992,A,Asian or Pacific Islander,65,74,All Origins,666,44,ncd_lri,total,101.592763967463,666,nvss,Deaths,age-adjusted rate
1992,A,Asian or Pacific Islander,75,84,All Origins,666,44,ncd_lri,total,156.42140533008,666,nvss,Deaths,age-adjusted rate
1992,A,Asian or Pacific Islander,85,150,All Origins,666,44,ncd_lri,total,202.285597752014,666,nvss,Deaths,age-adjusted rate
1992,A,Asian or Pacific Islander,35,44,All Origins,666,44,neo_lung,total,5.413238084938,666,nvss,Deaths,age-adjusted rate
1992,A,Asian or Pacific Islander,65,74,All Origins,666,44,neo_lung,total,29.0265039907038,666,nvss,Deaths,age-adjusted rate
1992,A,Asian or Pacific Islander,25,34,All Origins,666,45,all-cause,overall,10.9777271874819,666,nvss,Deaths,age-adjusted rate
1992,A,Asian or Pacific Islander,35,44,All Origins,666,45,all-cause,overall,3.74340865726375,666,nvss,Deaths,age-adjusted rate
1992,A,Asian or Pacific Islander,45,54,All Origins,666,45,all-cause,overall,29.1639639095933,666,nvss,Deaths,age-adjusted rate
1992,A,Asian or Pacific Islander,55,64,All Origins,666,45,all-cause,overall,31.703845617025,666,nvss,Deaths,age-adjusted rate
1992,A,Asian or Pacific Islander,65,74,All Origins,666,45,all-cause,overall,45.2296551909939,666,nvss,Deaths,age-adjusted rate
1992,A,Asian or Pacific Islander,75,84,All Origins,666,45,all-cause,overall,180.566991387744,666,nvss,Deaths,age-adjusted rate
1992,A,Asian or Pacific Islander,85,150,All Origins,666,45,all-cause,overall,155.085624943211,666,nvss,Deaths,age-adjusted rate
1992,A,Asian or Pacific Islander,55,64,All Origins,666,45,cvd_ihd,total,6.34076912340499,666,nvss,Deaths,age-adjusted rate
1992,A,Asian or Pacific Islander,75,84,All Origins,666,45,cvd_ihd,total,30.0944985646239,666,nvss,Deaths,age-adjusted rate
1992,A,Asian or Pacific Islander,85,150,All Origins,666,45,cvd_ihd,total,51.6952083144036,666,nvss,Deaths,age-adjusted rate
1992,A,Asian or Pacific Islander,55,64,All Origins,666,45,cvd_stroke,total,6.34076912340499,666,nvss,Deaths,age-adjusted rate
1992,A,Asian or Pacific Islander,25,34,All Origins,666,45,ncd_lri,total,2.74443179687047,666,nvss,Deaths,age-adjusted rate
1992,A,Asian or Pacific Islander,45,54,All Origins,666,45,ncd_lri,total,29.1639639095933,666,nvss,Deaths,age-adjusted rate
1992,A,Asian or Pacific Islander,55,64,All Origins,666,45,ncd_lri,total,19.022307370215,666,nvss,Deaths,age-adjusted rate
1992,A,Asian or Pacific Islander,65,74,All Origins,666,45,ncd_lri,total,45.2296551909939,666,nvss,Deaths,age-adjusted rate
1992,A,Asian or Pacific Islander,75,84,All Origins,666,45,ncd_lri,total,180.566991387744,666,nvss,Deaths,age-adjusted rate
1992,A,Asian or Pacific Islander,85,150,All Origins,666,45,ncd_lri,total,155.085624943211,666,nvss,Deaths,age-adjusted rate
1992,A,Asian or Pacific Islander,65,74,All Origins,666,45,neo_lung,total,11.3074137977485,666,nvss,Deaths,age-adjusted rate
1992,A,Asian or Pacific Islander,75,84,All Origins,666,45,neo_lung,total,30.0944985646239,666,nvss,Deaths,age-adjusted rate
1992,A,Asian or Pacific Islander,55,64,All Origins,666,46,all-cause,overall,74.5717804598741,666,nvss,Deaths,age-adjusted rate
1992,A,Asian or Pacific Islander,65,74,All Origins,666,46,all-cause,overall,227.707919237417,666,nvss,Deaths,age-adjusted rate
1992,A,Asian or Pacific Islander,85,150,All Origins,666,46,all-cause,overall,1550.85624943211,666,nvss,Deaths,age-adjusted rate
1992,A,Asian or Pacific Islander,55,64,All Origins,666,46,ncd_lri,total,74.5717804598741,666,nvss,Deaths,age-adjusted rate
1992,A,Asian or Pacific Islander,65,74,All Origins,666,46,ncd_lri,total,227.707919237417,666,nvss,Deaths,age-adjusted rate
1992,A,Asian or Pacific Islander,85,150,All Origins,666,46,ncd_lri,total,1550.85624943211,666,nvss,Deaths,age-adjusted rate
1992,A,Asian or Pacific Islander,25,34,All Origins,666,47,all-cause,overall,9.19526117508148,666,nvss,Deaths,age-adjusted rate
1992,A,Asian or Pacific Islander,35,44,All Origins,666,47,all-cause,overall,9.83302627794633,666,nvss,Deaths,age-adjusted rate
1992,A,Asian or Pacific Islander,45,54,All Origins,666,47,all-cause,overall,21.759235041746,666,nvss,Deaths,age-adjusted rate
1992,A,Asian or Pacific Islander,55,64,All Origins,666,47,all-cause,overall,34.4080496882461,666,nvss,Deaths,age-adjusted rate
1992,A,Asian or Pacific Islander,65,74,All Origins,666,47,all-cause,overall,169.080417982833,666,nvss,Deaths,age-adjusted rate
1992,A,Asian or Pacific Islander,75,84,All Origins,666,47,all-cause,overall,233.767218708145,666,nvss,Deaths,age-adjusted rate
1992,A,Asian or Pacific Islander,85,150,All Origins,666,47,all-cause,overall,105.740198824916,666,nvss,Deaths,age-adjusted rate
1992,A,Asian or Pacific Islander,35,44,All Origins,666,47,cvd_ihd,total,2.45825656948658,666,nvss,Deaths,age-adjusted rate
1992,A,Asian or Pacific Islander,65,74,All Origins,666,47,cvd_ihd,total,37.5734262184074,666,nvss,Deaths,age-adjusted rate
1992,A,Asian or Pacific Islander,75,84,All Origins,666,47,cvd_ihd,total,63.7546960113123,666,nvss,Deaths,age-adjusted rate
1992,A,Asian or Pacific Islander,45,54,All Origins,666,47,cvd_stroke,total,3.62653917362434,666,nvss,Deaths,age-adjusted rate
1992,A,Asian or Pacific Islander,55,64,All Origins,666,47,cvd_stroke,total,4.91543566974945,666,nvss,Deaths,age-adjusted rate
1992,A,Asian or Pacific Islander,25,34,All Origins,666,47,ncd_lri,total,5.51715670504889,666,nvss,Deaths,age-adjusted rate
1992,A,Asian or Pacific Islander,35,44,All Origins,666,47,ncd_lri,total,4.91651313897316,666,nvss,Deaths,age-adjusted rate
1992,A,Asian or Pacific Islander,45,54,All Origins,666,47,ncd_lri,total,18.1326958681217,666,nvss,Deaths,age-adjusted rate
1992,A,Asian or Pacific Islander,55,64,All Origins,666,47,ncd_lri,total,19.6617426789978,666,nvss,Deaths,age-adjusted rate
1992,A,Asian or Pacific Islander,65,74,All Origins,666,47,ncd_lri,total,131.506991764426,666,nvss,Deaths,age-adjusted rate
1992,A,Asian or Pacific Islander,75,84,All Origins,666,47,ncd_lri,total,212.515653371041,666,nvss,Deaths,age-adjusted rate
1992,A,Asian or Pacific Islander,85,150,All Origins,666,47,ncd_lri,total,105.740198824916,666,nvss,Deaths,age-adjusted rate
1992,A,Asian or Pacific Islander,75,84,All Origins,666,47,neo_lung,total,21.2515653371041,666,nvss,Deaths,age-adjusted rate
1992,A,Asian or Pacific Islander,65,74,All Origins,666,47,resp_copd,total,9.39335655460185,666,nvss,Deaths,age-adjusted rate
1992,A,Asian or Pacific Islander,25,34,All Origins,666,48,all-cause,overall,9.13096652351379,666,nvss,Deaths,age-adjusted rate
1992,A,Asian or Pacific Islander,35,44,All Origins,666,48,all-cause,overall,15.8983912602128,666,nvss,Deaths,age-adjusted rate
1992,A,Asian or Pacific Islander,45,54,All Origins,666,48,all-cause,overall,22.0153059823248,666,nvss,Deaths,age-adjusted rate
1992,A,Asian or Pacific Islander,55,64,All Origins,666,48,all-cause,overall,40.2738046796873,666,nvss,Deaths,age-adjusted rate
1992,A,Asian or Pacific Islander,65,74,All Origins,666,48,all-cause,overall,82.7610347258695,666,nvss,Deaths,age-adjusted rate
1992,A,Asian or Pacific Islander,75,84,All Origins,666,48,all-cause,overall,141.199702947557,666,nvss,Deaths,age-adjusted rate
1992,A,Asian or Pacific Islander,85,150,All Origins,666,48,all-cause,overall,122.65119723101,666,nvss,Deaths,age-adjusted rate
1992,A,Asian or Pacific Islander,35,44,All Origins,666,48,cvd_ihd,total,0.447842007329939,666,nvss,Deaths,age-adjusted rate
1992,A,Asian or Pacific Islander,45,54,All Origins,666,48,cvd_ihd,total,1.08271996634384,666,nvss,Deaths,age-adjusted rate
1992,A,Asian or Pacific Islander,55,64,All Origins,666,48,cvd_ihd,total,2.80980032648981,666,nvss,Deaths,age-adjusted rate
1992,A,Asian or Pacific Islander,65,74,All Origins,666,48,cvd_ihd,total,6.67427699402173,666,nvss,Deaths,age-adjusted rate
1992,A,Asian or Pacific Islander,75,84,All Origins,666,48,cvd_ihd,total,26.3924678406649,666,nvss,Deaths,age-adjusted rate
1992,A,Asian or Pacific Islander,85,150,All Origins,666,48,cvd_ihd,total,16.3534929641347,666,nvss,Deaths,age-adjusted rate
1992,A,Asian or Pacific Islander,45,54,All Origins,666,48,cvd_stroke,total,0.360906655447947,666,nvss,Deaths,age-adjusted rate
1992,A,Asian or Pacific Islander,55,64,All Origins,666,48,cvd_stroke,total,0.468300054414968,666,nvss,Deaths,age-adjusted rate
1992,A,Asian or Pacific Islander,65,74,All Origins,666,48,cvd_stroke,total,1.33485539880435,666,nvss,Deaths,age-adjusted rate
1992,A,Asian or Pacific Islander,75,84,All Origins,666,48,cvd_stroke,total,1.31962339203324,666,nvss,Deaths,age-adjusted rate
1992,A,Asian or Pacific Islander,85,150,All Origins,666,48,cvd_stroke,total,5.45116432137823,666,nvss,Deaths,age-adjusted rate
1992,A,Asian or Pacific Islander,25,34,All Origins,666,48,ncd_lri,total,2.65628117047674,666,nvss,Deaths,age-adjusted rate
1992,A,Asian or Pacific Islander,35,44,All Origins,666,48,ncd_lri,total,9.85252416125865,666,nvss,Deaths,age-adjusted rate
1992,A,Asian or Pacific Islander,45,54,All Origins,666,48,ncd_lri,total,17.6844261169494,666,nvss,Deaths,age-adjusted rate
1992,A,Asian or Pacific Islander,55,64,All Origins,666,48,ncd_lri,total,38.4006044620274,666,nvss,Deaths,age-adjusted rate
1992,A,Asian or Pacific Islander,65,74,All Origins,666,48,ncd_lri,total,76.0867577318478,666,nvss,Deaths,age-adjusted rate
1992,A,Asian or Pacific Islander,75,84,All Origins,666,48,ncd_lri,total,130.642715811291,666,nvss,Deaths,age-adjusted rate
1992,A,Asian or Pacific Islander,85,150,All Origins,666,48,ncd_lri,total,106.297704266876,666,nvss,Deaths,age-adjusted rate
1992,A,Asian or Pacific Islander,35,44,All Origins,666,48,neo_lung,total,0.671763010994908,666,nvss,Deaths,age-adjusted rate
1992,A,Asian or Pacific Islander,45,54,All Origins,666,48,neo_lung,total,1.08271996634384,666,nvss,Deaths,age-adjusted rate
1992,A,Asian or Pacific Islander,55,64,All Origins,666,48,neo_lung,total,2.34150027207484,666,nvss,Deaths,age-adjusted rate
1992,A,Asian or Pacific Islander,65,74,All Origins,666,48,neo_lung,total,4.00456619641304,666,nvss,Deaths,age-adjusted rate
1992,A,Asian or Pacific Islander,75,84,All Origins,666,48,neo_lung,total,14.5158573123657,666,nvss,Deaths,age-adjusted rate
1992,A,Asian or Pacific Islander,85,150,All Origins,666,48,neo_lung,total,5.45116432137823,666,nvss,Deaths,age-adjusted rate
1992,A,Asian or Pacific Islander,35,44,All Origins,666,48,resp_copd,total,0.447842007329939,666,nvss,Deaths,age-adjusted rate
1992,A,Asian or Pacific Islander,45,54,All Origins,666,48,resp_copd,total,0.360906655447947,666,nvss,Deaths,age-adjusted rate
1992,A,Asian or Pacific Islander,55,64,All Origins,666,48,resp_copd,total,1.4049001632449,666,nvss,Deaths,age-adjusted rate
1992,A,Asian or Pacific Islander,65,74,All Origins,666,48,resp_copd,total,3.33713849701087,666,nvss,Deaths,age-adjusted rate
1992,A,Asian or Pacific Islander,75,84,All Origins,666,48,resp_copd,total,3.95887017609973,666,nvss,Deaths,age-adjusted rate
1992,A,Asian or Pacific Islander,85,150,All Origins,666,48,resp_copd,total,5.45116432137823,666,nvss,Deaths,age-adjusted rate
1992,A,Asian or Pacific Islander,35,44,All Origins,666,48,t2_dm,total,0.223921003664969,666,nvss,Deaths,age-adjusted rate
1992,A,Asian or Pacific Islander,45,54,All Origins,666,48,t2_dm,total,0.721813310895894,666,nvss,Deaths,age-adjusted rate
1992,A,Asian or Pacific Islander,55,64,All Origins,666,48,t2_dm,total,1.4049001632449,666,nvss,Deaths,age-adjusted rate
1992,A,Asian or Pacific Islander,65,74,All Origins,666,48,t2_dm,total,2.66971079760869,666,nvss,Deaths,age-adjusted rate
1992,A,Asian or Pacific Islander,75,84,All Origins,666,48,t2_dm,total,5.27849356813298,666,nvss,Deaths,age-adjusted rate
1992,A,Asian or Pacific Islander,85,150,All Origins,666,48,t2_dm,total,2.72558216068912,666,nvss,Deaths,age-adjusted rate
1992,A,Asian or Pacific Islander,35,44,All Origins,666,49,all-cause,overall,16.8163052814413,666,nvss,Deaths,age-adjusted rate
1992,A,Asian or Pacific Islander,45,54,All Origins,666,49,all-cause,overall,20.0497734535841,666,nvss,Deaths,age-adjusted rate
1992,A,Asian or Pacific Islander,55,64,All Origins,666,49,all-cause,overall,60.9777401081324,666,nvss,Deaths,age-adjusted rate
1992,A,Asian or Pacific Islander,65,74,All Origins,666,49,all-cause,overall,108.578215600502,666,nvss,Deaths,age-adjusted rate
1992,A,Asian or Pacific Islander,75,84,All Origins,666,49,all-cause,overall,162.075191064902,666,nvss,Deaths,age-adjusted rate
1992,A,Asian or Pacific Islander,85,150,All Origins,666,49,all-cause,overall,209.575168842177,666,nvss,Deaths,age-adjusted rate
1992,A,Asian or Pacific Islander,65,74,All Origins,666,49,cvd_ihd,total,14.8061203091594,666,nvss,Deaths,age-adjusted rate
1992,A,Asian or Pacific Islander,75,84,All Origins,666,49,cvd_ihd,total,10.8050127376602,666,nvss,Deaths,age-adjusted rate
1992,A,Asian or Pacific Islander,85,150,All Origins,666,49,cvd_ihd,total,27.9433558456236,666,nvss,Deaths,age-adjusted rate
1992,A,Asian or Pacific Islander,65,74,All Origins,666,49,cvd_stroke,total,4.93537343638648,666,nvss,Deaths,age-adjusted rate
1992,A,Asian or Pacific Islander,35,44,All Origins,666,49,ncd_lri,total,8.40815264072065,666,nvss,Deaths,age-adjusted rate
1992,A,Asian or Pacific Islander,45,54,All Origins,666,49,ncd_lri,total,15.0373300901881,666,nvss,Deaths,age-adjusted rate
1992,A,Asian or Pacific Islander,55,64,All Origins,666,49,ncd_lri,total,50.8147834234436,666,nvss,Deaths,age-adjusted rate
1992,A,Asian or Pacific Islander,65,74,All Origins,666,49,ncd_lri,total,103.642842164116,666,nvss,Deaths,age-adjusted rate
1992,A,Asian or Pacific Islander,75,84,All Origins,666,49,ncd_lri,total,129.660152851922,666,nvss,Deaths,age-adjusted rate
1992,A,Asian or Pacific Islander,85,150,All Origins,666,49,ncd_lri,total,181.631812996553,666,nvss,Deaths,age-adjusted rate
1992,A,Asian or Pacific Islander,55,64,All Origins,666,49,neo_lung,total,5.08147834234436,666,nvss,Deaths,age-adjusted rate
1992,A,Asian or Pacific Islander,65,74,All Origins,666,49,neo_lung,total,4.93537343638648,666,nvss,Deaths,age-adjusted rate
1992,A,Asian or Pacific Islander,75,84,All Origins,666,49,neo_lung,total,21.6100254753203,666,nvss,Deaths,age-adjusted rate
1992,A,Asian or Pacific Islander,65,74,All Origins,666,49,resp_copd,total,9.87074687277295,666,nvss,Deaths,age-adjusted rate
1992,A,Asian or Pacific Islander,85,150,All Origins,666,49,resp_copd,total,13.9716779228118,666,nvss,Deaths,age-adjusted rate
1992,A,Asian or Pacific Islander,35,44,All Origins,666,49,t2_dm,total,2.80271754690688,666,nvss,Deaths,age-adjusted rate
1992,A,Asian or Pacific Islander,55,64,All Origins,666,49,t2_dm,total,5.08147834234436,666,nvss,Deaths,age-adjusted rate
1992,A,Asian or Pacific Islander,65,74,All Origins,666,49,t2_dm,total,9.87074687277295,666,nvss,Deaths,age-adjusted rate
1992,A,Asian or Pacific Islander,85,150,All Origins,666,49,t2_dm,total,13.9716779228118,666,nvss,Deaths,age-adjusted rate
1992,A,Asian or Pacific Islander,35,44,All Origins,666,50,all-cause,overall,32.2007271428787,666,nvss,Deaths,age-adjusted rate
1992,A,Asian or Pacific Islander,45,54,All Origins,666,50,all-cause,overall,144.46577836645,666,nvss,Deaths,age-adjusted rate
1992,A,Asian or Pacific Islander,65,74,All Origins,666,50,all-cause,overall,132.070593157702,666,nvss,Deaths,age-adjusted rate
1992,A,Asian or Pacific Islander,75,84,All Origins,666,50,all-cause,overall,498.231142903218,666,nvss,Deaths,age-adjusted rate
1992,A,Asian or Pacific Islander,85,150,All Origins,666,50,all-cause,overall,775.428124716054,666,nvss,Deaths,age-adjusted rate
1992,A,Asian or Pacific Islander,45,54,All Origins,666,50,ncd_lri,total,96.3105189109664,666,nvss,Deaths,age-adjusted rate
1992,A,Asian or Pacific Islander,65,74,All Origins,666,50,ncd_lri,total,132.070593157702,666,nvss,Deaths,age-adjusted rate
1992,A,Asian or Pacific Islander,75,84,All Origins,666,50,ncd_lri,total,498.231142903218,666,nvss,Deaths,age-adjusted rate
1992,A,Asian or Pacific Islander,85,150,All Origins,666,50,ncd_lri,total,775.428124716054,666,nvss,Deaths,age-adjusted rate
1992,A,Asian or Pacific Islander,85,150,All Origins,666,50,neo_lung,total,775.428124716054,666,nvss,Deaths,age-adjusted rate
1992,A,Asian or Pacific Islander,25,34,All Origins,666,51,all-cause,overall,5.14167419941926,666,nvss,Deaths,age-adjusted rate
1992,A,Asian or Pacific Islander,35,44,All Origins,666,51,all-cause,overall,13.4789307815366,666,nvss,Deaths,age-adjusted rate
1992,A,Asian or Pacific Islander,45,54,All Origins,666,51,all-cause,overall,24.1730496606124,666,nvss,Deaths,age-adjusted rate
1992,A,Asian or Pacific Islander,55,64,All Origins,666,51,all-cause,overall,32.4798448163993,666,nvss,Deaths,age-adjusted rate
1992,A,Asian or Pacific Islander,65,74,All Origins,666,51,all-cause,overall,90.3067937477731,666,nvss,Deaths,age-adjusted rate
1992,A,Asian or Pacific Islander,75,84,All Origins,666,51,all-cause,overall,172.069518425338,666,nvss,Deaths,age-adjusted rate
1992,A,Asian or Pacific Islander,85,150,All Origins,666,51,all-cause,overall,173.451027897012,666,nvss,Deaths,age-adjusted rate
1992,A,Asian or Pacific Islander,45,54,All Origins,666,51,cvd_ihd,total,0.63613288580559,666,nvss,Deaths,age-adjusted rate
1992,A,Asian or Pacific Islander,55,64,All Origins,666,51,cvd_ihd,total,0.811996120409983,666,nvss,Deaths,age-adjusted rate
1992,A,Asian or Pacific Islander,65,74,All Origins,666,51,cvd_ihd,total,8.65955556485495,666,nvss,Deaths,age-adjusted rate
1992,A,Asian or Pacific Islander,75,84,All Origins,666,51,cvd_ihd,total,2.56820176754236,666,nvss,Deaths,age-adjusted rate
1992,A,Asian or Pacific Islander,85,150,All Origins,666,51,cvd_ihd,total,30.6090049230021,666,nvss,Deaths,age-adjusted rate
1992,A,Asian or Pacific Islander,45,54,All Origins,666,51,cvd_stroke,total,2.54453154322236,666,nvss,Deaths,age-adjusted rate
1992,A,Asian or Pacific Islander,55,64,All Origins,666,51,cvd_stroke,total,0.811996120409983,666,nvss,Deaths,age-adjusted rate
1992,A,Asian or Pacific Islander,65,74,All Origins,666,51,cvd_stroke,total,3.71123809922355,666,nvss,Deaths,age-adjusted rate
1992,A,Asian or Pacific Islander,75,84,All Origins,666,51,cvd_stroke,total,2.56820176754236,666,nvss,Deaths,age-adjusted rate
1992,A,Asian or Pacific Islander,85,150,All Origins,666,51,cvd_stroke,total,5.10150082050035,666,nvss,Deaths,age-adjusted rate
1992,A,Asian or Pacific Islander,25,34,All Origins,666,51,ncd_lri,total,1.83631221407831,666,nvss,Deaths,age-adjusted rate
1992,A,Asian or Pacific Islander,35,44,All Origins,666,51,ncd_lri,total,8.66502693098778,666,nvss,Deaths,age-adjusted rate
1992,A,Asian or Pacific Islander,45,54,All Origins,666,51,ncd_lri,total,20.9923852315845,666,nvss,Deaths,age-adjusted rate
1992,A,Asian or Pacific Islander,55,64,All Origins,666,51,ncd_lri,total,29.2318603347594,666,nvss,Deaths,age-adjusted rate
1992,A,Asian or Pacific Islander,65,74,All Origins,666,51,ncd_lri,total,86.5955556485495,666,nvss,Deaths,age-adjusted rate
1992,A,Asian or Pacific Islander,75,84,All Origins,666,51,ncd_lri,total,156.660307820084,666,nvss,Deaths,age-adjusted rate
1992,A,Asian or Pacific Islander,85,150,All Origins,666,51,ncd_lri,total,142.84202297401,666,nvss,Deaths,age-adjusted rate
1992,A,Asian or Pacific Islander,35,44,All Origins,666,51,neo_lung,total,0.481390385054877,666,nvss,Deaths,age-adjusted rate
1992,A,Asian or Pacific Islander,45,54,All Origins,666,51,neo_lung,total,1.27226577161118,666,nvss,Deaths,age-adjusted rate
1992,A,Asian or Pacific Islander,55,64,All Origins,666,51,neo_lung,total,4.05998060204992,666,nvss,Deaths,age-adjusted rate
1992,A,Asian or Pacific Islander,65,74,All Origins,666,51,neo_lung,total,9.8966349312628,666,nvss,Deaths,age-adjusted rate
1992,A,Asian or Pacific Islander,75,84,All Origins,666,51,neo_lung,total,12.8410088377118,666,nvss,Deaths,age-adjusted rate
1992,A,Asian or Pacific Islander,85,150,All Origins,666,51,neo_lung,total,5.10150082050035,666,nvss,Deaths,age-adjusted rate
1992,A,Asian or Pacific Islander,55,64,All Origins,666,51,resp_copd,total,1.62399224081997,666,nvss,Deaths,age-adjusted rate
1992,A,Asian or Pacific Islander,65,74,All Origins,666,51,resp_copd,total,4.9483174656314,666,nvss,Deaths,age-adjusted rate
1992,A,Asian or Pacific Islander,75,84,All Origins,666,51,resp_copd,total,5.13640353508473,666,nvss,Deaths,age-adjusted rate
1992,A,Asian or Pacific Islander,45,54,All Origins,666,51,t2_dm,total,0.63613288580559,666,nvss,Deaths,age-adjusted rate
1992,A,Asian or Pacific Islander,75,84,All Origins,666,51,t2_dm,total,10.2728070701695,666,nvss,Deaths,age-adjusted rate
1992,A,Asian or Pacific Islander,85,150,All Origins,666,51,t2_dm,total,10.2030016410007,666,nvss,Deaths,age-adjusted rate
1992,A,Asian or Pacific Islander,25,34,All Origins,666,53,all-cause,overall,6.2931269115922,666,nvss,Deaths,age-adjusted rate
1992,A,Asian or Pacific Islander,35,44,All Origins,666,53,all-cause,overall,20.8251631453375,666,nvss,Deaths,age-adjusted rate
1992,A,Asian or Pacific Islander,45,54,All Origins,666,53,all-cause,overall,33.9985049396351,666,nvss,Deaths,age-adjusted rate
1992,A,Asian or Pacific Islander,55,64,All Origins,666,53,all-cause,overall,62.4772869204649,666,nvss,Deaths,age-adjusted rate
1992,A,Asian or Pacific Islander,65,74,All Origins,666,53,all-cause,overall,118.653164987252,666,nvss,Deaths,age-adjusted rate
1992,A,Asian or Pacific Islander,75,84,All Origins,666,53,all-cause,overall,203.362197892594,666,nvss,Deaths,age-adjusted rate
1992,A,Asian or Pacific Islander,85,150,All Origins,666,53,all-cause,overall,153.130764124599,666,nvss,Deaths,age-adjusted rate
1992,A,Asian or Pacific Islander,35,44,All Origins,666,53,cvd_ihd,total,0.771302338716205,666,nvss,Deaths,age-adjusted rate
1992,A,Asian or Pacific Islander,45,54,All Origins,666,53,cvd_ihd,total,1.67205761998206,666,nvss,Deaths,age-adjusted rate
1992,A,Asian or Pacific Islander,55,64,All Origins,666,53,cvd_ihd,total,3.83632463546714,666,nvss,Deaths,age-adjusted rate
1992,A,Asian or Pacific Islander,65,74,All Origins,666,53,cvd_ihd,total,8.9791584314677,666,nvss,Deaths,age-adjusted rate
1992,A,Asian or Pacific Islander,75,84,All Origins,666,53,cvd_ihd,total,21.3474130384491,666,nvss,Deaths,age-adjusted rate
1992,A,Asian or Pacific Islander,85,150,All Origins,666,53,cvd_ihd,total,9.7743040930595,666,nvss,Deaths,age-adjusted rate
1992,A,Asian or Pacific Islander,45,54,All Origins,666,53,cvd_stroke,total,1.11470507998804,666,nvss,Deaths,age-adjusted rate
1992,A,Asian or Pacific Islander,55,64,All Origins,666,53,cvd_stroke,total,2.74023188247653,666,nvss,Deaths,age-adjusted rate
1992,A,Asian or Pacific Islander,65,74,All Origins,666,53,cvd_stroke,total,2.5654738375622,666,nvss,Deaths,age-adjusted rate
1992,A,Asian or Pacific Islander,75,84,All Origins,666,53,cvd_stroke,total,3.37064416396565,666,nvss,Deaths,age-adjusted rate
1992,A,Asian or Pacific Islander,85,150,All Origins,666,53,cvd_stroke,total,3.25810136435317,666,nvss,Deaths,age-adjusted rate
1992,A,Asian or Pacific Islander,25,34,All Origins,666,53,ncd_lri,total,3.29639981083401,666,nvss,Deaths,age-adjusted rate
1992,A,Asian or Pacific Islander,35,44,All Origins,666,53,ncd_lri,total,15.040395604966,666,nvss,Deaths,age-adjusted rate
1992,A,Asian or Pacific Islander,45,54,All Origins,666,53,ncd_lri,total,28.4249795396949,666,nvss,Deaths,age-adjusted rate
1992,A,Asian or Pacific Islander,55,64,All Origins,666,53,ncd_lri,total,60.2851014144837,666,nvss,Deaths,age-adjusted rate
1992,A,Asian or Pacific Islander,65,74,All Origins,666,53,ncd_lri,total,110.315375015175,666,nvss,Deaths,age-adjusted rate
1992,A,Asian or Pacific Islander,75,84,All Origins,666,53,ncd_lri,total,189.879621236731,666,nvss,Deaths,age-adjusted rate
1992,A,Asian or Pacific Islander,85,150,All Origins,666,53,ncd_lri,total,133.58215593848,666,nvss,Deaths,age-adjusted rate
1992,A,Asian or Pacific Islander,25,34,All Origins,666,53,neo_lung,total,0.299672710075819,666,nvss,Deaths,age-adjusted rate
1992,A,Asian or Pacific Islander,35,44,All Origins,666,53,neo_lung,total,0.385651169358102,666,nvss,Deaths,age-adjusted rate
1992,A,Asian or Pacific Islander,45,54,All Origins,666,53,neo_lung,total,2.78676269997009,666,nvss,Deaths,age-adjusted rate
1992,A,Asian or Pacific Islander,55,64,All Origins,666,53,neo_lung,total,6.57655651794367,666,nvss,Deaths,age-adjusted rate
1992,A,Asian or Pacific Islander,65,74,All Origins,666,53,neo_lung,total,12.1860007284205,666,nvss,Deaths,age-adjusted rate
1992,A,Asian or Pacific Islander,75,84,All Origins,666,53,neo_lung,total,14.6061247105178,666,nvss,Deaths,age-adjusted rate
1992,A,Asian or Pacific Islander,85,150,All Origins,666,53,neo_lung,total,1.62905068217658,666,nvss,Deaths,age-adjusted rate
1992,A,Asian or Pacific Islander,45,54,All Origins,666,53,resp_copd,total,1.67205761998206,666,nvss,Deaths,age-adjusted rate
1992,A,Asian or Pacific Islander,55,64,All Origins,666,53,resp_copd,total,1.64413912948592,666,nvss,Deaths,age-adjusted rate
1992,A,Asian or Pacific Islander,65,74,All Origins,666,53,resp_copd,total,4.48957921573385,666,nvss,Deaths,age-adjusted rate
1992,A,Asian or Pacific Islander,75,84,All Origins,666,53,resp_copd,total,6.7412883279313,666,nvss,Deaths,age-adjusted rate
1992,A,Asian or Pacific Islander,85,150,All Origins,666,53,resp_copd,total,6.51620272870633,666,nvss,Deaths,age-adjusted rate
1992,A,Asian or Pacific Islander,35,44,All Origins,666,53,t2_dm,total,0.771302338716205,666,nvss,Deaths,age-adjusted rate
1992,A,Asian or Pacific Islander,45,54,All Origins,666,53,t2_dm,total,0.557352539994018,666,nvss,Deaths,age-adjusted rate
1992,A,Asian or Pacific Islander,55,64,All Origins,666,53,t2_dm,total,2.19218550598122,666,nvss,Deaths,age-adjusted rate
1992,A,Asian or Pacific Islander,65,74,All Origins,666,53,t2_dm,total,7.6964215126866,666,nvss,Deaths,age-adjusted rate
1992,A,Asian or Pacific Islander,75,84,All Origins,666,53,t2_dm,total,5.61774027327608,666,nvss,Deaths,age-adjusted rate
1992,A,Asian or Pacific Islander,85,150,All Origins,666,53,t2_dm,total,1.62905068217658,666,nvss,Deaths,age-adjusted rate
1992,A,Asian or Pacific Islander,45,54,All Origins,666,54,all-cause,overall,48.0266167320937,666,nvss,Deaths,age-adjusted rate
1992,A,Asian or Pacific Islander,55,64,All Origins,666,54,all-cause,overall,37.3657315366393,666,nvss,Deaths,age-adjusted rate
1992,A,Asian or Pacific Islander,65,74,All Origins,666,54,all-cause,overall,304.778291902389,666,nvss,Deaths,age-adjusted rate
1992,A,Asian or Pacific Islander,75,84,All Origins,666,54,all-cause,overall,280.25501788306,666,nvss,Deaths,age-adjusted rate
1992,A,Asian or Pacific Islander,45,54,All Origins,666,54,ncd_lri,total,48.0266167320937,666,nvss,Deaths,age-adjusted rate
1992,A,Asian or Pacific Islander,55,64,All Origins,666,54,ncd_lri,total,37.3657315366393,666,nvss,Deaths,age-adjusted rate
1992,A,Asian or Pacific Islander,65,74,All Origins,666,54,ncd_lri,total,304.778291902389,666,nvss,Deaths,age-adjusted rate
1992,A,Asian or Pacific Islander,75,84,All Origins,666,54,ncd_lri,total,280.25501788306,666,nvss,Deaths,age-adjusted rate
1992,A,Asian or Pacific Islander,45,54,All Origins,666,54,neo_lung,total,12.0066541830234,666,nvss,Deaths,age-adjusted rate
1992,A,Asian or Pacific Islander,55,64,All Origins,666,54,neo_lung,total,18.6828657683196,666,nvss,Deaths,age-adjusted rate
1992,A,Asian or Pacific Islander,75,84,All Origins,666,54,neo_lung,total,93.4183392943535,666,nvss,Deaths,age-adjusted rate
1992,A,Asian or Pacific Islander,65,74,All Origins,666,54,resp_copd,total,50.7963819837316,666,nvss,Deaths,age-adjusted rate
1992,A,Asian or Pacific Islander,25,34,All Origins,666,55,all-cause,overall,4.94393037707726,666,nvss,Deaths,age-adjusted rate
1992,A,Asian or Pacific Islander,35,44,All Origins,666,55,all-cause,overall,24.0909143809685,666,nvss,Deaths,age-adjusted rate
1992,A,Asian or Pacific Islander,45,54,All Origins,666,55,all-cause,overall,32.6634511810448,666,nvss,Deaths,age-adjusted rate
1992,A,Asian or Pacific Islander,55,64,All Origins,666,55,all-cause,overall,59.5048478349891,666,nvss,Deaths,age-adjusted rate
1992,A,Asian or Pacific Islander,65,74,All Origins,666,55,all-cause,overall,77.4932231436643,666,nvss,Deaths,age-adjusted rate
1992,A,Asian or Pacific Islander,75,84,All Origins,666,55,all-cause,overall,231.029897645989,666,nvss,Deaths,age-adjusted rate
1992,A,Asian or Pacific Islander,85,150,All Origins,666,55,all-cause,overall,50.0276209494228,666,nvss,Deaths,age-adjusted rate
1992,A,Asian or Pacific Islander,55,64,All Origins,666,55,cvd_ihd,total,3.71905298968682,666,nvss,Deaths,age-adjusted rate
1992,A,Asian or Pacific Islander,65,74,All Origins,666,55,cvd_ihd,total,11.0704604490949,666,nvss,Deaths,age-adjusted rate
1992,A,Asian or Pacific Islander,75,84,All Origins,666,55,cvd_ihd,total,31.5040769517258,666,nvss,Deaths,age-adjusted rate
1992,A,Asian or Pacific Islander,35,44,All Origins,666,55,cvd_stroke,total,2.19008312554259,666,nvss,Deaths,age-adjusted rate
1992,A,Asian or Pacific Islander,45,54,All Origins,666,55,cvd_stroke,total,3.26634511810448,666,nvss,Deaths,age-adjusted rate
1992,A,Asian or Pacific Islander,75,84,All Origins,666,55,cvd_stroke,total,21.0027179678172,666,nvss,Deaths,age-adjusted rate
1992,A,Asian or Pacific Islander,25,34,All Origins,666,55,ncd_lri,total,2.47196518853863,666,nvss,Deaths,age-adjusted rate
1992,A,Asian or Pacific Islander,35,44,All Origins,666,55,ncd_lri,total,15.3305818787981,666,nvss,Deaths,age-adjusted rate
1992,A,Asian or Pacific Islander,45,54,All Origins,666,55,ncd_lri,total,19.5980707086269,666,nvss,Deaths,age-adjusted rate
1992,A,Asian or Pacific Islander,55,64,All Origins,666,55,ncd_lri,total,48.3476888659286,666,nvss,Deaths,age-adjusted rate
1992,A,Asian or Pacific Islander,65,74,All Origins,666,55,ncd_lri,total,77.4932231436643,666,nvss,Deaths,age-adjusted rate
1992,A,Asian or Pacific Islander,75,84,All Origins,666,55,ncd_lri,total,231.029897645989,666,nvss,Deaths,age-adjusted rate
1992,A,Asian or Pacific Islander,85,150,All Origins,666,55,ncd_lri,total,50.0276209494228,666,nvss,Deaths,age-adjusted rate
1992,A,Asian or Pacific Islander,45,54,All Origins,666,55,neo_lung,total,3.26634511810448,666,nvss,Deaths,age-adjusted rate
1992,A,Asian or Pacific Islander,75,84,All Origins,666,55,neo_lung,total,10.5013589839086,666,nvss,Deaths,age-adjusted rate
1992,A,Asian or Pacific Islander,65,74,All Origins,666,55,t2_dm,total,11.0704604490949,666,nvss,Deaths,age-adjusted rate
1992,A,Asian or Pacific Islander,75,84,All Origins,666,55,t2_dm,total,31.5040769517258,666,nvss,Deaths,age-adjusted rate
1992,A,Asian or Pacific Islander,25,34,All Origins,666,56,all-cause,overall,27.5558802368702,666,nvss,Deaths,age-adjusted rate
1992,A,Asian or Pacific Islander,35,44,All Origins,666,56,all-cause,overall,31.3321140792943,666,nvss,Deaths,age-adjusted rate
1992,A,Asian or Pacific Islander,45,54,All Origins,666,56,all-cause,overall,120.928005807491,666,nvss,Deaths,age-adjusted rate
1992,A,Asian or Pacific Islander,55,64,All Origins,666,56,all-cause,overall,50.4329382300883,666,nvss,Deaths,age-adjusted rate
1992,A,Asian or Pacific Islander,65,74,All Origins,666,56,all-cause,overall,186.014919940425,666,nvss,Deaths,age-adjusted rate
1992,A,Asian or Pacific Islander,75,84,All Origins,666,56,all-cause,overall,179.363211445159,666,nvss,Deaths,age-adjusted rate
1992,A,Asian or Pacific Islander,85,150,All Origins,666,56,all-cause,overall,516.952083144036,666,nvss,Deaths,age-adjusted rate
1992,A,Asian or Pacific Islander,25,34,All Origins,666,56,ncd_lri,total,27.5558802368702,666,nvss,Deaths,age-adjusted rate
1992,A,Asian or Pacific Islander,35,44,All Origins,666,56,ncd_lri,total,31.3321140792943,666,nvss,Deaths,age-adjusted rate
1992,A,Asian or Pacific Islander,45,54,All Origins,666,56,ncd_lri,total,60.4640029037457,666,nvss,Deaths,age-adjusted rate
1992,A,Asian or Pacific Islander,55,64,All Origins,666,56,ncd_lri,total,50.4329382300883,666,nvss,Deaths,age-adjusted rate
1992,A,Asian or Pacific Islander,65,74,All Origins,666,56,ncd_lri,total,186.014919940425,666,nvss,Deaths,age-adjusted rate
1992,A,Asian or Pacific Islander,75,84,All Origins,666,56,ncd_lri,total,179.363211445159,666,nvss,Deaths,age-adjusted rate
1992,A,Asian or Pacific Islander,85,150,All Origins,666,56,ncd_lri,total,516.952083144036,666,nvss,Deaths,age-adjusted rate
1992,A,Black or African American,25,34,All Origins,1,29,all-cause,overall,694.298640456368,666,nvss,Deaths,age-adjusted rate
1992,A,Black or African American,35,44,All Origins,1,29,all-cause,overall,1500.99137370223,666,nvss,Deaths,age-adjusted rate
1992,A,Black or African American,45,54,All Origins,1,29,all-cause,overall,4634.68518658624,666,nvss,Deaths,age-adjusted rate
1992,A,Black or African American,55,64,All Origins,1,29,all-cause,overall,9204.69541234146,666,nvss,Deaths,age-adjusted rate
1992,A,Black or African American,65,74,All Origins,1,29,all-cause,overall,14390.9157245035,666,nvss,Deaths,age-adjusted rate
1992,A,Black or African American,75,84,All Origins,1,29,all-cause,overall,15106.7944948657,666,nvss,Deaths,age-adjusted rate
1992,A,Black or African American,85,150,All Origins,1,29,all-cause,overall,8376.74977617333,666,nvss,Deaths,age-adjusted rate
1992,A,Black or African American,35,44,All Origins,1,29,cvd_ihd,total,54.2527002542973,666,nvss,Deaths,age-adjusted rate
1992,A,Black or African American,45,54,All Origins,1,29,cvd_ihd,total,584.204015115912,666,nvss,Deaths,age-adjusted rate
1992,A,Black or African American,55,64,All Origins,1,29,cvd_ihd,total,1224.02864525817,666,nvss,Deaths,age-adjusted rate
1992,A,Black or African American,65,74,All Origins,1,29,cvd_ihd,total,2063.60300955145,666,nvss,Deaths,age-adjusted rate
1992,A,Black or African American,75,84,All Origins,1,29,cvd_ihd,total,1978.27070766098,666,nvss,Deaths,age-adjusted rate
1992,A,Black or African American,85,150,All Origins,1,29,cvd_ihd,total,1924.38846209387,666,nvss,Deaths,age-adjusted rate
1992,A,Black or African American,25,34,All Origins,1,29,cvd_stroke,total,8.46705659093132,666,nvss,Deaths,age-adjusted rate
1992,A,Black or African American,35,44,All Origins,1,29,cvd_stroke,total,18.0842334180991,666,nvss,Deaths,age-adjusted rate
1992,A,Black or African American,45,54,All Origins,1,29,cvd_stroke,total,116.840803023182,666,nvss,Deaths,age-adjusted rate
1992,A,Black or African American,55,64,All Origins,1,29,cvd_stroke,total,48.961145810327,666,nvss,Deaths,age-adjusted rate
1992,A,Black or African American,65,74,All Origins,1,29,cvd_stroke,total,108.610684713234,666,nvss,Deaths,age-adjusted rate
1992,A,Black or African American,75,84,All Origins,1,29,cvd_stroke,total,239.790388807392,666,nvss,Deaths,age-adjusted rate
1992,A,Black or African American,85,150,All Origins,1,29,cvd_stroke,total,56.5996606498198,666,nvss,Deaths,age-adjusted rate
1992,A,Black or African American,85,150,All Origins,1,29,lri,total,56.5996606498198,666,nvss,Deaths,age-adjusted rate
1992,A,Black or African American,25,34,All Origins,1,29,ncd_lri,total,237.077584546077,666,nvss,Deaths,age-adjusted rate
1992,A,Black or African American,35,44,All Origins,1,29,ncd_lri,total,976.548604577351,666,nvss,Deaths,age-adjusted rate
1992,A,Black or African American,45,54,All Origins,1,29,ncd_lri,total,3894.69343410608,666,nvss,Deaths,age-adjusted rate
1992,A,Black or African American,55,64,All Origins,1,29,ncd_lri,total,8470.27822518656,666,nvss,Deaths,age-adjusted rate
1992,A,Black or African American,65,74,All Origins,1,29,ncd_lri,total,13630.6409315109,666,nvss,Deaths,age-adjusted rate
1992,A,Black or African American,75,84,All Origins,1,29,ncd_lri,total,13727.9997592232,666,nvss,Deaths,age-adjusted rate
1992,A,Black or African American,85,150,All Origins,1,29,ncd_lri,total,7414.5555451264,666,nvss,Deaths,age-adjusted rate
1992,A,Black or African American,35,44,All Origins,1,29,neo_lung,total,72.3369336723964,666,nvss,Deaths,age-adjusted rate
1992,A,Black or African American,45,54,All Origins,1,29,neo_lung,total,623.150949456973,666,nvss,Deaths,age-adjusted rate
1992,A,Black or African American,55,64,All Origins,1,29,neo_lung,total,1664.67895755112,666,nvss,Deaths,age-adjusted rate
1992,A,Black or African American,65,74,All Origins,1,29,neo_lung,total,1574.85492834189,666,nvss,Deaths,age-adjusted rate
1992,A,Black or African American,75,84,All Origins,1,29,neo_lung,total,719.371166422176,666,nvss,Deaths,age-adjusted rate
1992,A,Black or African American,85,150,All Origins,1,29,neo_lung,total,226.398642599279,666,nvss,Deaths,age-adjusted rate
1992,A,Black or African American,35,44,All Origins,1,29,resp_copd,total,18.0842334180991,666,nvss,Deaths,age-adjusted rate
1992,A,Black or African American,45,54,All Origins,1,29,resp_copd,total,38.9469343410608,666,nvss,Deaths,age-adjusted rate
1992,A,Black or African American,55,64,All Origins,1,29,resp_copd,total,342.728020672289,666,nvss,Deaths,age-adjusted rate
1992,A,Black or African American,65,74,All Origins,1,29,resp_copd,total,705.969450636021,666,nvss,Deaths,age-adjusted rate
1992,A,Black or African American,75,84,All Origins,1,29,resp_copd,total,599.47597201848,666,nvss,Deaths,age-adjusted rate
1992,A,Black or African American,85,150,All Origins,1,29,resp_copd,total,169.798981949459,666,nvss,Deaths,age-adjusted rate
1992,A,Black or African American,25,34,All Origins,1,29,t2_dm,total,16.9341131818626,666,nvss,Deaths,age-adjusted rate
1992,A,Black or African American,35,44,All Origins,1,29,t2_dm,total,54.2527002542973,666,nvss,Deaths,age-adjusted rate
1992,A,Black or African American,45,54,All Origins,1,29,t2_dm,total,311.575474728487,666,nvss,Deaths,age-adjusted rate
1992,A,Black or African American,55,64,All Origins,1,29,t2_dm,total,538.572603913596,666,nvss,Deaths,age-adjusted rate
1992,A,Black or African American,65,74,All Origins,1,29,t2_dm,total,488.748081209553,666,nvss,Deaths,age-adjusted rate
1992,A,Black or African American,75,84,All Origins,1,29,t2_dm,total,599.47597201848,666,nvss,Deaths,age-adjusted rate
1992,A,Black or African American,85,150,All Origins,1,29,t2_dm,total,56.5996606498198,666,nvss,Deaths,age-adjusted rate
1992,A,Black or African American,25,34,All Origins,1,37,all-cause,overall,40487.324056278,666,nvss,Deaths,age-adjusted rate
1992,A,Black or African American,35,44,All Origins,1,37,all-cause,overall,89743.8712803334,666,nvss,Deaths,age-adjusted rate
1992,A,Black or African American,45,54,All Origins,1,37,all-cause,overall,186346.116456077,666,nvss,Deaths,age-adjusted rate
1992,A,Black or African American,55,64,All Origins,1,37,all-cause,overall,309164.093520029,666,nvss,Deaths,age-adjusted rate
1992,A,Black or African American,65,74,All Origins,1,37,all-cause,overall,324112.166991387,666,nvss,Deaths,age-adjusted rate
1992,A,Black or African American,75,84,All Origins,1,37,all-cause,overall,745780.112256787,666,nvss,Deaths,age-adjusted rate
1992,A,Black or African American,85,150,All Origins,1,37,all-cause,overall,127461.160860262,666,nvss,Deaths,age-adjusted rate
1992,A,Black or African American,35,44,All Origins,1,37,cvd_ihd,total,4602.24980924787,666,nvss,Deaths,age-adjusted rate
1992,A,Black or African American,45,54,All Origins,1,37,cvd_ihd,total,18937.6134609835,666,nvss,Deaths,age-adjusted rate
1992,A,Black or African American,55,64,All Origins,1,37,cvd_ihd,total,30347.3956829476,666,nvss,Deaths,age-adjusted rate
1992,A,Black or African American,65,74,All Origins,1,37,cvd_ihd,total,39755.9622712928,666,nvss,Deaths,age-adjusted rate
1992,A,Black or African American,75,84,All Origins,1,37,cvd_ihd,total,77716.5648043144,666,nvss,Deaths,age-adjusted rate
1992,A,Black or African American,85,150,All Origins,1,37,cvd_ihd,total,15993.2255071812,666,nvss,Deaths,age-adjusted rate
1992,A,Black or African American,25,34,All Origins,1,37,cvd_stroke,total,231.356137464445,666,nvss,Deaths,age-adjusted rate
1992,A,Black or African American,35,44,All Origins,1,37,cvd_stroke,total,1534.08326974929,666,nvss,Deaths,age-adjusted rate
1992,A,Black or African American,45,54,All Origins,1,37,cvd_stroke,total,3787.52269219669,666,nvss,Deaths,age-adjusted rate
1992,A,Black or African American,55,64,All Origins,1,37,cvd_stroke,total,6638.49280564479,666,nvss,Deaths,age-adjusted rate
1992,A,Black or African American,65,74,All Origins,1,37,cvd_stroke,total,2695.31947601985,666,nvss,Deaths,age-adjusted rate
1992,A,Black or African American,75,84,All Origins,1,37,cvd_stroke,total,14945.4932315989,666,nvss,Deaths,age-adjusted rate
1992,A,Black or African American,85,150,All Origins,1,37,cvd_stroke,total,1453.92959156193,666,nvss,Deaths,age-adjusted rate
1992,A,Black or African American,45,54,All Origins,1,37,lri,total,757.504538439338,666,nvss,Deaths,age-adjusted rate
1992,A,Black or African American,25,34,All Origins,1,37,ncd_lri,total,21978.8330591223,666,nvss,Deaths,age-adjusted rate
1992,A,Black or African American,35,44,All Origins,1,37,ncd_lri,total,67116.1430515314,666,nvss,Deaths,age-adjusted rate
1992,A,Black or African American,45,54,All Origins,1,37,ncd_lri,total,159833.4576107,666,nvss,Deaths,age-adjusted rate
1992,A,Black or African American,55,64,All Origins,1,37,ncd_lri,total,289248.615103094,666,nvss,Deaths,age-adjusted rate
1992,A,Black or African American,65,74,All Origins,1,37,ncd_lri,total,305244.930659248,666,nvss,Deaths,age-adjusted rate
1992,A,Black or African American,75,84,All Origins,1,37,ncd_lri,total,691976.33662303,666,nvss,Deaths,age-adjusted rate
1992,A,Black or African American,85,150,All Origins,1,37,ncd_lri,total,109044.719367144,666,nvss,Deaths,age-adjusted rate
1992,A,Black or African American,25,34,All Origins,1,37,neo_lung,total,231.356137464445,666,nvss,Deaths,age-adjusted rate
1992,A,Black or African American,35,44,All Origins,1,37,neo_lung,total,2684.64572206126,666,nvss,Deaths,age-adjusted rate
1992,A,Black or African American,45,54,All Origins,1,37,neo_lung,total,14392.5862303474,666,nvss,Deaths,age-adjusted rate
1992,A,Black or African American,55,64,All Origins,1,37,neo_lung,total,39830.9568338687,666,nvss,Deaths,age-adjusted rate
1992,A,Black or African American,65,74,All Origins,1,37,neo_lung,total,28300.8544982084,666,nvss,Deaths,age-adjusted rate
1992,A,Black or African American,75,84,All Origins,1,37,neo_lung,total,28396.437140038,666,nvss,Deaths,age-adjusted rate
1992,A,Black or African American,85,150,All Origins,1,37,neo_lung,total,1938.57278874923,666,nvss,Deaths,age-adjusted rate
1992,A,Black or African American,25,34,All Origins,1,37,resp_copd,total,231.356137464445,666,nvss,Deaths,age-adjusted rate
1992,A,Black or African American,45,54,All Origins,1,37,resp_copd,total,757.504538439338,666,nvss,Deaths,age-adjusted rate
1992,A,Black or African American,55,64,All Origins,1,37,resp_copd,total,7586.8489207369,666,nvss,Deaths,age-adjusted rate
1992,A,Black or African American,65,74,All Origins,1,37,resp_copd,total,5390.6389520397,666,nvss,Deaths,age-adjusted rate
1992,A,Black or African American,75,84,All Origins,1,37,resp_copd,total,23912.7891705583,666,nvss,Deaths,age-adjusted rate
1992,A,Black or African American,85,150,All Origins,1,37,resp_copd,total,1453.92959156193,666,nvss,Deaths,age-adjusted rate
1992,A,Black or African American,25,34,All Origins,1,37,t2_dm,total,462.712274928891,666,nvss,Deaths,age-adjusted rate
1992,A,Black or African American,35,44,All Origins,1,37,t2_dm,total,2684.64572206126,666,nvss,Deaths,age-adjusted rate
1992,A,Black or African American,45,54,All Origins,1,37,t2_dm,total,3030.01815375735,666,nvss,Deaths,age-adjusted rate
1992,A,Black or African American,55,64,All Origins,1,37,t2_dm,total,16122.0539565659,666,nvss,Deaths,age-adjusted rate
1992,A,Black or African American,65,74,All Origins,1,37,t2_dm,total,16845.7467251241,666,nvss,Deaths,age-adjusted rate
1992,A,Black or African American,75,84,All Origins,1,37,t2_dm,total,34374.6344326775,666,nvss,Deaths,age-adjusted rate
1992,A,Black or African American,85,150,All Origins,1,37,t2_dm,total,5331.07516906039,666,nvss,Deaths,age-adjusted rate
1992,A,Black or African American,25,34,All Origins,1,48,all-cause,overall,555104.022368759,666,nvss,Deaths,age-adjusted rate
1992,A,Black or African American,35,44,All Origins,1,48,all-cause,overall,4639571.33260493,666,nvss,Deaths,age-adjusted rate
1992,A,Black or African American,45,54,All Origins,1,48,all-cause,overall,3110829.76030289,666,nvss,Deaths,age-adjusted rate
1992,A,Black or African American,55,64,All Origins,1,48,all-cause,overall,15737535.3335262,666,nvss,Deaths,age-adjusted rate
1992,A,Black or African American,65,74,All Origins,1,48,all-cause,overall,4320595.12631513,666,nvss,Deaths,age-adjusted rate
1992,A,Black or African American,75,84,All Origins,1,48,all-cause,overall,12764681.8811804,666,nvss,Deaths,age-adjusted rate
1992,A,Black or African American,25,34,All Origins,1,48,cvd_ihd,total,5272.35842141291,666,nvss,Deaths,age-adjusted rate
1992,A,Black or African American,35,44,All Origins,1,48,cvd_ihd,total,203267.090146985,666,nvss,Deaths,age-adjusted rate
1992,A,Black or African American,45,54,All Origins,1,48,cvd_ihd,total,266459.102275686,666,nvss,Deaths,age-adjusted rate
1992,A,Black or African American,55,64,All Origins,1,48,cvd_ihd,total,1199673.51814822,666,nvss,Deaths,age-adjusted rate
1992,A,Black or African American,65,74,All Origins,1,48,cvd_ihd,total,339610.097264945,666,nvss,Deaths,age-adjusted rate
1992,A,Black or African American,75,84,All Origins,1,48,cvd_ihd,total,1360171.02012578,666,nvss,Deaths,age-adjusted rate
1992,A,Black or African American,25,34,All Origins,1,48,cvd_stroke,total,3012.77624080738,666,nvss,Deaths,age-adjusted rate
1992,A,Black or African American,35,44,All Origins,1,48,cvd_stroke,total,50816.7725367463,666,nvss,Deaths,age-adjusted rate
1992,A,Black or African American,45,54,All Origins,1,48,cvd_stroke,total,67417.3632263785,666,nvss,Deaths,age-adjusted rate
1992,A,Black or African American,55,64,All Origins,1,48,cvd_stroke,total,152685.720491592,666,nvss,Deaths,age-adjusted rate
1992,A,Black or African American,65,74,All Origins,1,48,cvd_stroke,total,51884.8759710332,666,nvss,Deaths,age-adjusted rate
1992,A,Black or African American,75,84,All Origins,1,48,cvd_stroke,total,186836.678588707,666,nvss,Deaths,age-adjusted rate
1992,A,Black or African American,55,64,All Origins,1,48,lri,total,10906.1228922566,666,nvss,Deaths,age-adjusted rate
1992,A,Black or African American,25,34,All Origins,1,48,ncd_lri,total,289226.519117508,666,nvss,Deaths,age-adjusted rate
1992,A,Black or African American,35,44,All Origins,1,48,ncd_lri,total,3303090.21488851,666,nvss,Deaths,age-adjusted rate
1992,A,Black or African American,45,54,All Origins,1,48,ncd_lri,total,2693484.17842531,666,nvss,Deaths,age-adjusted rate
1992,A,Black or African American,55,64,All Origins,1,48,ncd_lri,total,14636016.9214083,666,nvss,Deaths,age-adjusted rate
1992,A,Black or African American,65,74,All Origins,1,48,ncd_lri,total,4105980.41207131,666,nvss,Deaths,age-adjusted rate
1992,A,Black or African American,75,84,All Origins,1,48,ncd_lri,total,11897759.6925288,666,nvss,Deaths,age-adjusted rate
1992,A,Black or African American,25,34,All Origins,1,48,neo_lung,total,3765.97030100922,666,nvss,Deaths,age-adjusted rate
1992,A,Black or African American,35,44,All Origins,1,48,neo_lung,total,147368.640356564,666,nvss,Deaths,age-adjusted rate
1992,A,Black or African American,45,54,All Origins,1,48,neo_lung,total,288931.556684479,666,nvss,Deaths,age-adjusted rate
1992,A,Black or African American,55,64,All Origins,1,48,neo_lung,total,1864947.01457587,666,nvss,Deaths,age-adjusted rate
1992,A,Black or African American,65,74,All Origins,1,48,neo_lung,total,464605.48028607,666,nvss,Deaths,age-adjusted rate
1992,A,Black or African American,75,84,All Origins,1,48,neo_lung,total,807134.451503213,666,nvss,Deaths,age-adjusted rate
1992,A,Black or African American,25,34,All Origins,1,48,resp_copd,total,3012.77624080738,666,nvss,Deaths,age-adjusted rate
1992,A,Black or African American,35,44,All Origins,1,48,resp_copd,total,45735.0952830717,666,nvss,Deaths,age-adjusted rate
1992,A,Black or African American,45,54,All Origins,1,48,resp_copd,total,28893.1556684479,666,nvss,Deaths,age-adjusted rate
1992,A,Black or African American,55,64,All Origins,1,48,resp_copd,total,348995.93255221,666,nvss,Deaths,age-adjusted rate
1992,A,Black or African American,65,74,All Origins,1,48,resp_copd,total,136787.400287269,666,nvss,Deaths,age-adjusted rate
1992,A,Black or African American,75,84,All Origins,1,48,resp_copd,total,373673.357177413,666,nvss,Deaths,age-adjusted rate
1992,A,Black or African American,25,34,All Origins,1,48,t2_dm,total,4519.16436121106,666,nvss,Deaths,age-adjusted rate
1992,A,Black or African American,35,44,All Origins,1,48,t2_dm,total,66061.8042977702,666,nvss,Deaths,age-adjusted rate
1992,A,Black or African American,45,54,All Origins,1,48,t2_dm,total,105941.570784309,666,nvss,Deaths,age-adjusted rate
1992,A,Black or African American,55,64,All Origins,1,48,t2_dm,total,861583.708488269,666,nvss,Deaths,age-adjusted rate
1992,A,Black or African American,65,74,All Origins,1,48,t2_dm,total,216973.117697048,666,nvss,Deaths,age-adjusted rate
1992,A,Black or African American,75,84,All Origins,1,48,t2_dm,total,433461.094325799,666,nvss,Deaths,age-adjusted rate
1992,A,Black or African American,25,34,All Origins,1,51,all-cause,overall,238869.974195956,666,nvss,Deaths,age-adjusted rate
1992,A,Black or African American,35,44,All Origins,1,51,all-cause,overall,94686.4329912668,666,nvss,Deaths,age-adjusted rate
1992,A,Black or African American,45,54,All Origins,1,51,all-cause,overall,278862.690978425,666,nvss,Deaths,age-adjusted rate
1992,A,Black or African American,55,64,All Origins,1,51,all-cause,overall,255284.05011122,666,nvss,Deaths,age-adjusted rate
1992,A,Black or African American,65,74,All Origins,1,51,all-cause,overall,333271.899581018,666,nvss,Deaths,age-adjusted rate
1992,A,Black or African American,75,84,All Origins,1,51,all-cause,overall,472696.752486777,666,nvss,Deaths,age-adjusted rate
1992,A,Black or African American,85,150,All Origins,1,51,all-cause,overall,128376.439200004,666,nvss,Deaths,age-adjusted rate
1992,A,Black or African American,35,44,All Origins,1,51,cvd_ihd,total,2058.40071720145,666,nvss,Deaths,age-adjusted rate
1992,A,Black or African American,45,54,All Origins,1,51,cvd_ihd,total,15322.1258779355,666,nvss,Deaths,age-adjusted rate
1992,A,Black or African American,55,64,All Origins,1,51,cvd_ihd,total,22620.1057060575,666,nvss,Deaths,age-adjusted rate
1992,A,Black or African American,65,74,All Origins,1,51,cvd_ihd,total,29922.2448540233,666,nvss,Deaths,age-adjusted rate
1992,A,Black or African American,75,84,All Origins,1,51,cvd_ihd,total,37367.3322123935,666,nvss,Deaths,age-adjusted rate
1992,A,Black or African American,85,150,All Origins,1,51,cvd_ihd,total,12923.8026040272,666,nvss,Deaths,age-adjusted rate
1992,A,Black or African American,45,54,All Origins,1,51,cvd_stroke,total,3064.42517558709,666,nvss,Deaths,age-adjusted rate
1992,A,Black or African American,55,64,All Origins,1,51,cvd_stroke,total,1615.72183614696,666,nvss,Deaths,age-adjusted rate
1992,A,Black or African American,65,74,All Origins,1,51,cvd_stroke,total,3095.40464007138,666,nvss,Deaths,age-adjusted rate
1992,A,Black or African American,75,84,All Origins,1,51,cvd_stroke,total,5605.09983185902,666,nvss,Deaths,age-adjusted rate
1992,A,Black or African American,85,150,All Origins,1,51,cvd_stroke,total,1723.17368053696,666,nvss,Deaths,age-adjusted rate
1992,A,Black or African American,25,34,All Origins,1,51,ncd_lri,total,112979.041849439,666,nvss,Deaths,age-adjusted rate
1992,A,Black or African American,35,44,All Origins,1,51,ncd_lri,total,65868.8229504465,666,nvss,Deaths,age-adjusted rate
1992,A,Black or African American,45,54,All Origins,1,51,ncd_lri,total,245154.014046967,666,nvss,Deaths,age-adjusted rate
1992,A,Black or African American,55,64,All Origins,1,51,ncd_lri,total,239126.83174975,666,nvss,Deaths,age-adjusted rate
1992,A,Black or African American,65,74,All Origins,1,51,ncd_lri,total,318826.677927352,666,nvss,Deaths,age-adjusted rate
1992,A,Black or African American,75,84,All Origins,1,51,ncd_lri,total,437197.786885004,666,nvss,Deaths,age-adjusted rate
1992,A,Black or African American,85,150,All Origins,1,51,ncd_lri,total,116314.223436245,666,nvss,Deaths,age-adjusted rate
1992,A,Black or African American,35,44,All Origins,1,51,neo_lung,total,2058.40071720145,666,nvss,Deaths,age-adjusted rate
1992,A,Black or African American,45,54,All Origins,1,51,neo_lung,total,24515.4014046967,666,nvss,Deaths,age-adjusted rate
1992,A,Black or African American,55,64,All Origins,1,51,neo_lung,total,29082.9930506453,666,nvss,Deaths,age-adjusted rate
1992,A,Black or African American,65,74,All Origins,1,51,neo_lung,total,34049.4510407852,666,nvss,Deaths,age-adjusted rate
1992,A,Black or African American,75,84,All Origins,1,51,neo_lung,total,29893.8657699148,666,nvss,Deaths,age-adjusted rate
1992,A,Black or African American,85,150,All Origins,1,51,neo_lung,total,2584.76052080544,666,nvss,Deaths,age-adjusted rate
1992,A,Black or African American,45,54,All Origins,1,51,resp_copd,total,3064.42517558709,666,nvss,Deaths,age-adjusted rate
1992,A,Black or African American,55,64,All Origins,1,51,resp_copd,total,6462.88734458784,666,nvss,Deaths,age-adjusted rate
1992,A,Black or African American,65,74,All Origins,1,51,resp_copd,total,10318.0154669046,666,nvss,Deaths,age-adjusted rate
1992,A,Black or African American,75,84,All Origins,1,51,resp_copd,total,20552.0327168164,666,nvss,Deaths,age-adjusted rate
1992,A,Black or African American,85,150,All Origins,1,51,resp_copd,total,5169.52104161088,666,nvss,Deaths,age-adjusted rate
1992,A,Black or African American,25,34,All Origins,1,51,t2_dm,total,3227.97262426968,666,nvss,Deaths,age-adjusted rate
1992,A,Black or African American,35,44,All Origins,1,51,t2_dm,total,2058.40071720145,666,nvss,Deaths,age-adjusted rate
1992,A,Black or African American,55,64,All Origins,1,51,t2_dm,total,14541.4965253227,666,nvss,Deaths,age-adjusted rate
1992,A,Black or African American,65,74,All Origins,1,51,t2_dm,total,14445.2216536664,666,nvss,Deaths,age-adjusted rate
1992,A,Black or African American,75,84,All Origins,1,51,t2_dm,total,22420.3993274361,666,nvss,Deaths,age-adjusted rate
1992,A,Black or African American,85,150,All Origins,1,51,t2_dm,total,861.58684026848,666,nvss,Deaths,age-adjusted rate
1992,A,Black or African American,25,34,All Origins,1,55,all-cause,overall,1474377.37183501,666,nvss,Deaths,age-adjusted rate
1992,A,Black or African American,35,44,All Origins,1,55,all-cause,overall,619182.828179847,666,nvss,Deaths,age-adjusted rate
1992,A,Black or African American,45,54,All Origins,1,55,all-cause,overall,1847235.75247304,666,nvss,Deaths,age-adjusted rate
1992,A,Black or African American,55,64,All Origins,1,55,all-cause,overall,770699.351155219,666,nvss,Deaths,age-adjusted rate
1992,A,Black or African American,75,84,All Origins,1,55,all-cause,overall,1031338.46564267,666,nvss,Deaths,age-adjusted rate
1992,A,Black or African American,25,34,All Origins,1,55,cvd_ihd,total,50840.5990287934,666,nvss,Deaths,age-adjusted rate
1992,A,Black or African American,35,44,All Origins,1,55,cvd_ihd,total,25017.4880072665,666,nvss,Deaths,age-adjusted rate
1992,A,Black or African American,45,54,All Origins,1,55,cvd_ihd,total,107867.781166309,666,nvss,Deaths,age-adjusted rate
1992,A,Black or African American,55,64,All Origins,1,55,cvd_ihd,total,53318.8230358956,666,nvss,Deaths,age-adjusted rate
1992,A,Black or African American,75,84,All Origins,1,55,cvd_ihd,total,100891.806421565,666,nvss,Deaths,age-adjusted rate
1992,A,Black or African American,25,34,All Origins,1,55,cvd_stroke,total,16946.8663429311,666,nvss,Deaths,age-adjusted rate
1992,A,Black or African American,35,44,All Origins,1,55,cvd_stroke,total,12508.7440036333,666,nvss,Deaths,age-adjusted rate
1992,A,Black or African American,45,54,All Origins,1,55,cvd_stroke,total,13483.4726457886,666,nvss,Deaths,age-adjusted rate
1992,A,Black or African American,55,64,All Origins,1,55,cvd_stroke,total,4847.16573053597,666,nvss,Deaths,age-adjusted rate
1992,A,Black or African American,75,84,All Origins,1,55,cvd_stroke,total,16815.3010702609,666,nvss,Deaths,age-adjusted rate
1992,A,Black or African American,25,34,All Origins,1,55,ncd_lri,total,711768.386403107,666,nvss,Deaths,age-adjusted rate
1992,A,Black or African American,35,44,All Origins,1,55,ncd_lri,total,456569.156132615,666,nvss,Deaths,age-adjusted rate
1992,A,Black or African American,45,54,All Origins,1,55,ncd_lri,total,1523632.40897412,666,nvss,Deaths,age-adjusted rate
1992,A,Black or African American,55,64,All Origins,1,55,ncd_lri,total,707686.196658251,666,nvss,Deaths,age-adjusted rate
1992,A,Black or African American,75,84,All Origins,1,55,ncd_lri,total,952867.060648117,666,nvss,Deaths,age-adjusted rate
1992,A,Black or African American,35,44,All Origins,1,55,neo_lung,total,25017.4880072665,666,nvss,Deaths,age-adjusted rate
1992,A,Black or African American,45,54,All Origins,1,55,neo_lung,total,175285.144395252,666,nvss,Deaths,age-adjusted rate
1992,A,Black or African American,55,64,All Origins,1,55,neo_lung,total,111484.811802327,666,nvss,Deaths,age-adjusted rate
1992,A,Black or African American,75,84,All Origins,1,55,neo_lung,total,78471.4049945508,666,nvss,Deaths,age-adjusted rate
1992,A,Black or African American,25,34,All Origins,1,55,resp_copd,total,16946.8663429311,666,nvss,Deaths,age-adjusted rate
1992,A,Black or African American,35,44,All Origins,1,55,resp_copd,total,25017.4880072665,666,nvss,Deaths,age-adjusted rate
1992,A,Black or African American,45,54,All Origins,1,55,resp_copd,total,26966.9452915773,666,nvss,Deaths,age-adjusted rate
1992,A,Black or African American,55,64,All Origins,1,55,resp_copd,total,19388.6629221439,666,nvss,Deaths,age-adjusted rate
1992,A,Black or African American,75,84,All Origins,1,55,resp_copd,total,44840.802854029,666,nvss,Deaths,age-adjusted rate
1992,A,Black or African American,25,34,All Origins,1,55,t2_dm,total,16946.8663429311,666,nvss,Deaths,age-adjusted rate
1992,A,Black or African American,35,44,All Origins,1,55,t2_dm,total,6254.37200181664,666,nvss,Deaths,age-adjusted rate
1992,A,Black or African American,45,54,All Origins,1,55,t2_dm,total,13483.4726457886,666,nvss,Deaths,age-adjusted rate
1992,A,Black or African American,55,64,All Origins,1,55,t2_dm,total,29082.9943832158,666,nvss,Deaths,age-adjusted rate
1992,A,Black or African American,75,84,All Origins,1,55,t2_dm,total,44840.802854029,666,nvss,Deaths,age-adjusted rate
1992,A,Black or African American,25,34,All Origins,2,8,all-cause,overall,73436.4206231128,666,nvss,Deaths,age-adjusted rate
1992,A,Black or African American,35,44,All Origins,2,8,all-cause,overall,174228.933130837,666,nvss,Deaths,age-adjusted rate
1992,A,Black or African American,45,54,All Origins,2,8,all-cause,overall,211883.140672102,666,nvss,Deaths,age-adjusted rate
1992,A,Black or African American,55,64,All Origins,2,8,all-cause,overall,212990.159706513,666,nvss,Deaths,age-adjusted rate
1992,A,Black or African American,65,74,All Origins,2,8,all-cause,overall,838648.249585111,666,nvss,Deaths,age-adjusted rate
1992,A,Black or African American,75,84,All Origins,2,8,all-cause,overall,475312.500856613,666,nvss,Deaths,age-adjusted rate
1992,A,Black or African American,85,150,All Origins,2,8,all-cause,overall,275276.984274199,666,nvss,Deaths,age-adjusted rate
1992,A,Black or African American,35,44,All Origins,2,8,cvd_ihd,total,5807.63110436122,666,nvss,Deaths,age-adjusted rate
1992,A,Black or African American,45,54,All Origins,2,8,cvd_ihd,total,9631.05184873189,666,nvss,Deaths,age-adjusted rate
1992,A,Black or African American,55,64,All Origins,2,8,cvd_ihd,total,15396.8790149287,666,nvss,Deaths,age-adjusted rate
1992,A,Black or African American,65,74,All Origins,2,8,cvd_ihd,total,72638.8247672144,666,nvss,Deaths,age-adjusted rate
1992,A,Black or African American,75,84,All Origins,2,8,cvd_ihd,total,58293.0425578864,666,nvss,Deaths,age-adjusted rate
1992,A,Black or African American,85,150,All Origins,2,8,cvd_ihd,total,42648.546859383,666,nvss,Deaths,age-adjusted rate
1992,A,Black or African American,25,34,All Origins,2,8,cvd_stroke,total,1412.23885813679,666,nvss,Deaths,age-adjusted rate
1992,A,Black or African American,35,44,All Origins,2,8,cvd_stroke,total,2903.81555218061,666,nvss,Deaths,age-adjusted rate
1992,A,Black or African American,45,54,All Origins,2,8,cvd_stroke,total,3210.35061624396,666,nvss,Deaths,age-adjusted rate
1992,A,Black or African American,55,64,All Origins,2,8,cvd_stroke,total,7698.43950746434,666,nvss,Deaths,age-adjusted rate
1992,A,Black or African American,65,74,All Origins,2,8,cvd_stroke,total,13207.0590485844,666,nvss,Deaths,age-adjusted rate
1992,A,Black or African American,75,84,All Origins,2,8,cvd_stroke,total,13452.2405902815,666,nvss,Deaths,age-adjusted rate
1992,A,Black or African American,85,150,All Origins,2,8,cvd_stroke,total,3877.14062358027,666,nvss,Deaths,age-adjusted rate
1992,A,Black or African American,25,34,All Origins,2,8,ncd_lri,total,31069.2548790093,666,nvss,Deaths,age-adjusted rate
1992,A,Black or African American,35,44,All Origins,2,8,ncd_lri,total,121960.253191586,666,nvss,Deaths,age-adjusted rate
1992,A,Black or African American,45,54,All Origins,2,8,ncd_lri,total,163727.881428442,666,nvss,Deaths,age-adjusted rate
1992,A,Black or African American,55,64,All Origins,2,8,ncd_lri,total,200159.427194073,666,nvss,Deaths,age-adjusted rate
1992,A,Black or African American,65,74,All Origins,2,8,ncd_lri,total,799027.072439358,666,nvss,Deaths,age-adjusted rate
1992,A,Black or African American,75,84,All Origins,2,8,ncd_lri,total,421503.538495487,666,nvss,Deaths,age-adjusted rate
1992,A,Black or African American,85,150,All Origins,2,8,ncd_lri,total,232628.437414816,666,nvss,Deaths,age-adjusted rate
1992,A,Black or African American,35,44,All Origins,2,8,neo_lung,total,2903.81555218061,666,nvss,Deaths,age-adjusted rate
1992,A,Black or African American,45,54,All Origins,2,8,neo_lung,total,22472.4543137077,666,nvss,Deaths,age-adjusted rate
1992,A,Black or African American,55,64,All Origins,2,8,neo_lung,total,28227.6115273692,666,nvss,Deaths,age-adjusted rate
1992,A,Black or African American,65,74,All Origins,2,8,neo_lung,total,79242.3542915066,666,nvss,Deaths,age-adjusted rate
1992,A,Black or African American,75,84,All Origins,2,8,neo_lung,total,31388.5613773235,666,nvss,Deaths,age-adjusted rate
1992,A,Black or African American,85,150,All Origins,2,8,neo_lung,total,7754.28124716054,666,nvss,Deaths,age-adjusted rate
1992,A,Black or African American,45,54,All Origins,2,8,resp_copd,total,3210.35061624396,666,nvss,Deaths,age-adjusted rate
1992,A,Black or African American,55,64,All Origins,2,8,resp_copd,total,2566.14650248811,666,nvss,Deaths,age-adjusted rate
1992,A,Black or African American,65,74,All Origins,2,8,resp_copd,total,52828.2361943377,666,nvss,Deaths,age-adjusted rate
1992,A,Black or African American,75,84,All Origins,2,8,resp_copd,total,35872.641574084,666,nvss,Deaths,age-adjusted rate
1992,A,Black or African American,25,34,All Origins,2,8,t2_dm,total,2824.47771627357,666,nvss,Deaths,age-adjusted rate
1992,A,Black or African American,35,44,All Origins,2,8,t2_dm,total,2903.81555218061,666,nvss,Deaths,age-adjusted rate
1992,A,Black or African American,45,54,All Origins,2,8,t2_dm,total,3210.35061624396,666,nvss,Deaths,age-adjusted rate
1992,A,Black or African American,55,64,All Origins,2,8,t2_dm,total,15396.8790149287,666,nvss,Deaths,age-adjusted rate
1992,A,Black or African American,65,74,All Origins,2,8,t2_dm,total,33017.6476214611,666,nvss,Deaths,age-adjusted rate
1992,A,Black or African American,75,84,All Origins,2,8,t2_dm,total,8968.16039352099,666,nvss,Deaths,age-adjusted rate
1992,A,Black or African American,85,150,All Origins,2,8,t2_dm,total,15508.5624943211,666,nvss,Deaths,age-adjusted rate
1992,A,Black or African American,25,34,All Origins,2,12,all-cause,overall,14201.7808885517,666,nvss,Deaths,age-adjusted rate
1992,A,Black or African American,35,44,All Origins,2,12,all-cause,overall,50305.1799022789,666,nvss,Deaths,age-adjusted rate
1992,A,Black or African American,45,54,All Origins,2,12,all-cause,overall,66052.7746240914,666,nvss,Deaths,age-adjusted rate
1992,A,Black or African American,55,64,All Origins,2,12,all-cause,overall,95012.2516445061,666,nvss,Deaths,age-adjusted rate
1992,A,Black or African American,65,74,All Origins,2,12,all-cause,overall,138455.647703892,666,nvss,Deaths,age-adjusted rate
1992,A,Black or African American,75,84,All Origins,2,12,all-cause,overall,81186.1922761473,666,nvss,Deaths,age-adjusted rate
1992,A,Black or African American,85,150,All Origins,2,12,all-cause,overall,27105.3684284572,666,nvss,Deaths,age-adjusted rate
1992,A,Black or African American,25,34,All Origins,2,12,cvd_ihd,total,131.497971190293,666,nvss,Deaths,age-adjusted rate
1992,A,Black or African American,35,44,All Origins,2,12,cvd_ihd,total,1371.95945188033,666,nvss,Deaths,age-adjusted rate
1992,A,Black or African American,45,54,All Origins,2,12,cvd_ihd,total,3551.22444215545,666,nvss,Deaths,age-adjusted rate
1992,A,Black or African American,55,64,All Origins,2,12,cvd_ihd,total,8857.07430584379,666,nvss,Deaths,age-adjusted rate
1992,A,Black or African American,65,74,All Origins,2,12,cvd_ihd,total,23353.9646729457,666,nvss,Deaths,age-adjusted rate
1992,A,Black or African American,75,84,All Origins,2,12,cvd_ihd,total,16729.2759841758,666,nvss,Deaths,age-adjusted rate
1992,A,Black or African American,85,150,All Origins,2,12,cvd_ihd,total,5808.29323466939,666,nvss,Deaths,age-adjusted rate
1992,A,Black or African American,25,34,All Origins,2,12,cvd_stroke,total,131.497971190293,666,nvss,Deaths,age-adjusted rate
1992,A,Black or African American,35,44,All Origins,2,12,cvd_stroke,total,457.319817293445,666,nvss,Deaths,age-adjusted rate
1992,A,Black or African American,45,54,All Origins,2,12,cvd_stroke,total,710.24488843109,666,nvss,Deaths,age-adjusted rate
1992,A,Black or African American,55,64,All Origins,2,12,cvd_stroke,total,805.188573258527,666,nvss,Deaths,age-adjusted rate
1992,A,Black or African American,65,74,All Origins,2,12,cvd_stroke,total,1668.14033378183,666,nvss,Deaths,age-adjusted rate
1992,A,Black or African American,25,34,All Origins,2,12,ncd_lri,total,9073.36001213023,666,nvss,Deaths,age-adjusted rate
1992,A,Black or African American,35,44,All Origins,2,12,ncd_lri,total,38414.8646526493,666,nvss,Deaths,age-adjusted rate
1992,A,Black or African American,45,54,All Origins,2,12,ncd_lri,total,56819.5910744872,666,nvss,Deaths,age-adjusted rate
1992,A,Black or African American,55,64,All Origins,2,12,ncd_lri,total,87765.5544851794,666,nvss,Deaths,age-adjusted rate
1992,A,Black or African American,65,74,All Origins,2,12,ncd_lri,total,131783.086368765,666,nvss,Deaths,age-adjusted rate
1992,A,Black or African American,75,84,All Origins,2,12,ncd_lri,total,78726.0046314156,666,nvss,Deaths,age-adjusted rate
1992,A,Black or African American,85,150,All Origins,2,12,ncd_lri,total,24201.2218111225,666,nvss,Deaths,age-adjusted rate
1992,A,Black or African American,35,44,All Origins,2,12,neo_lung,total,1829.27926917378,666,nvss,Deaths,age-adjusted rate
1992,A,Black or African American,45,54,All Origins,2,12,neo_lung,total,2130.73466529327,666,nvss,Deaths,age-adjusted rate
1992,A,Black or African American,55,64,All Origins,2,12,neo_lung,total,6441.50858606821,666,nvss,Deaths,age-adjusted rate
1992,A,Black or African American,65,74,All Origins,2,12,neo_lung,total,17515.4735047093,666,nvss,Deaths,age-adjusted rate
1992,A,Black or African American,75,84,All Origins,2,12,neo_lung,total,5412.41281840982,666,nvss,Deaths,age-adjusted rate
1992,A,Black or African American,85,150,All Origins,2,12,neo_lung,total,322.682957481633,666,nvss,Deaths,age-adjusted rate
1992,A,Black or African American,25,34,All Origins,2,12,resp_copd,total,131.497971190293,666,nvss,Deaths,age-adjusted rate
1992,A,Black or African American,35,44,All Origins,2,12,resp_copd,total,457.319817293445,666,nvss,Deaths,age-adjusted rate
1992,A,Black or African American,55,64,All Origins,2,12,resp_copd,total,2415.56571977558,666,nvss,Deaths,age-adjusted rate
1992,A,Black or African American,65,74,All Origins,2,12,resp_copd,total,4170.35083445459,666,nvss,Deaths,age-adjusted rate
1992,A,Black or African American,75,84,All Origins,2,12,resp_copd,total,984.075057892695,666,nvss,Deaths,age-adjusted rate
1992,A,Black or African American,85,150,All Origins,2,12,resp_copd,total,322.682957481633,666,nvss,Deaths,age-adjusted rate
1992,A,Black or African American,25,34,All Origins,2,12,t2_dm,total,131.497971190293,666,nvss,Deaths,age-adjusted rate
1992,A,Black or African American,35,44,All Origins,2,12,t2_dm,total,914.639634586889,666,nvss,Deaths,age-adjusted rate
1992,A,Black or African American,55,64,All Origins,2,12,t2_dm,total,8857.07430584379,666,nvss,Deaths,age-adjusted rate
1992,A,Black or African American,65,74,All Origins,2,12,t2_dm,total,5838.49116823642,666,nvss,Deaths,age-adjusted rate
1992,A,Black or African American,75,84,All Origins,2,12,t2_dm,total,3444.26270262443,666,nvss,Deaths,age-adjusted rate
1992,A,Black or African American,85,150,All Origins,2,12,t2_dm,total,968.048872444899,666,nvss,Deaths,age-adjusted rate
1992,A,Black or African American,25,34,All Origins,2,13,all-cause,overall,545.362996657769,666,nvss,Deaths,age-adjusted rate
1992,A,Black or African American,35,44,All Origins,2,13,all-cause,overall,940.608142282507,666,nvss,Deaths,age-adjusted rate
1992,A,Black or African American,45,54,All Origins,2,13,all-cause,overall,970.568271521897,666,nvss,Deaths,age-adjusted rate
1992,A,Black or African American,55,64,All Origins,2,13,all-cause,overall,946.393513678505,666,nvss,Deaths,age-adjusted rate
1992,A,Black or African American,65,74,All Origins,2,13,all-cause,overall,951.89102877142,666,nvss,Deaths,age-adjusted rate
1992,A,Black or African American,75,84,All Origins,2,13,all-cause,overall,1238.41775731579,666,nvss,Deaths,age-adjusted rate
1992,A,Black or African American,85,150,All Origins,2,13,all-cause,overall,621.985156771476,666,nvss,Deaths,age-adjusted rate
1992,A,Black or African American,45,54,All Origins,2,13,cvd_ihd,total,19.4113654304379,666,nvss,Deaths,age-adjusted rate
1992,A,Black or African American,55,64,All Origins,2,13,cvd_ihd,total,71.4259255606419,666,nvss,Deaths,age-adjusted rate
1992,A,Black or African American,65,74,All Origins,2,13,cvd_ihd,total,35.2552232878304,666,nvss,Deaths,age-adjusted rate
1992,A,Black or African American,75,84,All Origins,2,13,cvd_ihd,total,64.0560908956446,666,nvss,Deaths,age-adjusted rate
1992,A,Black or African American,85,150,All Origins,2,13,cvd_ihd,total,62.1985156771476,666,nvss,Deaths,age-adjusted rate
1992,A,Black or African American,35,44,All Origins,2,13,cvd_stroke,total,33.0037944660529,666,nvss,Deaths,age-adjusted rate
1992,A,Black or African American,45,54,All Origins,2,13,cvd_stroke,total,19.4113654304379,666,nvss,Deaths,age-adjusted rate
1992,A,Black or African American,55,64,All Origins,2,13,cvd_stroke,total,17.8564813901605,666,nvss,Deaths,age-adjusted rate
1992,A,Black or African American,35,44,All Origins,2,13,lri,total,16.5018972330264,666,nvss,Deaths,age-adjusted rate
1992,A,Black or African American,25,34,All Origins,2,13,ncd_lri,total,322.2599525705,666,nvss,Deaths,age-adjusted rate
1992,A,Black or African American,35,44,All Origins,2,13,ncd_lri,total,610.570197621978,666,nvss,Deaths,age-adjusted rate
1992,A,Black or African American,45,54,All Origins,2,13,ncd_lri,total,854.100078939269,666,nvss,Deaths,age-adjusted rate
1992,A,Black or African American,55,64,All Origins,2,13,ncd_lri,total,892.824069508023,666,nvss,Deaths,age-adjusted rate
1992,A,Black or African American,65,74,All Origins,2,13,ncd_lri,total,881.380582195759,666,nvss,Deaths,age-adjusted rate
1992,A,Black or African American,75,84,All Origins,2,13,ncd_lri,total,1174.36166642015,666,nvss,Deaths,age-adjusted rate
1992,A,Black or African American,85,150,All Origins,2,13,ncd_lri,total,601.252318212427,666,nvss,Deaths,age-adjusted rate
1992,A,Black or African American,35,44,All Origins,2,13,neo_lung,total,16.5018972330264,666,nvss,Deaths,age-adjusted rate
1992,A,Black or African American,45,54,All Origins,2,13,neo_lung,total,38.8227308608759,666,nvss,Deaths,age-adjusted rate
1992,A,Black or African American,55,64,All Origins,2,13,neo_lung,total,71.4259255606419,666,nvss,Deaths,age-adjusted rate
1992,A,Black or African American,65,74,All Origins,2,13,neo_lung,total,105.765669863491,666,nvss,Deaths,age-adjusted rate
1992,A,Black or African American,75,84,All Origins,2,13,neo_lung,total,106.760151492741,666,nvss,Deaths,age-adjusted rate
1992,A,Black or African American,45,54,All Origins,2,13,resp_copd,total,38.8227308608759,666,nvss,Deaths,age-adjusted rate
1992,A,Black or African American,55,64,All Origins,2,13,resp_copd,total,17.8564813901605,666,nvss,Deaths,age-adjusted rate
1992,A,Black or African American,65,74,All Origins,2,13,resp_copd,total,35.2552232878304,666,nvss,Deaths,age-adjusted rate
1992,A,Black or African American,75,84,All Origins,2,13,resp_copd,total,42.7040605970964,666,nvss,Deaths,age-adjusted rate
1992,A,Black or African American,85,150,All Origins,2,13,resp_copd,total,20.7328385590492,666,nvss,Deaths,age-adjusted rate
1992,A,Black or African American,25,34,All Origins,2,13,t2_dm,total,24.7892271208077,666,nvss,Deaths,age-adjusted rate
1992,A,Black or African American,65,74,All Origins,2,13,t2_dm,total,52.8828349317456,666,nvss,Deaths,age-adjusted rate
1992,A,Black or African American,75,84,All Origins,2,13,t2_dm,total,128.112181791289,666,nvss,Deaths,age-adjusted rate
1992,A,Black or African American,25,34,All Origins,2,17,all-cause,overall,97059.3255822494,666,nvss,Deaths,age-adjusted rate
1992,A,Black or African American,35,44,All Origins,2,17,all-cause,overall,731761.001077862,666,nvss,Deaths,age-adjusted rate
1992,A,Black or African American,45,54,All Origins,2,17,all-cause,overall,292141.909083309,666,nvss,Deaths,age-adjusted rate
1992,A,Black or African American,55,64,All Origins,2,17,all-cause,overall,514145.767996506,666,nvss,Deaths,age-adjusted rate
1992,A,Black or African American,65,74,All Origins,2,17,all-cause,overall,456420.432267055,666,nvss,Deaths,age-adjusted rate
1992,A,Black or African American,75,84,All Origins,2,17,all-cause,overall,2578346.16452416,666,nvss,Deaths,age-adjusted rate
1992,A,Black or African American,85,150,All Origins,2,17,all-cause,overall,348942.656122224,666,nvss,Deaths,age-adjusted rate
1992,A,Black or African American,35,44,All Origins,2,17,cvd_ihd,total,36136.3457322401,666,nvss,Deaths,age-adjusted rate
1992,A,Black or African American,45,54,All Origins,2,17,cvd_ihd,total,9987.75757549773,666,nvss,Deaths,age-adjusted rate
1992,A,Black or African American,55,64,All Origins,2,17,cvd_ihd,total,46740.5243633187,666,nvss,Deaths,age-adjusted rate
1992,A,Black or African American,65,74,All Origins,2,17,cvd_ihd,total,33017.6482916593,666,nvss,Deaths,age-adjusted rate
1992,A,Black or African American,75,84,All Origins,2,17,cvd_ihd,total,291465.218598383,666,nvss,Deaths,age-adjusted rate
1992,A,Black or African American,85,150,All Origins,2,17,cvd_ihd,total,67203.7708087246,666,nvss,Deaths,age-adjusted rate
1992,A,Black or African American,25,34,All Origins,2,17,cvd_stroke,total,1540.62421559126,666,nvss,Deaths,age-adjusted rate
1992,A,Black or African American,35,44,All Origins,2,17,cvd_stroke,total,9034.08643306002,666,nvss,Deaths,age-adjusted rate
1992,A,Black or African American,45,54,All Origins,2,17,cvd_stroke,total,2496.93939387443,666,nvss,Deaths,age-adjusted rate
1992,A,Black or African American,55,64,All Origins,2,17,cvd_stroke,total,6232.06991510916,666,nvss,Deaths,age-adjusted rate
1992,A,Black or African American,65,74,All Origins,2,17,cvd_stroke,total,5826.64381617516,666,nvss,Deaths,age-adjusted rate
1992,A,Black or African American,75,84,All Origins,2,17,cvd_stroke,total,100891.806437902,666,nvss,Deaths,age-adjusted rate
1992,A,Black or African American,85,150,All Origins,2,17,cvd_stroke,total,2584.76041572018,666,nvss,Deaths,age-adjusted rate
1992,A,Black or African American,25,34,All Origins,2,17,ncd_lri,total,38515.6053897815,666,nvss,Deaths,age-adjusted rate
1992,A,Black or African American,35,44,All Origins,2,17,ncd_lri,total,542045.185983601,666,nvss,Deaths,age-adjusted rate
1992,A,Black or African American,45,54,All Origins,2,17,ncd_lri,total,249693.939387443,666,nvss,Deaths,age-adjusted rate
1992,A,Black or African American,55,64,All Origins,2,17,ncd_lri,total,473637.313548296,666,nvss,Deaths,age-adjusted rate
1992,A,Black or African American,65,74,All Origins,2,17,ncd_lri,total,427287.213186179,666,nvss,Deaths,age-adjusted rate
1992,A,Black or African American,75,84,All Origins,2,17,ncd_lri,total,2387772.75236367,666,nvss,Deaths,age-adjusted rate
1992,A,Black or African American,85,150,All Origins,2,17,ncd_lri,total,315340.770717862,666,nvss,Deaths,age-adjusted rate
1992,A,Black or African American,35,44,All Origins,2,17,neo_lung,total,27102.2592991801,666,nvss,Deaths,age-adjusted rate
1992,A,Black or African American,45,54,All Origins,2,17,neo_lung,total,32460.2121203676,666,nvss,Deaths,age-adjusted rate
1992,A,Black or African American,55,64,All Origins,2,17,neo_lung,total,62320.6991510916,666,nvss,Deaths,age-adjusted rate
1992,A,Black or African American,65,74,All Origins,2,17,neo_lung,total,52439.7943455765,666,nvss,Deaths,age-adjusted rate
1992,A,Black or African American,75,84,All Origins,2,17,neo_lung,total,156942.810014514,666,nvss,Deaths,age-adjusted rate
1992,A,Black or African American,85,150,All Origins,2,17,neo_lung,total,15508.5624943211,666,nvss,Deaths,age-adjusted rate
1992,A,Black or African American,25,34,All Origins,2,17,resp_copd,total,1540.62421559126,666,nvss,Deaths,age-adjusted rate
1992,A,Black or African American,35,44,All Origins,2,17,resp_copd,total,9034.08643306002,666,nvss,Deaths,age-adjusted rate
1992,A,Black or African American,45,54,All Origins,2,17,resp_copd,total,2496.93939387443,666,nvss,Deaths,age-adjusted rate
1992,A,Black or African American,55,64,All Origins,2,17,resp_copd,total,9348.10487266374,666,nvss,Deaths,age-adjusted rate
1992,A,Black or African American,65,74,All Origins,2,17,resp_copd,total,17479.9314485255,666,nvss,Deaths,age-adjusted rate
1992,A,Black or African American,75,84,All Origins,2,17,resp_copd,total,44840.8028612897,666,nvss,Deaths,age-adjusted rate
1992,A,Black or African American,85,150,All Origins,2,17,resp_copd,total,12923.8020786009,666,nvss,Deaths,age-adjusted rate
1992,A,Black or African American,35,44,All Origins,2,17,t2_dm,total,27102.2592991801,666,nvss,Deaths,age-adjusted rate
1992,A,Black or African American,45,54,All Origins,2,17,t2_dm,total,19975.5151509955,666,nvss,Deaths,age-adjusted rate
1992,A,Black or African American,55,64,All Origins,2,17,t2_dm,total,28044.3146179912,666,nvss,Deaths,age-adjusted rate
1992,A,Black or African American,65,74,All Origins,2,17,t2_dm,total,21364.3606593089,666,nvss,Deaths,age-adjusted rate
1992,A,Black or African American,75,84,All Origins,2,17,t2_dm,total,134522.408583869,666,nvss,Deaths,age-adjusted rate
1992,A,Black or African American,85,150,All Origins,2,17,t2_dm,total,10339.0416628807,666,nvss,Deaths,age-adjusted rate
1992,A,Black or African American,25,34,All Origins,2,26,all-cause,overall,282441.045854007,666,nvss,Deaths,age-adjusted rate
1992,A,Black or African American,35,44,All Origins,2,26,all-cause,overall,153236.082396674,666,nvss,Deaths,age-adjusted rate
1992,A,Black or African American,45,54,All Origins,2,26,all-cause,overall,390981.600014524,666,nvss,Deaths,age-adjusted rate
1992,A,Black or African American,55,64,All Origins,2,26,all-cause,overall,894317.775183199,666,nvss,Deaths,age-adjusted rate
1992,A,Black or African American,65,74,All Origins,2,26,all-cause,overall,160782.02707591,666,nvss,Deaths,age-adjusted rate
1992,A,Black or African American,35,44,All Origins,2,26,cvd_ihd,total,3127.26698768722,666,nvss,Deaths,age-adjusted rate
1992,A,Black or African American,45,54,All Origins,2,26,cvd_ihd,total,20223.1862076478,666,nvss,Deaths,age-adjusted rate
1992,A,Black or African American,55,64,All Origins,2,26,cvd_ihd,total,43625.2573260097,666,nvss,Deaths,age-adjusted rate
1992,A,Black or African American,65,74,All Origins,2,26,cvd_ihd,total,18662.199571311,666,nvss,Deaths,age-adjusted rate
1992,A,Black or African American,25,34,All Origins,2,26,cvd_stroke,total,11297.6418341603,666,nvss,Deaths,age-adjusted rate
1992,A,Black or African American,35,44,All Origins,2,26,cvd_stroke,total,3127.26698768722,666,nvss,Deaths,age-adjusted rate
1992,A,Black or African American,55,64,All Origins,2,26,cvd_stroke,total,10906.3143315024,666,nvss,Deaths,age-adjusted rate
1992,A,Black or African American,65,74,All Origins,2,26,cvd_stroke,total,2871.10762635554,666,nvss,Deaths,age-adjusted rate
1992,A,Black or African American,25,34,All Origins,2,26,ncd_lri,total,124274.060175763,666,nvss,Deaths,age-adjusted rate
1992,A,Black or African American,35,44,All Origins,2,26,ncd_lri,total,103199.810593678,666,nvss,Deaths,age-adjusted rate
1992,A,Black or African American,45,54,All Origins,2,26,ncd_lri,total,343794.165530013,666,nvss,Deaths,age-adjusted rate
1992,A,Black or African American,55,64,All Origins,2,26,ncd_lri,total,817973.574862682,666,nvss,Deaths,age-adjusted rate
1992,A,Black or African American,65,74,All Origins,2,26,ncd_lri,total,155039.811823199,666,nvss,Deaths,age-adjusted rate
1992,A,Black or African American,35,44,All Origins,2,26,neo_lung,total,3127.26698768722,666,nvss,Deaths,age-adjusted rate
1992,A,Black or African American,45,54,All Origins,2,26,neo_lung,total,53928.4965537275,666,nvss,Deaths,age-adjusted rate
1992,A,Black or African American,55,64,All Origins,2,26,neo_lung,total,141782.086309532,666,nvss,Deaths,age-adjusted rate
1992,A,Black or African American,65,74,All Origins,2,26,neo_lung,total,27275.5224503776,666,nvss,Deaths,age-adjusted rate
1992,A,Black or African American,35,44,All Origins,2,26,resp_copd,total,6254.53397537443,666,nvss,Deaths,age-adjusted rate
1992,A,Black or African American,45,54,All Origins,2,26,resp_copd,total,6741.06206921594,666,nvss,Deaths,age-adjusted rate
1992,A,Black or African American,55,64,All Origins,2,26,resp_copd,total,32718.9429945073,666,nvss,Deaths,age-adjusted rate
1992,A,Black or African American,65,74,All Origins,2,26,resp_copd,total,4306.6614395333,666,nvss,Deaths,age-adjusted rate
1992,A,Black or African American,45,54,All Origins,2,26,t2_dm,total,6741.06206921594,666,nvss,Deaths,age-adjusted rate
1992,A,Black or African American,55,64,All Origins,2,26,t2_dm,total,10906.3143315024,666,nvss,Deaths,age-adjusted rate
1992,A,Black or African American,65,74,All Origins,2,26,t2_dm,total,7177.76906588884,666,nvss,Deaths,age-adjusted rate
1992,A,Black or African American,25,34,All Origins,2,27,all-cause,overall,11297.9028173571,666,nvss,Deaths,age-adjusted rate
1992,A,Black or African American,35,44,All Origins,2,27,all-cause,overall,90058297.6227143,666,nvss,Deaths,age-adjusted rate
1992,A,Black or African American,45,54,All Origins,2,27,all-cause,overall,22472.4544125588,666,nvss,Deaths,age-adjusted rate
1992,A,Black or African American,55,64,All Origins,2,27,all-cause,overall,43624.4915690264,666,nvss,Deaths,age-adjusted rate
1992,A,Black or African American,25,34,All Origins,2,27,ncd_lri,total,11297.9028173571,666,nvss,Deaths,age-adjusted rate
1992,A,Black or African American,35,44,All Origins,2,27,ncd_lri,total,90058297.6227143,666,nvss,Deaths,age-adjusted rate
1992,A,Black or African American,45,54,All Origins,2,27,ncd_lri,total,22472.4544125588,666,nvss,Deaths,age-adjusted rate
1992,A,Black or African American,55,64,All Origins,2,27,ncd_lri,total,43624.4915690264,666,nvss,Deaths,age-adjusted rate
1992,A,Black or African American,25,34,All Origins,2,29,all-cause,overall,300463.360506076,666,nvss,Deaths,age-adjusted rate
1992,A,Black or African American,35,44,All Origins,2,29,all-cause,overall,626849.478629822,666,nvss,Deaths,age-adjusted rate
1992,A,Black or African American,45,54,All Origins,2,29,all-cause,overall,2127392.35445316,666,nvss,Deaths,age-adjusted rate
1992,A,Black or African American,55,64,All Origins,2,29,all-cause,overall,3642645.05004522,666,nvss,Deaths,age-adjusted rate
1992,A,Black or African American,65,74,All Origins,2,29,all-cause,overall,3896082.50246423,666,nvss,Deaths,age-adjusted rate
1992,A,Black or African American,75,84,All Origins,2,29,all-cause,overall,3839493.751372,666,nvss,Deaths,age-adjusted rate
1992,A,Black or African American,85,150,All Origins,2,29,all-cause,overall,787834.975757841,666,nvss,Deaths,age-adjusted rate
1992,A,Black or African American,25,34,All Origins,2,29,cvd_ihd,total,1832.09366162241,666,nvss,Deaths,age-adjusted rate
1992,A,Black or African American,35,44,All Origins,2,29,cvd_ihd,total,28850.8128239667,666,nvss,Deaths,age-adjusted rate
1992,A,Black or African American,45,54,All Origins,2,29,cvd_ihd,total,97380.6359432783,666,nvss,Deaths,age-adjusted rate
1992,A,Black or African American,55,64,All Origins,2,29,cvd_ihd,total,378078.927350003,666,nvss,Deaths,age-adjusted rate
1992,A,Black or African American,65,74,All Origins,2,29,cvd_ihd,total,379702.955748633,666,nvss,Deaths,age-adjusted rate
1992,A,Black or African American,75,84,All Origins,2,29,cvd_ihd,total,560510.036696643,666,nvss,Deaths,age-adjusted rate
1992,A,Black or African American,85,150,All Origins,2,29,cvd_ihd,total,159738.193903657,666,nvss,Deaths,age-adjusted rate
1992,A,Black or African American,25,34,All Origins,2,29,cvd_stroke,total,3664.18732324483,666,nvss,Deaths,age-adjusted rate
1992,A,Black or African American,35,44,All Origins,2,29,cvd_stroke,total,23605.2104923364,666,nvss,Deaths,age-adjusted rate
1992,A,Black or African American,45,54,All Origins,2,29,cvd_stroke,total,22472.4544484488,666,nvss,Deaths,age-adjusted rate
1992,A,Black or African American,55,64,All Origins,2,29,cvd_stroke,total,58165.9888230774,666,nvss,Deaths,age-adjusted rate
1992,A,Black or African American,65,74,All Origins,2,29,cvd_stroke,total,71538.2380395975,666,nvss,Deaths,age-adjusted rate
1992,A,Black or African American,75,84,All Origins,2,29,cvd_stroke,total,61656.1040366308,666,nvss,Deaths,age-adjusted rate
1992,A,Black or African American,85,150,All Origins,2,29,cvd_stroke,total,10855.9937604427,666,nvss,Deaths,age-adjusted rate
1992,A,Black or African American,25,34,All Origins,2,29,lri,total,3664.18732324483,666,nvss,Deaths,age-adjusted rate
1992,A,Black or African American,45,54,All Origins,2,29,lri,total,7490.81814948294,666,nvss,Deaths,age-adjusted rate
1992,A,Black or African American,65,74,All Origins,2,29,lri,total,5502.94138766134,666,nvss,Deaths,age-adjusted rate
1992,A,Black or African American,25,34,All Origins,2,29,ncd_lri,total,131910.743636814,666,nvss,Deaths,age-adjusted rate
1992,A,Black or African American,35,44,All Origins,2,29,ncd_lri,total,422270.98769624,666,nvss,Deaths,age-adjusted rate
1992,A,Black or African American,45,54,All Origins,2,29,ncd_lri,total,1880195.35552022,666,nvss,Deaths,age-adjusted rate
1992,A,Black or African American,55,64,All Origins,2,29,ncd_lri,total,3417251.8433558,666,nvss,Deaths,age-adjusted rate
1992,A,Black or African American,65,74,All Origins,2,29,ncd_lri,total,3664958.96418245,666,nvss,Deaths,age-adjusted rate
1992,A,Black or African American,75,84,All Origins,2,29,ncd_lri,total,3486372.42825312,666,nvss,Deaths,age-adjusted rate
1992,A,Black or African American,85,150,All Origins,2,29,ncd_lri,total,711843.019434742,666,nvss,Deaths,age-adjusted rate
1992,A,Black or African American,25,34,All Origins,2,29,neo_lung,total,1832.09366162241,666,nvss,Deaths,age-adjusted rate
1992,A,Black or African American,35,44,All Origins,2,29,neo_lung,total,10491.2046632606,666,nvss,Deaths,age-adjusted rate
1992,A,Black or African American,45,54,All Origins,2,29,neo_lung,total,239706.180783454,666,nvss,Deaths,age-adjusted rate
1992,A,Black or African American,55,64,All Origins,2,29,neo_lung,total,443515.664775965,666,nvss,Deaths,age-adjusted rate
1992,A,Black or African American,65,74,All Origins,2,29,neo_lung,total,434732.369625246,666,nvss,Deaths,age-adjusted rate
1992,A,Black or African American,75,84,All Origins,2,29,neo_lung,total,252229.516513489,666,nvss,Deaths,age-adjusted rate
1992,A,Black or African American,85,150,All Origins,2,29,neo_lung,total,26364.5562753608,666,nvss,Deaths,age-adjusted rate
1992,A,Black or African American,25,34,All Origins,2,29,resp_copd,total,3664.18732324483,666,nvss,Deaths,age-adjusted rate
1992,A,Black or African American,35,44,All Origins,2,29,resp_copd,total,5245.60233163031,666,nvss,Deaths,age-adjusted rate
1992,A,Black or African American,45,54,All Origins,2,29,resp_copd,total,52435.7270463806,666,nvss,Deaths,age-adjusted rate
1992,A,Black or African American,55,64,All Origins,2,29,resp_copd,total,87248.9832346161,666,nvss,Deaths,age-adjusted rate
1992,A,Black or African American,65,74,All Origins,2,29,resp_copd,total,143076.476079195,666,nvss,Deaths,age-adjusted rate
1992,A,Black or African American,75,84,All Origins,2,29,resp_copd,total,106496.906972362,666,nvss,Deaths,age-adjusted rate
1992,A,Black or African American,85,150,All Origins,2,29,resp_copd,total,12406.8500119345,666,nvss,Deaths,age-adjusted rate
1992,A,Black or African American,25,34,All Origins,2,29,t2_dm,total,7328.37464648966,666,nvss,Deaths,age-adjusted rate
1992,A,Black or African American,35,44,All Origins,2,29,t2_dm,total,10491.2046632606,666,nvss,Deaths,age-adjusted rate
1992,A,Black or African American,45,54,All Origins,2,29,t2_dm,total,52435.7270463806,666,nvss,Deaths,age-adjusted rate
1992,A,Black or African American,55,64,All Origins,2,29,t2_dm,total,145414.972057694,666,nvss,Deaths,age-adjusted rate
1992,A,Black or African American,65,74,All Origins,2,29,t2_dm,total,176094.124405163,666,nvss,Deaths,age-adjusted rate
1992,A,Black or African American,75,84,All Origins,2,29,t2_dm,total,112102.007339329,666,nvss,Deaths,age-adjusted rate
1992,A,Black or African American,85,150,All Origins,2,29,t2_dm,total,15508.5625149181,666,nvss,Deaths,age-adjusted rate
1992,A,Black or African American,25,34,All Origins,2,34,all-cause,overall,382716.734985875,666,nvss,Deaths,age-adjusted rate
1992,A,Black or African American,35,44,All Origins,2,34,all-cause,overall,33091882.2665579,666,nvss,Deaths,age-adjusted rate
1992,A,Black or African American,45,54,All Origins,2,34,all-cause,overall,3018799.73757292,666,nvss,Deaths,age-adjusted rate
1992,A,Black or African American,55,64,All Origins,2,34,all-cause,overall,6096522.76073278,666,nvss,Deaths,age-adjusted rate
1992,A,Black or African American,65,74,All Origins,2,34,all-cause,overall,1297593.59138806,666,nvss,Deaths,age-adjusted rate
1992,A,Black or African American,75,84,All Origins,2,34,all-cause,overall,927644.118925262,666,nvss,Deaths,age-adjusted rate
1992,A,Black or African American,85,150,All Origins,2,34,all-cause,overall,771550.99218716,666,nvss,Deaths,age-adjusted rate
1992,A,Black or African American,35,44,All Origins,2,34,cvd_ihd,total,650454.68828615,666,nvss,Deaths,age-adjusted rate
1992,A,Black or African American,45,54,All Origins,2,34,cvd_ihd,total,104871.454903278,666,nvss,Deaths,age-adjusted rate
1992,A,Black or African American,55,64,All Origins,2,34,cvd_ihd,total,490775.535300492,666,nvss,Deaths,age-adjusted rate
1992,A,Black or African American,65,74,All Origins,2,34,cvd_ihd,total,104005.59320286,666,nvss,Deaths,age-adjusted rate
1992,A,Black or African American,75,84,All Origins,2,34,cvd_ihd,total,110700.73322522,666,nvss,Deaths,age-adjusted rate
1992,A,Black or African American,85,150,All Origins,2,34,cvd_ihd,total,124068.501256227,666,nvss,Deaths,age-adjusted rate
1992,A,Black or African American,25,34,All Origins,2,34,cvd_stroke,total,2824.47774897324,666,nvss,Deaths,age-adjusted rate
1992,A,Black or African American,35,44,All Origins,2,34,cvd_stroke,total,162613.672071537,666,nvss,Deaths,age-adjusted rate
1992,A,Black or African American,45,54,All Origins,2,34,cvd_stroke,total,44944.9092442619,666,nvss,Deaths,age-adjusted rate
1992,A,Black or African American,55,64,All Origins,2,34,cvd_stroke,total,32718.3690200328,666,nvss,Deaths,age-adjusted rate
1992,A,Black or African American,65,74,All Origins,2,34,cvd_stroke,total,26414.1189086628,666,nvss,Deaths,age-adjusted rate
1992,A,Black or African American,75,84,All Origins,2,34,cvd_stroke,total,9808.92572881697,666,nvss,Deaths,age-adjusted rate
1992,A,Black or African American,85,150,All Origins,2,34,cvd_stroke,total,19385.7033212854,666,nvss,Deaths,age-adjusted rate
1992,A,Black or African American,25,34,All Origins,2,34,ncd_lri,total,235843.892039266,666,nvss,Deaths,age-adjusted rate
1992,A,Black or African American,35,44,All Origins,2,34,ncd_lri,total,27156483.2359468,666,nvss,Deaths,age-adjusted rate
1992,A,Black or African American,45,54,All Origins,2,34,ncd_lri,total,2599313.91795981,666,nvss,Deaths,age-adjusted rate
1992,A,Black or African American,55,64,All Origins,2,34,ncd_lri,total,5627559.47144564,666,nvss,Deaths,age-adjusted rate
1992,A,Black or African American,65,74,All Origins,2,34,ncd_lri,total,1234860.05897998,666,nvss,Deaths,age-adjusted rate
1992,A,Black or African American,75,84,All Origins,2,34,ncd_lri,total,864586.73924001,666,nvss,Deaths,age-adjusted rate
1992,A,Black or African American,85,150,All Origins,2,34,ncd_lri,total,709516.741559047,666,nvss,Deaths,age-adjusted rate
1992,A,Black or African American,25,34,All Origins,2,34,neo_lung,total,1412.23887448662,666,nvss,Deaths,age-adjusted rate
1992,A,Black or African American,35,44,All Origins,2,34,neo_lung,total,975682.032429225,666,nvss,Deaths,age-adjusted rate
1992,A,Black or African American,45,54,All Origins,2,34,neo_lung,total,209742.909806556,666,nvss,Deaths,age-adjusted rate
1992,A,Black or African American,55,64,All Origins,2,34,neo_lung,total,599836.765367268,666,nvss,Deaths,age-adjusted rate
1992,A,Black or African American,65,74,All Origins,2,34,neo_lung,total,127117.94724794,666,nvss,Deaths,age-adjusted rate
1992,A,Black or African American,75,84,All Origins,2,34,neo_lung,total,54649.7290605517,666,nvss,Deaths,age-adjusted rate
1992,A,Black or African American,85,150,All Origins,2,34,neo_lung,total,13569.9923248998,666,nvss,Deaths,age-adjusted rate
1992,A,Black or African American,25,34,All Origins,2,34,resp_copd,total,5648.95549794649,666,nvss,Deaths,age-adjusted rate
1992,A,Black or African American,35,44,All Origins,2,34,resp_copd,total,325227.344143075,666,nvss,Deaths,age-adjusted rate
1992,A,Black or African American,45,54,All Origins,2,34,resp_copd,total,29963.2728295079,666,nvss,Deaths,age-adjusted rate
1992,A,Black or African American,55,64,All Origins,2,34,resp_copd,total,76342.8610467432,666,nvss,Deaths,age-adjusted rate
1992,A,Black or African American,65,74,All Origins,2,34,resp_copd,total,57780.8851126998,666,nvss,Deaths,age-adjusted rate
1992,A,Black or African American,75,84,All Origins,2,34,resp_copd,total,26624.2269782175,666,nvss,Deaths,age-adjusted rate
1992,A,Black or African American,85,150,All Origins,2,34,resp_copd,total,23262.8439855425,666,nvss,Deaths,age-adjusted rate
1992,A,Black or African American,25,34,All Origins,2,34,t2_dm,total,1412.23887448662,666,nvss,Deaths,age-adjusted rate
1992,A,Black or African American,35,44,All Origins,2,34,t2_dm,total,487841.016214612,666,nvss,Deaths,age-adjusted rate
1992,A,Black or African American,45,54,All Origins,2,34,t2_dm,total,59926.5456590159,666,nvss,Deaths,age-adjusted rate
1992,A,Black or African American,55,64,All Origins,2,34,t2_dm,total,316277.567193651,666,nvss,Deaths,age-adjusted rate
1992,A,Black or African American,65,74,All Origins,2,34,t2_dm,total,77591.4742941968,666,nvss,Deaths,age-adjusted rate
1992,A,Black or African American,75,84,All Origins,2,34,t2_dm,total,60254.8294770185,666,nvss,Deaths,age-adjusted rate
1992,A,Black or African American,85,150,All Origins,2,34,t2_dm,total,36832.8363104423,666,nvss,Deaths,age-adjusted rate
1992,A,Black or African American,25,34,All Origins,2,37,all-cause,overall,51.142536896809,666,nvss,Deaths,age-adjusted rate
1992,A,Black or African American,35,44,All Origins,2,37,all-cause,overall,105.008829275152,666,nvss,Deaths,age-adjusted rate
1992,A,Black or African American,45,54,All Origins,2,37,all-cause,overall,134.717581340063,666,nvss,Deaths,age-adjusted rate
1992,A,Black or African American,55,64,All Origins,2,37,all-cause,overall,150.785819983434,666,nvss,Deaths,age-adjusted rate
1992,A,Black or African American,65,74,All Origins,2,37,all-cause,overall,172.146238170624,666,nvss,Deaths,age-adjusted rate
1992,A,Black or African American,75,84,All Origins,2,37,all-cause,overall,251.968041231514,666,nvss,Deaths,age-adjusted rate
1992,A,Black or African American,85,150,All Origins,2,37,all-cause,overall,178.723212019368,666,nvss,Deaths,age-adjusted rate
1992,A,Black or African American,35,44,All Origins,2,37,cvd_ihd,total,5.00042044167393,666,nvss,Deaths,age-adjusted rate
1992,A,Black or African American,45,54,All Origins,2,37,cvd_ihd,total,11.7145722904402,666,nvss,Deaths,age-adjusted rate
1992,A,Black or African American,55,64,All Origins,2,37,cvd_ihd,total,8.61633257048193,666,nvss,Deaths,age-adjusted rate
1992,A,Black or African American,65,74,All Origins,2,37,cvd_ihd,total,42.0801915528192,666,nvss,Deaths,age-adjusted rate
1992,A,Black or African American,75,84,All Origins,2,37,cvd_ihd,total,42.7870258695023,666,nvss,Deaths,age-adjusted rate
1992,A,Black or African American,85,150,All Origins,2,37,cvd_ihd,total,28.826324519253,666,nvss,Deaths,age-adjusted rate
1992,A,Black or African American,25,34,All Origins,2,37,cvd_stroke,total,3.93404129975454,666,nvss,Deaths,age-adjusted rate
1992,A,Black or African American,75,84,All Origins,2,37,cvd_stroke,total,4.75411398550026,666,nvss,Deaths,age-adjusted rate
1992,A,Black or African American,25,34,All Origins,2,37,ncd_lri,total,31.4723303980363,666,nvss,Deaths,age-adjusted rate
1992,A,Black or African American,35,44,All Origins,2,37,ncd_lri,total,90.0075679501307,666,nvss,Deaths,age-adjusted rate
1992,A,Black or African American,45,54,All Origins,2,37,ncd_lri,total,117.145722904402,666,nvss,Deaths,age-adjusted rate
1992,A,Black or African American,55,64,All Origins,2,37,ncd_lri,total,137.861321127711,666,nvss,Deaths,age-adjusted rate
1992,A,Black or African American,65,74,All Origins,2,37,ncd_lri,total,164.49529425193,666,nvss,Deaths,age-adjusted rate
1992,A,Black or African American,75,84,All Origins,2,37,ncd_lri,total,237.705699275013,666,nvss,Deaths,age-adjusted rate
1992,A,Black or African American,85,150,All Origins,2,37,ncd_lri,total,161.427417307817,666,nvss,Deaths,age-adjusted rate
1992,A,Black or African American,35,44,All Origins,2,37,neo_lung,total,5.00042044167393,666,nvss,Deaths,age-adjusted rate
1992,A,Black or African American,55,64,All Origins,2,37,neo_lung,total,12.9244988557229,666,nvss,Deaths,age-adjusted rate
1992,A,Black or African American,65,74,All Origins,2,37,neo_lung,total,7.6509439186944,666,nvss,Deaths,age-adjusted rate
1992,A,Black or African American,35,44,All Origins,2,37,resp_copd,total,5.00042044167393,666,nvss,Deaths,age-adjusted rate
1992,A,Black or African American,65,74,All Origins,2,37,resp_copd,total,11.4764158780416,666,nvss,Deaths,age-adjusted rate
1992,A,Black or African American,75,84,All Origins,2,37,resp_copd,total,4.75411398550026,666,nvss,Deaths,age-adjusted rate
1992,A,Black or African American,85,150,All Origins,2,37,resp_copd,total,5.76526490385059,666,nvss,Deaths,age-adjusted rate
1992,A,Black or African American,35,44,All Origins,2,37,t2_dm,total,5.00042044167393,666,nvss,Deaths,age-adjusted rate
1992,A,Black or African American,75,84,All Origins,2,37,t2_dm,total,19.016455942001,666,nvss,Deaths,age-adjusted rate
1992,A,Black or African American,25,34,All Origins,2,39,all-cause,overall,1048.6094570491,666,nvss,Deaths,age-adjusted rate
1992,A,Black or African American,35,44,All Origins,2,39,all-cause,overall,9796.97435368393,666,nvss,Deaths,age-adjusted rate
1992,A,Black or African American,45,54,All Origins,2,39,all-cause,overall,6926.65368125635,666,nvss,Deaths,age-adjusted rate
1992,A,Black or African American,55,64,All Origins,2,39,all-cause,overall,9494.78275429654,666,nvss,Deaths,age-adjusted rate
1992,A,Black or African American,65,74,All Origins,2,39,all-cause,overall,13917.9645226285,666,nvss,Deaths,age-adjusted rate
1992,A,Black or African American,75,84,All Origins,2,39,all-cause,overall,13006.4029964592,666,nvss,Deaths,age-adjusted rate
1992,A,Black or African American,85,150,All Origins,2,39,all-cause,overall,14677.7415042589,666,nvss,Deaths,age-adjusted rate
1992,A,Black or African American,45,54,All Origins,2,39,cvd_ihd,total,629.695789205123,666,nvss,Deaths,age-adjusted rate
1992,A,Black or African American,55,64,All Origins,2,39,cvd_ihd,total,744.688843474238,666,nvss,Deaths,age-adjusted rate
1992,A,Black or African American,65,74,All Origins,2,39,cvd_ihd,total,1202.7870575111,666,nvss,Deaths,age-adjusted rate
1992,A,Black or African American,75,84,All Origins,2,39,cvd_ihd,total,1723.74015615725,666,nvss,Deaths,age-adjusted rate
1992,A,Black or African American,85,150,All Origins,2,39,cvd_ihd,total,1802.52965841776,666,nvss,Deaths,age-adjusted rate
1992,A,Black or African American,55,64,All Origins,2,39,cvd_stroke,total,186.17221086856,666,nvss,Deaths,age-adjusted rate
1992,A,Black or African American,65,74,All Origins,2,39,cvd_stroke,total,171.826722501586,666,nvss,Deaths,age-adjusted rate
1992,A,Black or African American,75,84,All Origins,2,39,cvd_stroke,total,313.407301119499,666,nvss,Deaths,age-adjusted rate
1992,A,Black or African American,85,150,All Origins,2,39,cvd_stroke,total,257.504236916822,666,nvss,Deaths,age-adjusted rate
1992,A,Black or African American,25,34,All Origins,2,39,ncd_lri,total,629.165674229459,666,nvss,Deaths,age-adjusted rate
1992,A,Black or African American,35,44,All Origins,2,39,ncd_lri,total,4610.34087232185,666,nvss,Deaths,age-adjusted rate
1992,A,Black or African American,45,54,All Origins,2,39,ncd_lri,total,6296.95789205123,666,nvss,Deaths,age-adjusted rate
1992,A,Black or African American,55,64,All Origins,2,39,ncd_lri,total,9122.43833255942,666,nvss,Deaths,age-adjusted rate
1992,A,Black or African American,65,74,All Origins,2,39,ncd_lri,total,13746.1378001269,666,nvss,Deaths,age-adjusted rate
1992,A,Black or African American,75,84,All Origins,2,39,ncd_lri,total,11752.7737919812,666,nvss,Deaths,age-adjusted rate
1992,A,Black or African American,85,150,All Origins,2,39,ncd_lri,total,12617.7076089243,666,nvss,Deaths,age-adjusted rate
1992,A,Black or African American,45,54,All Origins,2,39,neo_lung,total,314.847894602561,666,nvss,Deaths,age-adjusted rate
1992,A,Black or African American,55,64,All Origins,2,39,neo_lung,total,1489.37768694848,666,nvss,Deaths,age-adjusted rate
1992,A,Black or African American,65,74,All Origins,2,39,neo_lung,total,3264.70772753014,666,nvss,Deaths,age-adjusted rate
1992,A,Black or African American,75,84,All Origins,2,39,neo_lung,total,783.518252798748,666,nvss,Deaths,age-adjusted rate
1992,A,Black or African American,85,150,All Origins,2,39,neo_lung,total,772.512710750467,666,nvss,Deaths,age-adjusted rate
1992,A,Black or African American,45,54,All Origins,2,39,resp_copd,total,629.695789205123,666,nvss,Deaths,age-adjusted rate
1992,A,Black or African American,55,64,All Origins,2,39,resp_copd,total,558.516632605679,666,nvss,Deaths,age-adjusted rate
1992,A,Black or African American,65,74,All Origins,2,39,resp_copd,total,687.306890006346,666,nvss,Deaths,age-adjusted rate
1992,A,Black or African American,75,84,All Origins,2,39,resp_copd,total,1096.92555391825,666,nvss,Deaths,age-adjusted rate
1992,A,Black or African American,85,150,All Origins,2,39,resp_copd,total,515.008473833645,666,nvss,Deaths,age-adjusted rate
1992,A,Black or African American,35,44,All Origins,2,39,t2_dm,total,576.292609040231,666,nvss,Deaths,age-adjusted rate
1992,A,Black or African American,45,54,All Origins,2,39,t2_dm,total,314.847894602561,666,nvss,Deaths,age-adjusted rate
1992,A,Black or African American,55,64,All Origins,2,39,t2_dm,total,186.17221086856,666,nvss,Deaths,age-adjusted rate
1992,A,Black or African American,65,74,All Origins,2,39,t2_dm,total,1030.96033500952,666,nvss,Deaths,age-adjusted rate
1992,A,Black or African American,85,150,All Origins,2,39,t2_dm,total,257.504236916822,666,nvss,Deaths,age-adjusted rate
1992,A,Black or African American,25,34,All Origins,2,48,all-cause,overall,28.0922121547554,666,nvss,Deaths,age-adjusted rate
1992,A,Black or African American,35,44,All Origins,2,48,all-cause,overall,59.7746486654247,666,nvss,Deaths,age-adjusted rate
1992,A,Black or African American,45,54,All Origins,2,48,all-cause,overall,92.5978639855133,666,nvss,Deaths,age-adjusted rate
1992,A,Black or African American,55,64,All Origins,2,48,all-cause,overall,96.6039319074284,666,nvss,Deaths,age-adjusted rate
1992,A,Black or African American,65,74,All Origins,2,48,all-cause,overall,183.690198076153,666,nvss,Deaths,age-adjusted rate
1992,A,Black or African American,75,84,All Origins,2,48,all-cause,overall,200.548446185611,666,nvss,Deaths,age-adjusted rate
1992,A,Black or African American,85,150,All Origins,2,48,all-cause,overall,126.794277949475,666,nvss,Deaths,age-adjusted rate
1992,A,Black or African American,35,44,All Origins,2,48,cvd_ihd,total,7.60768255741769,666,nvss,Deaths,age-adjusted rate
1992,A,Black or African American,45,54,All Origins,2,48,cvd_ihd,total,8.8188441890965,666,nvss,Deaths,age-adjusted rate
1992,A,Black or African American,55,64,All Origins,2,48,cvd_ihd,total,10.0367721462263,666,nvss,Deaths,age-adjusted rate
1992,A,Black or African American,65,74,All Origins,2,48,cvd_ihd,total,28.4590447723617,666,nvss,Deaths,age-adjusted rate
1992,A,Black or African American,75,84,All Origins,2,48,cvd_ihd,total,35.4816481713005,666,nvss,Deaths,age-adjusted rate
1992,A,Black or African American,85,150,All Origins,2,48,cvd_ihd,total,20.1015318700387,666,nvss,Deaths,age-adjusted rate
1992,A,Black or African American,35,44,All Origins,2,48,cvd_stroke,total,2.17362358783362,666,nvss,Deaths,age-adjusted rate
1992,A,Black or African American,55,64,All Origins,2,48,cvd_stroke,total,1.25459651827829,666,nvss,Deaths,age-adjusted rate
1992,A,Black or African American,65,74,All Origins,2,48,cvd_stroke,total,1.29359294419826,666,nvss,Deaths,age-adjusted rate
1992,A,Black or African American,75,84,All Origins,2,48,cvd_stroke,total,1.54268035527393,666,nvss,Deaths,age-adjusted rate
1992,A,Black or African American,25,34,All Origins,2,48,ncd_lri,total,13.7035181242709,666,nvss,Deaths,age-adjusted rate
1992,A,Black or African American,35,44,All Origins,2,48,ncd_lri,total,44.5592835505893,666,nvss,Deaths,age-adjusted rate
1992,A,Black or African American,45,54,All Origins,2,48,ncd_lri,total,79.3695977018685,666,nvss,Deaths,age-adjusted rate
1992,A,Black or African American,55,64,All Origins,2,48,ncd_lri,total,91.5855458343152,666,nvss,Deaths,age-adjusted rate
1992,A,Black or African American,65,74,All Origins,2,48,ncd_lri,total,175.928640410963,666,nvss,Deaths,age-adjusted rate
1992,A,Black or African American,75,84,All Origins,2,48,ncd_lri,total,186.664322988146,666,nvss,Deaths,age-adjusted rate
1992,A,Black or African American,85,150,All Origins,2,48,ncd_lri,total,120.609191220232,666,nvss,Deaths,age-adjusted rate
1992,A,Black or African American,35,44,All Origins,2,48,neo_lung,total,2.17362358783362,666,nvss,Deaths,age-adjusted rate
1992,A,Black or African American,45,54,All Origins,2,48,neo_lung,total,8.8188441890965,666,nvss,Deaths,age-adjusted rate
1992,A,Black or African American,55,64,All Origins,2,48,neo_lung,total,12.5459651827829,666,nvss,Deaths,age-adjusted rate
1992,A,Black or African American,65,74,All Origins,2,48,neo_lung,total,27.1654518281634,666,nvss,Deaths,age-adjusted rate
1992,A,Black or African American,75,84,All Origins,2,48,neo_lung,total,12.3414428421915,666,nvss,Deaths,age-adjusted rate
1992,A,Black or African American,85,150,All Origins,2,48,neo_lung,total,6.18508672924267,666,nvss,Deaths,age-adjusted rate
1992,A,Black or African American,45,54,All Origins,2,48,resp_copd,total,1.46980736484942,666,nvss,Deaths,age-adjusted rate
1992,A,Black or African American,55,64,All Origins,2,48,resp_copd,total,5.01838607311316,666,nvss,Deaths,age-adjusted rate
1992,A,Black or African American,65,74,All Origins,2,48,resp_copd,total,5.17437177679303,666,nvss,Deaths,age-adjusted rate
1992,A,Black or African American,75,84,All Origins,2,48,resp_copd,total,7.71340177636967,666,nvss,Deaths,age-adjusted rate
1992,A,Black or African American,85,150,All Origins,2,48,resp_copd,total,3.09254336462133,666,nvss,Deaths,age-adjusted rate
1992,A,Black or African American,25,34,All Origins,2,48,t2_dm,total,0.685175906213547,666,nvss,Deaths,age-adjusted rate
1992,A,Black or African American,35,44,All Origins,2,48,t2_dm,total,2.17362358783362,666,nvss,Deaths,age-adjusted rate
1992,A,Black or African American,45,54,All Origins,2,48,t2_dm,total,1.46980736484942,666,nvss,Deaths,age-adjusted rate
1992,A,Black or African American,55,64,All Origins,2,48,t2_dm,total,1.25459651827829,666,nvss,Deaths,age-adjusted rate
1992,A,Black or African American,65,74,All Origins,2,48,t2_dm,total,9.0551506093878,666,nvss,Deaths,age-adjusted rate
1992,A,Black or African American,75,84,All Origins,2,48,t2_dm,total,15.4268035527393,666,nvss,Deaths,age-adjusted rate
1992,A,Black or African American,85,150,All Origins,2,48,t2_dm,total,4.638815046932,666,nvss,Deaths,age-adjusted rate
1992,A,Black or African American,25,34,All Origins,2,51,all-cause,overall,2369.20878170477,666,nvss,Deaths,age-adjusted rate
1992,A,Black or African American,35,44,All Origins,2,51,all-cause,overall,4423.68033033259,666,nvss,Deaths,age-adjusted rate
1992,A,Black or African American,45,54,All Origins,2,51,all-cause,overall,6406.30096347919,666,nvss,Deaths,age-adjusted rate
1992,A,Black or African American,55,64,All Origins,2,51,all-cause,overall,8204.46744886313,666,nvss,Deaths,age-adjusted rate
1992,A,Black or African American,65,74,All Origins,2,51,all-cause,overall,11903.0178085178,666,nvss,Deaths,age-adjusted rate
1992,A,Black or African American,75,84,All Origins,2,51,all-cause,overall,12434.073935726,666,nvss,Deaths,age-adjusted rate
1992,A,Black or African American,85,150,All Origins,2,51,all-cause,overall,8714.18968517482,666,nvss,Deaths,age-adjusted rate
1992,A,Black or African American,35,44,All Origins,2,51,cvd_ihd,total,101.861060237921,666,nvss,Deaths,age-adjusted rate
1992,A,Black or African American,45,54,All Origins,2,51,cvd_ihd,total,264.859988154178,666,nvss,Deaths,age-adjusted rate
1992,A,Black or African American,55,64,All Origins,2,51,cvd_ihd,total,603.480968217603,666,nvss,Deaths,age-adjusted rate
1992,A,Black or African American,65,74,All Origins,2,51,cvd_ihd,total,1001.18841380057,666,nvss,Deaths,age-adjusted rate
1992,A,Black or African American,75,84,All Origins,2,51,cvd_ihd,total,957.674886463747,666,nvss,Deaths,age-adjusted rate
1992,A,Black or African American,85,150,All Origins,2,51,cvd_ihd,total,990.665774735663,666,nvss,Deaths,age-adjusted rate
1992,A,Black or African American,25,34,All Origins,2,51,cvd_stroke,total,11.5010135034212,666,nvss,Deaths,age-adjusted rate
1992,A,Black or African American,35,44,All Origins,2,51,cvd_stroke,total,72.7579001699439,666,nvss,Deaths,age-adjusted rate
1992,A,Black or African American,45,54,All Origins,2,51,cvd_stroke,total,115.876244817453,666,nvss,Deaths,age-adjusted rate
1992,A,Black or African American,55,64,All Origins,2,51,cvd_stroke,total,100.580161369601,666,nvss,Deaths,age-adjusted rate
1992,A,Black or African American,65,74,All Origins,2,51,cvd_stroke,total,197.765612602581,666,nvss,Deaths,age-adjusted rate
1992,A,Black or African American,75,84,All Origins,2,51,cvd_stroke,total,313.991766053687,666,nvss,Deaths,age-adjusted rate
1992,A,Black or African American,85,150,All Origins,2,51,cvd_stroke,total,128.419637465734,666,nvss,Deaths,age-adjusted rate
1992,A,Black or African American,65,74,All Origins,2,51,lri,total,12.3603507876613,666,nvss,Deaths,age-adjusted rate
1992,A,Black or African American,75,84,All Origins,2,51,lri,total,15.6995883026844,666,nvss,Deaths,age-adjusted rate
1992,A,Black or African American,25,34,All Origins,2,51,ncd_lri,total,1196.10540435581,666,nvss,Deaths,age-adjusted rate
1992,A,Black or African American,35,44,All Origins,2,51,ncd_lri,total,3070.38338717163,666,nvss,Deaths,age-adjusted rate
1992,A,Black or African American,45,54,All Origins,2,51,ncd_lri,total,5578.61350049738,666,nvss,Deaths,age-adjusted rate
1992,A,Black or African American,55,64,All Origins,2,51,ncd_lri,total,7557.88069720141,666,nvss,Deaths,age-adjusted rate
1992,A,Black or African American,65,74,All Origins,2,51,ncd_lri,total,11099.5950073199,666,nvss,Deaths,age-adjusted rate
1992,A,Black or African American,75,84,All Origins,2,51,ncd_lri,total,11570.5965790784,666,nvss,Deaths,age-adjusted rate
1992,A,Black or African American,85,150,All Origins,2,51,ncd_lri,total,7906.9805353902,666,nvss,Deaths,age-adjusted rate
1992,A,Black or African American,25,34,All Origins,2,51,neo_lung,total,34.5030405102637,666,nvss,Deaths,age-adjusted rate
1992,A,Black or African American,35,44,All Origins,2,51,neo_lung,total,160.067380373877,666,nvss,Deaths,age-adjusted rate
1992,A,Black or African American,45,54,All Origins,2,51,neo_lung,total,529.719976308357,666,nvss,Deaths,age-adjusted rate
1992,A,Black or African American,55,64,All Origins,2,51,neo_lung,total,1106.38177506561,666,nvss,Deaths,age-adjusted rate
1992,A,Black or African American,65,74,All Origins,2,51,neo_lung,total,1149.5126232525,666,nvss,Deaths,age-adjusted rate
1992,A,Black or African American,75,84,All Origins,2,51,neo_lung,total,769.279826831534,666,nvss,Deaths,age-adjusted rate
1992,A,Black or African American,85,150,All Origins,2,51,neo_lung,total,201.802287446154,666,nvss,Deaths,age-adjusted rate
1992,A,Black or African American,25,34,All Origins,2,51,resp_copd,total,34.5030405102637,666,nvss,Deaths,age-adjusted rate
1992,A,Black or African American,45,54,All Origins,2,51,resp_copd,total,82.7687462981807,666,nvss,Deaths,age-adjusted rate
1992,A,Black or African American,55,64,All Origins,2,51,resp_copd,total,273.003295146059,666,nvss,Deaths,age-adjusted rate
1992,A,Black or African American,65,74,All Origins,2,51,resp_copd,total,370.810523629839,666,nvss,Deaths,age-adjusted rate
1992,A,Black or African American,75,84,All Origins,2,51,resp_copd,total,298.292177751003,666,nvss,Deaths,age-adjusted rate
1992,A,Black or African American,85,150,All Origins,2,51,resp_copd,total,275.184937426573,666,nvss,Deaths,age-adjusted rate
1992,A,Black or African American,25,34,All Origins,2,51,t2_dm,total,11.5010135034212,666,nvss,Deaths,age-adjusted rate
1992,A,Black or African American,35,44,All Origins,2,51,t2_dm,total,72.7579001699439,666,nvss,Deaths,age-adjusted rate
1992,A,Black or African American,45,54,All Origins,2,51,t2_dm,total,231.752489634906,666,nvss,Deaths,age-adjusted rate
1992,A,Black or African American,55,64,All Origins,2,51,t2_dm,total,387.952050997031,666,nvss,Deaths,age-adjusted rate
1992,A,Black or African American,65,74,All Origins,2,51,t2_dm,total,395.531225205162,666,nvss,Deaths,age-adjusted rate
1992,A,Black or African American,75,84,All Origins,2,51,t2_dm,total,470.987649080531,666,nvss,Deaths,age-adjusted rate
1992,A,Black or African American,85,150,All Origins,2,51,t2_dm,total,183.456624951049,666,nvss,Deaths,age-adjusted rate
1992,A,Black or African American,25,34,All Origins,3,4,all-cause,overall,7687.23838349744,666,nvss,Deaths,age-adjusted rate
1992,A,Black or African American,35,44,All Origins,3,4,all-cause,overall,8041.33544362693,666,nvss,Deaths,age-adjusted rate
1992,A,Black or African American,45,54,All Origins,3,4,all-cause,overall,12418.9879250221,666,nvss,Deaths,age-adjusted rate
1992,A,Black or African American,55,64,All Origins,3,4,all-cause,overall,25060.8780763418,666,nvss,Deaths,age-adjusted rate
1992,A,Black or African American,65,74,All Origins,3,4,all-cause,overall,39408.161112858,666,nvss,Deaths,age-adjusted rate
1992,A,Black or African American,75,84,All Origins,3,4,all-cause,overall,34079.0110818579,666,nvss,Deaths,age-adjusted rate
1992,A,Black or African American,85,150,All Origins,3,4,all-cause,overall,147331.34369605,666,nvss,Deaths,age-adjusted rate
1992,A,Black or African American,45,54,All Origins,3,4,cvd_ihd,total,3548.28226429202,666,nvss,Deaths,age-adjusted rate
1992,A,Black or African American,55,64,All Origins,3,4,cvd_ihd,total,2784.54200848243,666,nvss,Deaths,age-adjusted rate
1992,A,Black or African American,65,74,All Origins,3,4,cvd_ihd,total,5325.42717741325,666,nvss,Deaths,age-adjusted rate
1992,A,Black or African American,75,84,All Origins,3,4,cvd_ihd,total,4484.08040550762,666,nvss,Deaths,age-adjusted rate
1992,A,Black or African American,85,150,All Origins,3,4,cvd_ihd,total,23262.8437414816,666,nvss,Deaths,age-adjusted rate
1992,A,Black or African American,55,64,All Origins,3,4,cvd_stroke,total,928.180669494142,666,nvss,Deaths,age-adjusted rate
1992,A,Black or African American,25,34,All Origins,3,4,ncd_lri,total,2096.51955913567,666,nvss,Deaths,age-adjusted rate
1992,A,Black or African American,35,44,All Origins,3,4,ncd_lri,total,4467.40857979274,666,nvss,Deaths,age-adjusted rate
1992,A,Black or African American,45,54,All Origins,3,4,ncd_lri,total,8870.70566073005,666,nvss,Deaths,age-adjusted rate
1992,A,Black or African American,55,64,All Origins,3,4,ncd_lri,total,24132.6974068477,666,nvss,Deaths,age-adjusted rate
1992,A,Black or African American,65,74,All Origins,3,4,ncd_lri,total,38343.0756773754,666,nvss,Deaths,age-adjusted rate
1992,A,Black or African American,75,84,All Origins,3,4,ncd_lri,total,31388.5628385533,666,nvss,Deaths,age-adjusted rate
1992,A,Black or African American,85,150,All Origins,3,4,ncd_lri,total,147331.34369605,666,nvss,Deaths,age-adjusted rate
1992,A,Black or African American,45,54,All Origins,3,4,neo_lung,total,887.070566073005,666,nvss,Deaths,age-adjusted rate
1992,A,Black or African American,55,64,All Origins,3,4,neo_lung,total,928.180669494142,666,nvss,Deaths,age-adjusted rate
1992,A,Black or African American,65,74,All Origins,3,4,neo_lung,total,4260.3417419306,666,nvss,Deaths,age-adjusted rate
1992,A,Black or African American,75,84,All Origins,3,4,neo_lung,total,1793.63216220305,666,nvss,Deaths,age-adjusted rate
1992,A,Black or African American,85,150,All Origins,3,4,neo_lung,total,7754.28124716054,666,nvss,Deaths,age-adjusted rate
1992,A,Black or African American,35,44,All Origins,3,4,resp_copd,total,893.481715958548,666,nvss,Deaths,age-adjusted rate
1992,A,Black or African American,65,74,All Origins,3,4,resp_copd,total,1065.08543548265,666,nvss,Deaths,age-adjusted rate
1992,A,Black or African American,75,84,All Origins,3,4,resp_copd,total,896.816081101523,666,nvss,Deaths,age-adjusted rate
1992,A,Black or African American,85,150,All Origins,3,4,resp_copd,total,7754.28124716054,666,nvss,Deaths,age-adjusted rate
1992,A,Black or African American,55,64,All Origins,3,4,t2_dm,total,2784.54200848243,666,nvss,Deaths,age-adjusted rate
1992,A,Black or African American,65,74,All Origins,3,4,t2_dm,total,3195.25630644795,666,nvss,Deaths,age-adjusted rate
1992,A,Black or African American,75,84,All Origins,3,4,t2_dm,total,1793.63216220305,666,nvss,Deaths,age-adjusted rate
1992,A,Black or African American,25,34,All Origins,3,5,all-cause,overall,1119.26862198584,666,nvss,Deaths,age-adjusted rate
1992,A,Black or African American,35,44,All Origins,3,5,all-cause,overall,2276.30798265896,666,nvss,Deaths,age-adjusted rate
1992,A,Black or African American,45,54,All Origins,3,5,all-cause,overall,2300.53565023088,666,nvss,Deaths,age-adjusted rate
1992,A,Black or African American,55,64,All Origins,3,5,all-cause,overall,2914.6368174328,666,nvss,Deaths,age-adjusted rate
1992,A,Black or African American,65,74,All Origins,3,5,all-cause,overall,3563.24164902092,666,nvss,Deaths,age-adjusted rate
1992,A,Black or African American,75,84,All Origins,3,5,all-cause,overall,3692.77353492639,666,nvss,Deaths,age-adjusted rate
1992,A,Black or African American,85,150,All Origins,3,5,all-cause,overall,3350.28450106299,666,nvss,Deaths,age-adjusted rate
1992,A,Black or African American,45,54,All Origins,3,5,cvd_ihd,total,77.9842593298604,666,nvss,Deaths,age-adjusted rate
1992,A,Black or African American,55,64,All Origins,3,5,cvd_ihd,total,158.404174860478,666,nvss,Deaths,age-adjusted rate
1992,A,Black or African American,65,74,All Origins,3,5,cvd_ihd,total,256.348320073448,666,nvss,Deaths,age-adjusted rate
1992,A,Black or African American,75,84,All Origins,3,5,cvd_ihd,total,311.727636065214,666,nvss,Deaths,age-adjusted rate
1992,A,Black or African American,85,150,All Origins,3,5,cvd_ihd,total,486.331621122047,666,nvss,Deaths,age-adjusted rate
1992,A,Black or African American,25,34,All Origins,3,5,cvd_stroke,total,28.6991954355343,666,nvss,Deaths,age-adjusted rate
1992,A,Black or African American,35,44,All Origins,3,5,cvd_stroke,total,35.5673122290462,666,nvss,Deaths,age-adjusted rate
1992,A,Black or African American,45,54,All Origins,3,5,cvd_stroke,total,77.9842593298604,666,nvss,Deaths,age-adjusted rate
1992,A,Black or African American,55,64,All Origins,3,5,cvd_stroke,total,63.3616699441913,666,nvss,Deaths,age-adjusted rate
1992,A,Black or African American,65,74,All Origins,3,5,cvd_stroke,total,153.808992044069,666,nvss,Deaths,age-adjusted rate
1992,A,Black or African American,75,84,All Origins,3,5,cvd_stroke,total,143.874293568561,666,nvss,Deaths,age-adjusted rate
1992,A,Black or African American,85,150,All Origins,3,5,cvd_stroke,total,189.128963769685,666,nvss,Deaths,age-adjusted rate
1992,A,Black or African American,25,34,All Origins,3,5,ncd_lri,total,373.089540661946,666,nvss,Deaths,age-adjusted rate
1992,A,Black or African American,35,44,All Origins,3,5,ncd_lri,total,1529.39442584899,666,nvss,Deaths,age-adjusted rate
1992,A,Black or African American,45,54,All Origins,3,5,ncd_lri,total,1715.65370525693,666,nvss,Deaths,age-adjusted rate
1992,A,Black or African American,55,64,All Origins,3,5,ncd_lri,total,2629.50930268394,666,nvss,Deaths,age-adjusted rate
1992,A,Black or African American,65,74,All Origins,3,5,ncd_lri,total,3204.35400091809,666,nvss,Deaths,age-adjusted rate
1992,A,Black or African American,75,84,All Origins,3,5,ncd_lri,total,3285.1297031488,666,nvss,Deaths,age-adjusted rate
1992,A,Black or African American,85,150,All Origins,3,5,ncd_lri,total,2890.97130333661,666,nvss,Deaths,age-adjusted rate
1992,A,Black or African American,35,44,All Origins,3,5,neo_lung,total,106.701936687139,666,nvss,Deaths,age-adjusted rate
1992,A,Black or African American,45,54,All Origins,3,5,neo_lung,total,38.9921296649302,666,nvss,Deaths,age-adjusted rate
1992,A,Black or African American,55,64,All Origins,3,5,neo_lung,total,316.808349720956,666,nvss,Deaths,age-adjusted rate
1992,A,Black or African American,65,74,All Origins,3,5,neo_lung,total,333.252816095482,666,nvss,Deaths,age-adjusted rate
1992,A,Black or African American,75,84,All Origins,3,5,neo_lung,total,143.874293568561,666,nvss,Deaths,age-adjusted rate
1992,A,Black or African American,85,150,All Origins,3,5,neo_lung,total,27.0184233956693,666,nvss,Deaths,age-adjusted rate
1992,A,Black or African American,35,44,All Origins,3,5,resp_copd,total,106.701936687139,666,nvss,Deaths,age-adjusted rate
1992,A,Black or African American,45,54,All Origins,3,5,resp_copd,total,38.9921296649302,666,nvss,Deaths,age-adjusted rate
1992,A,Black or African American,65,74,All Origins,3,5,resp_copd,total,51.2696640146895,666,nvss,Deaths,age-adjusted rate
1992,A,Black or African American,75,84,All Origins,3,5,resp_copd,total,47.9580978561868,666,nvss,Deaths,age-adjusted rate
1992,A,Black or African American,85,150,All Origins,3,5,resp_copd,total,81.0552701870078,666,nvss,Deaths,age-adjusted rate
1992,A,Black or African American,45,54,All Origins,3,5,t2_dm,total,77.9842593298604,666,nvss,Deaths,age-adjusted rate
1992,A,Black or African American,55,64,All Origins,3,5,t2_dm,total,285.127514748861,666,nvss,Deaths,age-adjusted rate
1992,A,Black or African American,65,74,All Origins,3,5,t2_dm,total,205.078656058758,666,nvss,Deaths,age-adjusted rate
1992,A,Black or African American,75,84,All Origins,3,5,t2_dm,total,311.727636065214,666,nvss,Deaths,age-adjusted rate
1992,A,Black or African American,85,150,All Origins,3,5,t2_dm,total,108.073693582677,666,nvss,Deaths,age-adjusted rate
1992,A,Black or African American,25,34,All Origins,3,6,all-cause,overall,206923.219092159,666,nvss,Deaths,age-adjusted rate
1992,A,Black or African American,35,44,All Origins,3,6,all-cause,overall,247411.568258034,666,nvss,Deaths,age-adjusted rate
1992,A,Black or African American,45,54,All Origins,3,6,all-cause,overall,897925.605378393,666,nvss,Deaths,age-adjusted rate
1992,A,Black or African American,55,64,All Origins,3,6,all-cause,overall,691387.559135684,666,nvss,Deaths,age-adjusted rate
1992,A,Black or African American,65,74,All Origins,3,6,all-cause,overall,744665.250388851,666,nvss,Deaths,age-adjusted rate
1992,A,Black or African American,75,84,All Origins,3,6,all-cause,overall,1242737.46858861,666,nvss,Deaths,age-adjusted rate
1992,A,Black or African American,85,150,All Origins,3,6,all-cause,overall,822185.295831954,666,nvss,Deaths,age-adjusted rate
1992,A,Black or African American,35,44,All Origins,3,6,cvd_ihd,total,6083.89102273855,666,nvss,Deaths,age-adjusted rate
1992,A,Black or African American,45,54,All Origins,3,6,cvd_ihd,total,85971.6005149525,666,nvss,Deaths,age-adjusted rate
1992,A,Black or African American,55,64,All Origins,3,6,cvd_ihd,total,82102.2726473624,666,nvss,Deaths,age-adjusted rate
1992,A,Black or African American,65,74,All Origins,3,6,cvd_ihd,total,129211.32198528,666,nvss,Deaths,age-adjusted rate
1992,A,Black or African American,75,84,All Origins,3,6,cvd_ihd,total,164913.029007019,666,nvss,Deaths,age-adjusted rate
1992,A,Black or African American,85,150,All Origins,3,6,cvd_ihd,total,102773.161978994,666,nvss,Deaths,age-adjusted rate
1992,A,Black or African American,25,34,All Origins,3,6,cvd_stroke,total,2652.8617832328,666,nvss,Deaths,age-adjusted rate
1992,A,Black or African American,35,44,All Origins,3,6,cvd_stroke,total,6083.89102273855,666,nvss,Deaths,age-adjusted rate
1992,A,Black or African American,45,54,All Origins,3,6,cvd_stroke,total,19104.8001144339,666,nvss,Deaths,age-adjusted rate
1992,A,Black or African American,55,64,All Origins,3,6,cvd_stroke,total,8642.34448919605,666,nvss,Deaths,age-adjusted rate
1992,A,Black or African American,65,74,All Origins,3,6,cvd_stroke,total,10200.8938409432,666,nvss,Deaths,age-adjusted rate
1992,A,Black or African American,75,84,All Origins,3,6,cvd_stroke,total,29448.7551798248,666,nvss,Deaths,age-adjusted rate
1992,A,Black or African American,85,150,All Origins,3,6,cvd_stroke,total,7905.62784453802,666,nvss,Deaths,age-adjusted rate
1992,A,Black or African American,35,44,All Origins,3,6,lri,total,2027.96367424618,666,nvss,Deaths,age-adjusted rate
1992,A,Black or African American,25,34,All Origins,3,6,ncd_lri,total,90197.3006299153,666,nvss,Deaths,age-adjusted rate
1992,A,Black or African American,35,44,All Origins,3,6,ncd_lri,total,164265.057613941,666,nvss,Deaths,age-adjusted rate
1992,A,Black or African American,45,54,All Origins,3,6,ncd_lri,total,754639.604520139,666,nvss,Deaths,age-adjusted rate
1992,A,Black or African American,55,64,All Origins,3,6,ncd_lri,total,639533.492200507,666,nvss,Deaths,age-adjusted rate
1992,A,Black or African American,65,74,All Origins,3,6,ncd_lri,total,703861.675025078,666,nvss,Deaths,age-adjusted rate
1992,A,Black or African American,75,84,All Origins,3,6,ncd_lri,total,1142611.7009772,666,nvss,Deaths,age-adjusted rate
1992,A,Black or African American,85,150,All Origins,3,6,ncd_lri,total,695695.250319345,666,nvss,Deaths,age-adjusted rate
1992,A,Black or African American,35,44,All Origins,3,6,neo_lung,total,8111.85469698473,666,nvss,Deaths,age-adjusted rate
1992,A,Black or African American,45,54,All Origins,3,6,neo_lung,total,85971.6005149525,666,nvss,Deaths,age-adjusted rate
1992,A,Black or African American,55,64,All Origins,3,6,neo_lung,total,99386.9616257545,666,nvss,Deaths,age-adjusted rate
1992,A,Black or African American,65,74,All Origins,3,6,neo_lung,total,71406.2568866022,666,nvss,Deaths,age-adjusted rate
1992,A,Black or African American,75,84,All Origins,3,6,neo_lung,total,76566.7634675445,666,nvss,Deaths,age-adjusted rate
1992,A,Black or African American,85,150,All Origins,3,6,neo_lung,total,7905.62784453802,666,nvss,Deaths,age-adjusted rate
1992,A,Black or African American,35,44,All Origins,3,6,resp_copd,total,2027.96367424618,666,nvss,Deaths,age-adjusted rate
1992,A,Black or African American,45,54,All Origins,3,6,resp_copd,total,38209.6002288678,666,nvss,Deaths,age-adjusted rate
1992,A,Black or African American,55,64,All Origins,3,6,resp_copd,total,47532.8946905782,666,nvss,Deaths,age-adjusted rate
1992,A,Black or African American,65,74,All Origins,3,6,resp_copd,total,30602.6815228295,666,nvss,Deaths,age-adjusted rate
1992,A,Black or African American,75,84,All Origins,3,6,resp_copd,total,47118.0082877197,666,nvss,Deaths,age-adjusted rate
1992,A,Black or African American,85,150,All Origins,3,6,resp_copd,total,7905.62784453802,666,nvss,Deaths,age-adjusted rate
1992,A,Black or African American,25,34,All Origins,3,6,t2_dm,total,2652.8617832328,666,nvss,Deaths,age-adjusted rate
1992,A,Black or African American,45,54,All Origins,3,6,t2_dm,total,38209.6002288678,666,nvss,Deaths,age-adjusted rate
1992,A,Black or African American,55,64,All Origins,3,6,t2_dm,total,21605.8612229901,666,nvss,Deaths,age-adjusted rate
1992,A,Black or African American,65,74,All Origins,3,6,t2_dm,total,20401.7876818863,666,nvss,Deaths,age-adjusted rate
1992,A,Black or African American,75,84,All Origins,3,6,t2_dm,total,58897.5103596496,666,nvss,Deaths,age-adjusted rate
1992,A,Black or African American,85,150,All Origins,3,6,t2_dm,total,7905.62784453802,666,nvss,Deaths,age-adjusted rate
1992,A,Black or African American,25,34,All Origins,3,8,all-cause,overall,9438.76100528575,666,nvss,Deaths,age-adjusted rate
1992,A,Black or African American,35,44,All Origins,3,8,all-cause,overall,6308.28900936213,666,nvss,Deaths,age-adjusted rate
1992,A,Black or African American,45,54,All Origins,3,8,all-cause,overall,19515.5525387898,666,nvss,Deaths,age-adjusted rate
1992,A,Black or African American,55,64,All Origins,3,8,all-cause,overall,103112.434824136,666,nvss,Deaths,age-adjusted rate
1992,A,Black or African American,65,74,All Origins,3,8,all-cause,overall,74289.708753461,666,nvss,Deaths,age-adjusted rate
1992,A,Black or African American,75,84,All Origins,3,8,all-cause,overall,58853.5538364498,666,nvss,Deaths,age-adjusted rate
1992,A,Black or African American,85,150,All Origins,3,8,all-cause,overall,10339.04168818,666,nvss,Deaths,age-adjusted rate
1992,A,Black or African American,45,54,All Origins,3,8,cvd_ihd,total,1774.14113988998,666,nvss,Deaths,age-adjusted rate
1992,A,Black or African American,55,64,All Origins,3,8,cvd_ihd,total,19829.314389257,666,nvss,Deaths,age-adjusted rate
1992,A,Black or African American,65,74,All Origins,3,8,cvd_ihd,total,12381.6181255768,666,nvss,Deaths,age-adjusted rate
1992,A,Black or African American,75,84,All Origins,3,8,cvd_ihd,total,5605.10036537617,666,nvss,Deaths,age-adjusted rate
1992,A,Black or African American,85,150,All Origins,3,8,cvd_ihd,total,4307.93403674167,666,nvss,Deaths,age-adjusted rate
1992,A,Black or African American,35,44,All Origins,3,8,cvd_stroke,total,700.921001040236,666,nvss,Deaths,age-adjusted rate
1992,A,Black or African American,85,150,All Origins,3,8,cvd_stroke,total,1723.17361469667,666,nvss,Deaths,age-adjusted rate
1992,A,Black or African American,25,34,All Origins,3,8,ncd_lri,total,3432.27672919482,666,nvss,Deaths,age-adjusted rate
1992,A,Black or African American,35,44,All Origins,3,8,ncd_lri,total,3504.60500520118,666,nvss,Deaths,age-adjusted rate
1992,A,Black or African American,45,54,All Origins,3,8,ncd_lri,total,15967.2702590098,666,nvss,Deaths,age-adjusted rate
1992,A,Black or African American,55,64,All Origins,3,8,ncd_lri,total,91214.846190582,666,nvss,Deaths,age-adjusted rate
1992,A,Black or African American,65,74,All Origins,3,8,ncd_lri,total,70162.5027116021,666,nvss,Deaths,age-adjusted rate
1992,A,Black or African American,75,84,All Origins,3,8,ncd_lri,total,56051.0036537617,666,nvss,Deaths,age-adjusted rate
1992,A,Black or African American,85,150,All Origins,3,8,ncd_lri,total,9477.45488083167,666,nvss,Deaths,age-adjusted rate
1992,A,Black or African American,45,54,All Origins,3,8,neo_lung,total,1774.14113988998,666,nvss,Deaths,age-adjusted rate
1992,A,Black or African American,55,64,All Origins,3,8,neo_lung,total,3965.86287785139,666,nvss,Deaths,age-adjusted rate
1992,A,Black or African American,65,74,All Origins,3,8,neo_lung,total,8254.41208371789,666,nvss,Deaths,age-adjusted rate
1992,A,Black or African American,75,84,All Origins,3,8,neo_lung,total,2802.55018268809,666,nvss,Deaths,age-adjusted rate
1992,A,Black or African American,85,150,All Origins,3,8,neo_lung,total,861.586807348334,666,nvss,Deaths,age-adjusted rate
1992,A,Black or African American,45,54,All Origins,3,8,resp_copd,total,1774.14113988998,666,nvss,Deaths,age-adjusted rate
1992,A,Black or African American,55,64,All Origins,3,8,resp_copd,total,7931.72575570278,666,nvss,Deaths,age-adjusted rate
1992,A,Black or African American,65,74,All Origins,3,8,resp_copd,total,8254.41208371789,666,nvss,Deaths,age-adjusted rate
1992,A,Black or African American,45,54,All Origins,3,8,t2_dm,total,1774.14113988998,666,nvss,Deaths,age-adjusted rate
1992,A,Black or African American,65,74,All Origins,3,8,t2_dm,total,4127.20604185895,666,nvss,Deaths,age-adjusted rate
1992,A,Black or African American,75,84,All Origins,3,8,t2_dm,total,2802.55018268809,666,nvss,Deaths,age-adjusted rate
1992,A,Black or African American,25,34,All Origins,3,9,all-cause,overall,17918.4669393569,666,nvss,Deaths,age-adjusted rate
1992,A,Black or African American,35,44,All Origins,3,9,all-cause,overall,22921.0042621283,666,nvss,Deaths,age-adjusted rate
1992,A,Black or African American,45,54,All Origins,3,9,all-cause,overall,20837.7671896007,666,nvss,Deaths,age-adjusted rate
1992,A,Black or African American,55,64,All Origins,3,9,all-cause,overall,35923.696057126,666,nvss,Deaths,age-adjusted rate
1992,A,Black or African American,65,74,All Origins,3,9,all-cause,overall,62014.254370627,666,nvss,Deaths,age-adjusted rate
1992,A,Black or African American,75,84,All Origins,3,9,all-cause,overall,73937.3281476465,666,nvss,Deaths,age-adjusted rate
1992,A,Black or African American,85,150,All Origins,3,9,all-cause,overall,25786.2427218624,666,nvss,Deaths,age-adjusted rate
1992,A,Black or African American,25,34,All Origins,3,9,cvd_ihd,total,169.042140937329,666,nvss,Deaths,age-adjusted rate
1992,A,Black or African American,35,44,All Origins,3,9,cvd_ihd,total,552.313355713936,666,nvss,Deaths,age-adjusted rate
1992,A,Black or African American,45,54,All Origins,3,9,cvd_ihd,total,899.471965018736,666,nvss,Deaths,age-adjusted rate
1992,A,Black or African American,55,64,All Origins,3,9,cvd_ihd,total,2382.69412623795,666,nvss,Deaths,age-adjusted rate
1992,A,Black or African American,65,74,All Origins,3,9,cvd_ihd,total,6740.67982289424,666,nvss,Deaths,age-adjusted rate
1992,A,Black or African American,75,84,All Origins,3,9,cvd_ihd,total,8460.4902855516,666,nvss,Deaths,age-adjusted rate
1992,A,Black or African American,85,150,All Origins,3,9,cvd_ihd,total,4612.17349496727,666,nvss,Deaths,age-adjusted rate
1992,A,Black or African American,25,34,All Origins,3,9,cvd_stroke,total,169.042140937329,666,nvss,Deaths,age-adjusted rate
1992,A,Black or African American,35,44,All Origins,3,9,cvd_stroke,total,138.078338928484,666,nvss,Deaths,age-adjusted rate
1992,A,Black or African American,45,54,All Origins,3,9,cvd_stroke,total,449.735982509368,666,nvss,Deaths,age-adjusted rate
1992,A,Black or African American,55,64,All Origins,3,9,cvd_stroke,total,366.568327113531,666,nvss,Deaths,age-adjusted rate
1992,A,Black or African American,65,74,All Origins,3,9,cvd_stroke,total,1123.44663714904,666,nvss,Deaths,age-adjusted rate
1992,A,Black or African American,85,150,All Origins,3,9,cvd_stroke,total,419.288499542479,666,nvss,Deaths,age-adjusted rate
1992,A,Black or African American,25,34,All Origins,3,9,ncd_lri,total,10311.5705971771,666,nvss,Deaths,age-adjusted rate
1992,A,Black or African American,35,44,All Origins,3,9,ncd_lri,total,16707.4790103466,666,nvss,Deaths,age-adjusted rate
1992,A,Black or African American,45,54,All Origins,3,9,ncd_lri,total,18439.1752828841,666,nvss,Deaths,age-adjusted rate
1992,A,Black or African American,55,64,All Origins,3,9,ncd_lri,total,33357.7177673313,666,nvss,Deaths,age-adjusted rate
1992,A,Black or African American,65,74,All Origins,3,9,ncd_lri,total,57969.8464768905,666,nvss,Deaths,age-adjusted rate
1992,A,Black or African American,75,84,All Origins,3,9,ncd_lri,total,69891.0067067306,666,nvss,Deaths,age-adjusted rate
1992,A,Black or African American,85,150,All Origins,3,9,ncd_lri,total,23270.5117246076,666,nvss,Deaths,age-adjusted rate
1992,A,Black or African American,25,34,All Origins,3,9,neo_lung,total,169.042140937329,666,nvss,Deaths,age-adjusted rate
1992,A,Black or African American,35,44,All Origins,3,9,neo_lung,total,138.078338928484,666,nvss,Deaths,age-adjusted rate
1992,A,Black or African American,45,54,All Origins,3,9,neo_lung,total,2098.76791837705,666,nvss,Deaths,age-adjusted rate
1992,A,Black or African American,55,64,All Origins,3,9,neo_lung,total,2382.69412623795,666,nvss,Deaths,age-adjusted rate
1992,A,Black or African American,65,74,All Origins,3,9,neo_lung,total,6291.30116803462,666,nvss,Deaths,age-adjusted rate
1992,A,Black or African American,75,84,All Origins,3,9,neo_lung,total,2207.08442231781,666,nvss,Deaths,age-adjusted rate
1992,A,Black or African American,85,150,All Origins,3,9,neo_lung,total,419.288499542479,666,nvss,Deaths,age-adjusted rate
1992,A,Black or African American,25,34,All Origins,3,9,resp_copd,total,338.084281874659,666,nvss,Deaths,age-adjusted rate
1992,A,Black or African American,45,54,All Origins,3,9,resp_copd,total,149.911994169789,666,nvss,Deaths,age-adjusted rate
1992,A,Black or African American,55,64,All Origins,3,9,resp_copd,total,1282.98914489736,666,nvss,Deaths,age-adjusted rate
1992,A,Black or African American,65,74,All Origins,3,9,resp_copd,total,1348.13596457885,666,nvss,Deaths,age-adjusted rate
1992,A,Black or African American,75,84,All Origins,3,9,resp_copd,total,1471.38961487854,666,nvss,Deaths,age-adjusted rate
1992,A,Black or African American,25,34,All Origins,3,9,t2_dm,total,169.042140937329,666,nvss,Deaths,age-adjusted rate
1992,A,Black or African American,35,44,All Origins,3,9,t2_dm,total,414.235016785452,666,nvss,Deaths,age-adjusted rate
1992,A,Black or African American,45,54,All Origins,3,9,t2_dm,total,449.735982509368,666,nvss,Deaths,age-adjusted rate
1992,A,Black or African American,55,64,All Origins,3,9,t2_dm,total,1099.70498134059,666,nvss,Deaths,age-adjusted rate
1992,A,Black or African American,65,74,All Origins,3,9,t2_dm,total,3145.65058401731,666,nvss,Deaths,age-adjusted rate
1992,A,Black or African American,75,84,All Origins,3,9,t2_dm,total,2942.77922975708,666,nvss,Deaths,age-adjusted rate
1992,A,Black or African American,85,150,All Origins,3,9,t2_dm,total,838.576999084958,666,nvss,Deaths,age-adjusted rate
1992,A,Black or African American,25,34,All Origins,3,12,all-cause,overall,286.137249737709,666,nvss,Deaths,age-adjusted rate
1992,A,Black or African American,35,44,All Origins,3,12,all-cause,overall,639.879519792474,666,nvss,Deaths,age-adjusted rate
1992,A,Black or African American,45,54,All Origins,3,12,all-cause,overall,934.015145234182,666,nvss,Deaths,age-adjusted rate
1992,A,Black or African American,55,64,All Origins,3,12,all-cause,overall,1858.80700757706,666,nvss,Deaths,age-adjusted rate
1992,A,Black or African American,65,74,All Origins,3,12,all-cause,overall,2827.14707662742,666,nvss,Deaths,age-adjusted rate
1992,A,Black or African American,75,84,All Origins,3,12,all-cause,overall,4512.94334926754,666,nvss,Deaths,age-adjusted rate
1992,A,Black or African American,85,150,All Origins,3,12,all-cause,overall,3625.81108126457,666,nvss,Deaths,age-adjusted rate
1992,A,Black or African American,35,44,All Origins,3,12,cvd_ihd,total,20.6412748320153,666,nvss,Deaths,age-adjusted rate
1992,A,Black or African American,45,54,All Origins,3,12,cvd_ihd,total,60.4089397415143,666,nvss,Deaths,age-adjusted rate
1992,A,Black or African American,55,64,All Origins,3,12,cvd_ihd,total,127.461051948142,666,nvss,Deaths,age-adjusted rate
1992,A,Black or African American,65,74,All Origins,3,12,cvd_ihd,total,243.004256062315,666,nvss,Deaths,age-adjusted rate
1992,A,Black or African American,75,84,All Origins,3,12,cvd_ihd,total,437.024158328279,666,nvss,Deaths,age-adjusted rate
1992,A,Black or African American,85,150,All Origins,3,12,cvd_ihd,total,561.415909357095,666,nvss,Deaths,age-adjusted rate
1992,A,Black or African American,35,44,All Origins,3,12,cvd_stroke,total,20.6412748320153,666,nvss,Deaths,age-adjusted rate
1992,A,Black or African American,45,54,All Origins,3,12,cvd_stroke,total,32.5278906300462,666,nvss,Deaths,age-adjusted rate
1992,A,Black or African American,55,64,All Origins,3,12,cvd_stroke,total,31.8652629870354,666,nvss,Deaths,age-adjusted rate
1992,A,Black or African American,65,74,All Origins,3,12,cvd_stroke,total,65.1962638215967,666,nvss,Deaths,age-adjusted rate
1992,A,Black or African American,75,84,All Origins,3,12,cvd_stroke,total,205.13378860307,666,nvss,Deaths,age-adjusted rate
1992,A,Black or African American,85,150,All Origins,3,12,cvd_stroke,total,128.657812561001,666,nvss,Deaths,age-adjusted rate
1992,A,Black or African American,55,64,All Origins,3,12,lri,total,5.3108771645059,666,nvss,Deaths,age-adjusted rate
1992,A,Black or African American,65,74,All Origins,3,12,lri,total,5.92693307469061,666,nvss,Deaths,age-adjusted rate
1992,A,Black or African American,25,34,All Origins,3,12,ncd_lri,total,174.283597567514,666,nvss,Deaths,age-adjusted rate
1992,A,Black or African American,35,44,All Origins,3,12,ncd_lri,total,481.629746080357,666,nvss,Deaths,age-adjusted rate
1992,A,Black or African American,45,54,All Origins,3,12,ncd_lri,total,822.49094878831,666,nvss,Deaths,age-adjusted rate
1992,A,Black or African American,55,64,All Origins,3,12,ncd_lri,total,1699.48069264189,666,nvss,Deaths,age-adjusted rate
1992,A,Black or African American,65,74,All Origins,3,12,ncd_lri,total,2595.99668671449,666,nvss,Deaths,age-adjusted rate
1992,A,Black or African American,75,84,All Origins,3,12,ncd_lri,total,4182.94551542782,666,nvss,Deaths,age-adjusted rate
1992,A,Black or African American,85,150,All Origins,3,12,ncd_lri,total,3333.40696180775,666,nvss,Deaths,age-adjusted rate
1992,A,Black or African American,25,34,All Origins,3,12,neo_lung,total,10.4049908995531,666,nvss,Deaths,age-adjusted rate
1992,A,Black or African American,35,44,All Origins,3,12,neo_lung,total,13.7608498880102,666,nvss,Deaths,age-adjusted rate
1992,A,Black or African American,45,54,All Origins,3,12,neo_lung,total,74.3494642972484,666,nvss,Deaths,age-adjusted rate
1992,A,Black or African American,55,64,All Origins,3,12,neo_lung,total,196.502455086718,666,nvss,Deaths,age-adjusted rate
1992,A,Black or African American,65,74,All Origins,3,12,neo_lung,total,260.785055286387,666,nvss,Deaths,age-adjusted rate
1992,A,Black or African American,75,84,All Origins,3,12,neo_lung,total,205.13378860307,666,nvss,Deaths,age-adjusted rate
1992,A,Black or African American,85,150,All Origins,3,12,neo_lung,total,116.961647782728,666,nvss,Deaths,age-adjusted rate
1992,A,Black or African American,25,34,All Origins,3,12,resp_copd,total,2.60124772488827,666,nvss,Deaths,age-adjusted rate
1992,A,Black or African American,35,44,All Origins,3,12,resp_copd,total,3.44021247200255,666,nvss,Deaths,age-adjusted rate
1992,A,Black or African American,45,54,All Origins,3,12,resp_copd,total,37.1747321486242,666,nvss,Deaths,age-adjusted rate
1992,A,Black or African American,55,64,All Origins,3,12,resp_copd,total,42.4870173160472,666,nvss,Deaths,age-adjusted rate
1992,A,Black or African American,65,74,All Origins,3,12,resp_copd,total,124.465594568503,666,nvss,Deaths,age-adjusted rate
1992,A,Black or African American,75,84,All Origins,3,12,resp_copd,total,196.214928229023,666,nvss,Deaths,age-adjusted rate
1992,A,Black or African American,85,150,All Origins,3,12,resp_copd,total,81.8731534479096,666,nvss,Deaths,age-adjusted rate
1992,A,Black or African American,25,34,All Origins,3,12,t2_dm,total,2.60124772488827,666,nvss,Deaths,age-adjusted rate
1992,A,Black or African American,35,44,All Origins,3,12,t2_dm,total,13.7608498880102,666,nvss,Deaths,age-adjusted rate
1992,A,Black or African American,45,54,All Origins,3,12,t2_dm,total,46.4684151857802,666,nvss,Deaths,age-adjusted rate
1992,A,Black or African American,55,64,All Origins,3,12,t2_dm,total,122.150174783636,666,nvss,Deaths,age-adjusted rate
1992,A,Black or African American,65,74,All Origins,3,12,t2_dm,total,183.734925315409,666,nvss,Deaths,age-adjusted rate
1992,A,Black or African American,75,84,All Origins,3,12,t2_dm,total,258.646950847349,666,nvss,Deaths,age-adjusted rate
1992,A,Black or African American,85,150,All Origins,3,12,t2_dm,total,152.050142117546,666,nvss,Deaths,age-adjusted rate
1992,A,Black or African American,25,34,All Origins,3,17,all-cause,overall,101681.19807943,666,nvss,Deaths,age-adjusted rate
1992,A,Black or African American,35,44,All Origins,3,17,all-cause,overall,54937.0514076017,666,nvss,Deaths,age-adjusted rate
1992,A,Black or African American,45,54,All Origins,3,17,all-cause,overall,629228.723551647,666,nvss,Deaths,age-adjusted rate
1992,A,Black or African American,55,64,All Origins,3,17,all-cause,overall,3228212.37610795,666,nvss,Deaths,age-adjusted rate
1992,A,Black or African American,65,74,All Origins,3,17,all-cause,overall,767660.322729143,666,nvss,Deaths,age-adjusted rate
1992,A,Black or African American,45,54,All Origins,3,17,cvd_ihd,total,44944.9088251177,666,nvss,Deaths,age-adjusted rate
1992,A,Black or African American,55,64,All Origins,3,17,cvd_ihd,total,87248.9831380527,666,nvss,Deaths,age-adjusted rate
1992,A,Black or African American,65,74,All Origins,3,17,cvd_ihd,total,107307.356940633,666,nvss,Deaths,age-adjusted rate
1992,A,Black or African American,55,64,All Origins,3,17,cvd_stroke,total,174497.966276105,666,nvss,Deaths,age-adjusted rate
1992,A,Black or African American,65,74,All Origins,3,17,cvd_stroke,total,24763.2362170691,666,nvss,Deaths,age-adjusted rate
1992,A,Black or African American,25,34,All Origins,3,17,ncd_lri,total,72024.1819729295,666,nvss,Deaths,age-adjusted rate
1992,A,Black or African American,35,44,All Origins,3,17,ncd_lri,total,37357.1949571692,666,nvss,Deaths,age-adjusted rate
1992,A,Black or African American,45,54,All Origins,3,17,ncd_lri,total,539338.905901412,666,nvss,Deaths,age-adjusted rate
1992,A,Black or African American,55,64,All Origins,3,17,ncd_lri,total,3140963.3929699,666,nvss,Deaths,age-adjusted rate
1992,A,Black or African American,65,74,All Origins,3,17,ncd_lri,total,734642.674439718,666,nvss,Deaths,age-adjusted rate
1992,A,Black or African American,45,54,All Origins,3,17,neo_lung,total,44944.9088251177,666,nvss,Deaths,age-adjusted rate
1992,A,Black or African American,55,64,All Origins,3,17,neo_lung,total,348995.932552211,666,nvss,Deaths,age-adjusted rate
1992,A,Black or African American,65,74,All Origins,3,17,neo_lung,total,82544.1207235638,666,nvss,Deaths,age-adjusted rate
1992,A,Black or African American,25,34,All Origins,3,17,resp_copd,total,8473.43317328583,666,nvss,Deaths,age-adjusted rate
1992,A,Black or African American,45,54,All Origins,3,17,resp_copd,total,22472.4544125588,666,nvss,Deaths,age-adjusted rate
1992,A,Black or African American,55,64,All Origins,3,17,resp_copd,total,43624.4915690264,666,nvss,Deaths,age-adjusted rate
1992,A,Black or African American,65,74,All Origins,3,17,resp_copd,total,33017.6482894255,666,nvss,Deaths,age-adjusted rate
1992,A,Black or African American,25,34,All Origins,3,17,t2_dm,total,4236.71658664291,666,nvss,Deaths,age-adjusted rate
1992,A,Black or African American,35,44,All Origins,3,17,t2_dm,total,2197.48205630407,666,nvss,Deaths,age-adjusted rate
1992,A,Black or African American,55,64,All Origins,3,17,t2_dm,total,174497.966276105,666,nvss,Deaths,age-adjusted rate
1992,A,Black or African American,65,74,All Origins,3,17,t2_dm,total,33017.6482894255,666,nvss,Deaths,age-adjusted rate
1992,A,Black or African American,25,34,All Origins,3,18,all-cause,overall,4791.2607179467,666,nvss,Deaths,age-adjusted rate
1992,A,Black or African American,35,44,All Origins,3,18,all-cause,overall,8091.21437862595,666,nvss,Deaths,age-adjusted rate
1992,A,Black or African American,45,54,All Origins,3,18,all-cause,overall,9586.87285481101,666,nvss,Deaths,age-adjusted rate
1992,A,Black or African American,55,64,All Origins,3,18,all-cause,overall,35474.8616191173,666,nvss,Deaths,age-adjusted rate
1992,A,Black or African American,65,74,All Origins,3,18,all-cause,overall,39273.6240402333,666,nvss,Deaths,age-adjusted rate
1992,A,Black or African American,75,84,All Origins,3,18,all-cause,overall,93547.193449485,666,nvss,Deaths,age-adjusted rate
1992,A,Black or African American,85,150,All Origins,3,18,all-cause,overall,53504.5404170827,666,nvss,Deaths,age-adjusted rate
1992,A,Black or African American,35,44,All Origins,3,18,cvd_ihd,total,197.346692161609,666,nvss,Deaths,age-adjusted rate
1992,A,Black or African American,45,54,All Origins,3,18,cvd_ihd,total,927.761889175259,666,nvss,Deaths,age-adjusted rate
1992,A,Black or African American,55,64,All Origins,3,18,cvd_ihd,total,2876.34013127978,666,nvss,Deaths,age-adjusted rate
1992,A,Black or African American,65,74,All Origins,3,18,cvd_ihd,total,3475.54195046313,666,nvss,Deaths,age-adjusted rate
1992,A,Black or African American,75,84,All Origins,3,18,cvd_ihd,total,8504.29031358954,666,nvss,Deaths,age-adjusted rate
1992,A,Black or African American,85,150,All Origins,3,18,cvd_ihd,total,6978.85309788035,666,nvss,Deaths,age-adjusted rate
1992,A,Black or African American,35,44,All Origins,3,18,cvd_stroke,total,197.346692161609,666,nvss,Deaths,age-adjusted rate
1992,A,Black or African American,55,64,All Origins,3,18,cvd_stroke,total,1438.17006563989,666,nvss,Deaths,age-adjusted rate
1992,A,Black or African American,65,74,All Origins,3,18,cvd_stroke,total,695.108390092626,666,nvss,Deaths,age-adjusted rate
1992,A,Black or African American,85,150,All Origins,3,18,cvd_stroke,total,1550.85624397341,666,nvss,Deaths,age-adjusted rate
1992,A,Black or African American,25,34,All Origins,3,18,ncd_lri,total,2129.44920797631,666,nvss,Deaths,age-adjusted rate
1992,A,Black or African American,35,44,All Origins,3,18,ncd_lri,total,5131.01399620182,666,nvss,Deaths,age-adjusted rate
1992,A,Black or African American,45,54,All Origins,3,18,ncd_lri,total,7112.84115034365,666,nvss,Deaths,age-adjusted rate
1992,A,Black or African American,55,64,All Origins,3,18,ncd_lri,total,32598.5214878375,666,nvss,Deaths,age-adjusted rate
1992,A,Black or African American,65,74,All Origins,3,18,ncd_lri,total,37535.8530650018,666,nvss,Deaths,age-adjusted rate
1992,A,Black or African American,75,84,All Origins,3,18,ncd_lri,total,89681.6069433079,666,nvss,Deaths,age-adjusted rate
1992,A,Black or African American,85,150,All Origins,3,18,ncd_lri,total,48851.9716851625,666,nvss,Deaths,age-adjusted rate
1992,A,Black or African American,35,44,All Origins,3,18,neo_lung,total,197.346692161609,666,nvss,Deaths,age-adjusted rate
1992,A,Black or African American,45,54,All Origins,3,18,neo_lung,total,927.761889175259,666,nvss,Deaths,age-adjusted rate
1992,A,Black or African American,55,64,All Origins,3,18,neo_lung,total,2876.34013127978,666,nvss,Deaths,age-adjusted rate
1992,A,Black or African American,65,74,All Origins,3,18,neo_lung,total,3475.54195046313,666,nvss,Deaths,age-adjusted rate
1992,A,Black or African American,75,84,All Origins,3,18,neo_lung,total,6958.05571111872,666,nvss,Deaths,age-adjusted rate
1992,A,Black or African American,55,64,All Origins,3,18,resp_copd,total,2396.95010939982,666,nvss,Deaths,age-adjusted rate
1992,A,Black or African American,65,74,All Origins,3,18,resp_copd,total,2432.87936532419,666,nvss,Deaths,age-adjusted rate
1992,A,Black or African American,75,84,All Origins,3,18,resp_copd,total,3092.46920494165,666,nvss,Deaths,age-adjusted rate
1992,A,Black or African American,85,150,All Origins,3,18,resp_copd,total,775.428121986706,666,nvss,Deaths,age-adjusted rate
1992,A,Black or African American,45,54,All Origins,3,18,t2_dm,total,618.507926116839,666,nvss,Deaths,age-adjusted rate
1992,A,Black or African American,55,64,All Origins,3,18,t2_dm,total,1917.56008751986,666,nvss,Deaths,age-adjusted rate
1992,A,Black or African American,65,74,All Origins,3,18,t2_dm,total,2780.4335603705,666,nvss,Deaths,age-adjusted rate
1992,A,Black or African American,75,84,All Origins,3,18,t2_dm,total,9277.40761482496,666,nvss,Deaths,age-adjusted rate
1992,A,Black or African American,85,150,All Origins,3,18,t2_dm,total,3877.14060993353,666,nvss,Deaths,age-adjusted rate
1992,A,Black or African American,25,34,All Origins,3,20,all-cause,overall,46603.883587697,666,nvss,Deaths,age-adjusted rate
1992,A,Black or African American,35,44,All Origins,3,20,all-cause,overall,119568.877896068,666,nvss,Deaths,age-adjusted rate
1992,A,Black or African American,45,54,All Origins,3,20,all-cause,overall,1112386.49342166,666,nvss,Deaths,age-adjusted rate
1992,A,Black or African American,55,64,All Origins,3,20,all-cause,overall,146453.651114188,666,nvss,Deaths,age-adjusted rate
1992,A,Black or African American,65,74,All Origins,3,20,all-cause,overall,297158.840405144,666,nvss,Deaths,age-adjusted rate
1992,A,Black or African American,85,150,All Origins,3,20,all-cause,overall,43423.9758317019,666,nvss,Deaths,age-adjusted rate
1992,A,Black or African American,45,54,All Origins,3,20,cvd_ihd,total,33708.6816188382,666,nvss,Deaths,age-adjusted rate
1992,A,Black or African American,55,64,All Origins,3,20,cvd_ihd,total,6232.07026017823,666,nvss,Deaths,age-adjusted rate
1992,A,Black or African American,65,74,All Origins,3,20,cvd_ihd,total,26414.1191471239,666,nvss,Deaths,age-adjusted rate
1992,A,Black or African American,85,150,All Origins,3,20,cvd_ihd,total,1550.85627970364,666,nvss,Deaths,age-adjusted rate
1992,A,Black or African American,65,74,All Origins,3,20,cvd_stroke,total,6603.52978678097,666,nvss,Deaths,age-adjusted rate
1992,A,Black or African American,85,150,All Origins,3,20,cvd_stroke,total,6203.42511881455,666,nvss,Deaths,age-adjusted rate
1992,A,Black or African American,25,34,All Origins,3,20,ncd_lri,total,16946.8667591625,666,nvss,Deaths,age-adjusted rate
1992,A,Black or African American,35,44,All Origins,3,20,ncd_lri,total,86089.5920851686,666,nvss,Deaths,age-adjusted rate
1992,A,Black or African American,45,54,All Origins,3,20,ncd_lri,total,977551.766946309,666,nvss,Deaths,age-adjusted rate
1992,A,Black or African American,55,64,All Origins,3,20,ncd_lri,total,137105.545723921,666,nvss,Deaths,age-adjusted rate
1992,A,Black or African American,65,74,All Origins,3,20,ncd_lri,total,264141.191471239,666,nvss,Deaths,age-adjusted rate
1992,A,Black or African American,85,150,All Origins,3,20,ncd_lri,total,40322.2632722946,666,nvss,Deaths,age-adjusted rate
1992,A,Black or African American,35,44,All Origins,3,20,neo_lung,total,14348.2653475281,666,nvss,Deaths,age-adjusted rate
1992,A,Black or African American,45,54,All Origins,3,20,neo_lung,total,168543.408094191,666,nvss,Deaths,age-adjusted rate
1992,A,Black or African American,55,64,All Origins,3,20,neo_lung,total,21812.2459106238,666,nvss,Deaths,age-adjusted rate
1992,A,Black or African American,65,74,All Origins,3,20,neo_lung,total,39621.1787206858,666,nvss,Deaths,age-adjusted rate
1992,A,Black or African American,45,54,All Origins,3,20,resp_copd,total,33708.6816188382,666,nvss,Deaths,age-adjusted rate
1992,A,Black or African American,55,64,All Origins,3,20,resp_copd,total,3116.03513008911,666,nvss,Deaths,age-adjusted rate
1992,A,Black or African American,85,150,All Origins,3,20,resp_copd,total,1550.85627970364,666,nvss,Deaths,age-adjusted rate
1992,A,Black or African American,55,64,All Origins,3,20,t2_dm,total,6232.07026017823,666,nvss,Deaths,age-adjusted rate
1992,A,Black or African American,65,74,All Origins,3,20,t2_dm,total,6603.52978678097,666,nvss,Deaths,age-adjusted rate
1992,A,Black or African American,85,150,All Origins,3,20,t2_dm,total,1550.85627970364,666,nvss,Deaths,age-adjusted rate
1992,A,Black or African American,25,34,All Origins,3,21,all-cause,overall,2367.19135099832,666,nvss,Deaths,age-adjusted rate
1992,A,Black or African American,35,44,All Origins,3,21,all-cause,overall,4703.68630036024,666,nvss,Deaths,age-adjusted rate
1992,A,Black or African American,45,54,All Origins,3,21,all-cause,overall,5038.29374502231,666,nvss,Deaths,age-adjusted rate
1992,A,Black or African American,55,64,All Origins,3,21,all-cause,overall,8016.46251855987,666,nvss,Deaths,age-adjusted rate
1992,A,Black or African American,65,74,All Origins,3,21,all-cause,overall,9545.30136172518,666,nvss,Deaths,age-adjusted rate
1992,A,Black or African American,75,84,All Origins,3,21,all-cause,overall,8807.91893006998,666,nvss,Deaths,age-adjusted rate
1992,A,Black or African American,85,150,All Origins,3,21,all-cause,overall,7919.35248953385,666,nvss,Deaths,age-adjusted rate
1992,A,Black or African American,25,34,All Origins,3,21,cvd_ihd,total,215.19921372712,666,nvss,Deaths,age-adjusted rate
1992,A,Black or African American,35,44,All Origins,3,21,cvd_ihd,total,671.955185765749,666,nvss,Deaths,age-adjusted rate
1992,A,Black or African American,55,64,All Origins,3,21,cvd_ihd,total,372.858721793482,666,nvss,Deaths,age-adjusted rate
1992,A,Black or African American,65,74,All Origins,3,21,cvd_ihd,total,312.960700384432,666,nvss,Deaths,age-adjusted rate
1992,A,Black or African American,75,84,All Origins,3,21,cvd_ihd,total,1067.62653697818,666,nvss,Deaths,age-adjusted rate
1992,A,Black or African American,85,150,All Origins,3,21,cvd_ihd,total,659.946040794487,666,nvss,Deaths,age-adjusted rate
1992,A,Black or African American,35,44,All Origins,3,21,cvd_stroke,total,335.977592882875,666,nvss,Deaths,age-adjusted rate
1992,A,Black or African American,85,150,All Origins,3,21,cvd_stroke,total,164.986510198622,666,nvss,Deaths,age-adjusted rate
1992,A,Black or African American,25,34,All Origins,3,21,ncd_lri,total,1075.9960686356,666,nvss,Deaths,age-adjusted rate
1992,A,Black or African American,35,44,All Origins,3,21,ncd_lri,total,3023.79833594587,666,nvss,Deaths,age-adjusted rate
1992,A,Black or African American,45,54,All Origins,3,21,ncd_lri,total,4558.45624549638,666,nvss,Deaths,age-adjusted rate
1992,A,Black or African American,55,64,All Origins,3,21,ncd_lri,total,7643.60379676639,666,nvss,Deaths,age-adjusted rate
1992,A,Black or African American,65,74,All Origins,3,21,ncd_lri,total,8919.37996095632,666,nvss,Deaths,age-adjusted rate
1992,A,Black or African American,75,84,All Origins,3,21,ncd_lri,total,8274.10566158089,666,nvss,Deaths,age-adjusted rate
1992,A,Black or African American,85,150,All Origins,3,21,ncd_lri,total,6929.43342834212,666,nvss,Deaths,age-adjusted rate
1992,A,Black or African American,35,44,All Origins,3,21,neo_lung,total,335.977592882875,666,nvss,Deaths,age-adjusted rate
1992,A,Black or African American,45,54,All Origins,3,21,neo_lung,total,719.756249288902,666,nvss,Deaths,age-adjusted rate
1992,A,Black or African American,55,64,All Origins,3,21,neo_lung,total,1677.86424807067,666,nvss,Deaths,age-adjusted rate
1992,A,Black or African American,65,74,All Origins,3,21,neo_lung,total,1408.32315172995,666,nvss,Deaths,age-adjusted rate
1992,A,Black or African American,75,84,All Origins,3,21,neo_lung,total,266.906634244545,666,nvss,Deaths,age-adjusted rate
1992,A,Black or African American,55,64,All Origins,3,21,resp_copd,total,186.429360896741,666,nvss,Deaths,age-adjusted rate
1992,A,Black or African American,65,74,All Origins,3,21,resp_copd,total,156.480350192216,666,nvss,Deaths,age-adjusted rate
1992,A,Black or African American,75,84,All Origins,3,21,resp_copd,total,533.81326848909,666,nvss,Deaths,age-adjusted rate
1992,A,Black or African American,85,150,All Origins,3,21,resp_copd,total,494.959530595865,666,nvss,Deaths,age-adjusted rate
1992,A,Black or African American,45,54,All Origins,3,21,t2_dm,total,239.918749762967,666,nvss,Deaths,age-adjusted rate
1992,A,Black or African American,55,64,All Origins,3,21,t2_dm,total,186.429360896741,666,nvss,Deaths,age-adjusted rate
1992,A,Black or African American,75,84,All Origins,3,21,t2_dm,total,400.359951366817,666,nvss,Deaths,age-adjusted rate
1992,A,Black or African American,85,150,All Origins,3,21,t2_dm,total,329.973020397244,666,nvss,Deaths,age-adjusted rate
1992,A,Black or African American,25,34,All Origins,3,22,all-cause,overall,1967.70738897356,666,nvss,Deaths,age-adjusted rate
1992,A,Black or African American,35,44,All Origins,3,22,all-cause,overall,4398.48532113505,666,nvss,Deaths,age-adjusted rate
1992,A,Black or African American,45,54,All Origins,3,22,all-cause,overall,7764.36745387601,666,nvss,Deaths,age-adjusted rate
1992,A,Black or African American,55,64,All Origins,3,22,all-cause,overall,9312.79912546863,666,nvss,Deaths,age-adjusted rate
1992,A,Black or African American,65,74,All Origins,3,22,all-cause,overall,14427.6351908581,666,nvss,Deaths,age-adjusted rate
1992,A,Black or African American,75,84,All Origins,3,22,all-cause,overall,17691.7751016438,666,nvss,Deaths,age-adjusted rate
1992,A,Black or African American,85,150,All Origins,3,22,all-cause,overall,12870.5407142443,666,nvss,Deaths,age-adjusted rate
1992,A,Black or African American,35,44,All Origins,3,22,cvd_ihd,total,130.132701808729,666,nvss,Deaths,age-adjusted rate
1992,A,Black or African American,45,54,All Origins,3,22,cvd_ihd,total,302.999705517112,666,nvss,Deaths,age-adjusted rate
1992,A,Black or African American,55,64,All Origins,3,22,cvd_ihd,total,824.141515528197,666,nvss,Deaths,age-adjusted rate
1992,A,Black or African American,65,74,All Origins,3,22,cvd_ihd,total,1564.81943501714,666,nvss,Deaths,age-adjusted rate
1992,A,Black or African American,75,84,All Origins,3,22,cvd_ihd,total,2201.28077301559,666,nvss,Deaths,age-adjusted rate
1992,A,Black or African American,85,150,All Origins,3,22,cvd_ihd,total,2478.17864684207,666,nvss,Deaths,age-adjusted rate
1992,A,Black or African American,25,34,All Origins,3,22,cvd_stroke,total,16.3975615747797,666,nvss,Deaths,age-adjusted rate
1992,A,Black or African American,35,44,All Origins,3,22,cvd_stroke,total,52.0530807234917,666,nvss,Deaths,age-adjusted rate
1992,A,Black or African American,45,54,All Origins,3,22,cvd_stroke,total,113.624889568917,666,nvss,Deaths,age-adjusted rate
1992,A,Black or African American,55,64,All Origins,3,22,cvd_stroke,total,137.3569192547,666,nvss,Deaths,age-adjusted rate
1992,A,Black or African American,65,74,All Origins,3,22,cvd_stroke,total,93.8891661010285,666,nvss,Deaths,age-adjusted rate
1992,A,Black or African American,75,84,All Origins,3,22,cvd_stroke,total,203.82229379774,666,nvss,Deaths,age-adjusted rate
1992,A,Black or African American,85,150,All Origins,3,22,cvd_stroke,total,159.88249334465,666,nvss,Deaths,age-adjusted rate
1992,A,Black or African American,25,34,All Origins,3,22,ncd_lri,total,885.468325038104,666,nvss,Deaths,age-adjusted rate
1992,A,Black or African American,35,44,All Origins,3,22,ncd_lri,total,3175.23792413299,666,nvss,Deaths,age-adjusted rate
1992,A,Black or African American,45,54,All Origins,3,22,ncd_lri,total,6438.74374223864,666,nvss,Deaths,age-adjusted rate
1992,A,Black or African American,55,64,All Origins,3,22,ncd_lri,total,8845.78560000265,666,nvss,Deaths,age-adjusted rate
1992,A,Black or African American,65,74,All Origins,3,22,ncd_lri,total,13676.5218620498,666,nvss,Deaths,age-adjusted rate
1992,A,Black or African American,75,84,All Origins,3,22,ncd_lri,total,16101.9612100215,666,nvss,Deaths,age-adjusted rate
1992,A,Black or African American,85,150,All Origins,3,22,ncd_lri,total,11711.3926374956,666,nvss,Deaths,age-adjusted rate
1992,A,Black or African American,35,44,All Origins,3,22,neo_lung,total,130.132701808729,666,nvss,Deaths,age-adjusted rate
1992,A,Black or African American,45,54,All Origins,3,22,neo_lung,total,568.124447844586,666,nvss,Deaths,age-adjusted rate
1992,A,Black or African American,55,64,All Origins,3,22,neo_lung,total,1071.38397018666,666,nvss,Deaths,age-adjusted rate
1992,A,Black or African American,65,74,All Origins,3,22,neo_lung,total,1439.63388021577,666,nvss,Deaths,age-adjusted rate
1992,A,Black or African American,75,84,All Origins,3,22,neo_lung,total,1182.16930402689,666,nvss,Deaths,age-adjusted rate
1992,A,Black or African American,85,150,All Origins,3,22,neo_lung,total,319.7649866893,666,nvss,Deaths,age-adjusted rate
1992,A,Black or African American,25,34,All Origins,3,22,resp_copd,total,16.3975615747797,666,nvss,Deaths,age-adjusted rate
1992,A,Black or African American,45,54,All Origins,3,22,resp_copd,total,75.7499263792781,666,nvss,Deaths,age-adjusted rate
1992,A,Black or African American,55,64,All Origins,3,22,resp_copd,total,219.771070807519,666,nvss,Deaths,age-adjusted rate
1992,A,Black or African American,65,74,All Origins,3,22,resp_copd,total,312.963887003428,666,nvss,Deaths,age-adjusted rate
1992,A,Black or African American,75,84,All Origins,3,22,resp_copd,total,489.173505114577,666,nvss,Deaths,age-adjusted rate
1992,A,Black or African American,85,150,All Origins,3,22,resp_copd,total,159.88249334465,666,nvss,Deaths,age-adjusted rate
1992,A,Black or African American,35,44,All Origins,3,22,t2_dm,total,182.185782532221,666,nvss,Deaths,age-adjusted rate
1992,A,Black or African American,45,54,All Origins,3,22,t2_dm,total,378.749631896391,666,nvss,Deaths,age-adjusted rate
1992,A,Black or African American,55,64,All Origins,3,22,t2_dm,total,467.013525465978,666,nvss,Deaths,age-adjusted rate
1992,A,Black or African American,65,74,All Origins,3,22,t2_dm,total,813.706106208914,666,nvss,Deaths,age-adjusted rate
1992,A,Black or African American,75,84,All Origins,3,22,t2_dm,total,1059.87592774825,666,nvss,Deaths,age-adjusted rate
1992,A,Black or African American,85,150,All Origins,3,22,t2_dm,total,559.588726706274,666,nvss,Deaths,age-adjusted rate
1992,A,Black or African American,25,34,All Origins,3,24,all-cause,overall,311095.651099297,666,nvss,Deaths,age-adjusted rate
1992,A,Black or African American,35,44,All Origins,3,24,all-cause,overall,166030.104772081,666,nvss,Deaths,age-adjusted rate
1992,A,Black or African American,45,54,All Origins,3,24,all-cause,overall,652424.419056656,666,nvss,Deaths,age-adjusted rate
1992,A,Black or African American,55,64,All Origins,3,24,all-cause,overall,428379.816945043,666,nvss,Deaths,age-adjusted rate
1992,A,Black or African American,65,74,All Origins,3,24,all-cause,overall,544375.598749836,666,nvss,Deaths,age-adjusted rate
1992,A,Black or African American,75,84,All Origins,3,24,all-cause,overall,608577.388933314,666,nvss,Deaths,age-adjusted rate
1992,A,Black or African American,85,150,All Origins,3,24,all-cause,overall,1078717.8115806,666,nvss,Deaths,age-adjusted rate
1992,A,Black or African American,55,64,All Origins,3,24,cvd_ihd,total,142793.272315014,666,nvss,Deaths,age-adjusted rate
1992,A,Black or African American,75,84,All Origins,3,24,cvd_ihd,total,121715.477786663,666,nvss,Deaths,age-adjusted rate
1992,A,Black or African American,85,150,All Origins,3,24,cvd_stroke,total,215743.562316119,666,nvss,Deaths,age-adjusted rate
1992,A,Black or African American,25,34,All Origins,3,24,ncd_lri,total,311095.651099297,666,nvss,Deaths,age-adjusted rate
1992,A,Black or African American,35,44,All Origins,3,24,ncd_lri,total,166030.104772081,666,nvss,Deaths,age-adjusted rate
1992,A,Black or African American,45,54,All Origins,3,24,ncd_lri,total,652424.419056656,666,nvss,Deaths,age-adjusted rate
1992,A,Black or African American,55,64,All Origins,3,24,ncd_lri,total,428379.816945043,666,nvss,Deaths,age-adjusted rate
1992,A,Black or African American,65,74,All Origins,3,24,ncd_lri,total,544375.598749836,666,nvss,Deaths,age-adjusted rate
1992,A,Black or African American,75,84,All Origins,3,24,ncd_lri,total,608577.388933314,666,nvss,Deaths,age-adjusted rate
1992,A,Black or African American,85,150,All Origins,3,24,ncd_lri,total,1078717.8115806,666,nvss,Deaths,age-adjusted rate
1992,A,Black or African American,35,44,All Origins,3,24,neo_lung,total,166030.104772081,666,nvss,Deaths,age-adjusted rate
1992,A,Black or African American,45,54,All Origins,3,24,neo_lung,total,163106.104764164,666,nvss,Deaths,age-adjusted rate
1992,A,Black or African American,55,64,All Origins,3,24,neo_lung,total,285586.544630028,666,nvss,Deaths,age-adjusted rate
1992,A,Black or African American,65,74,All Origins,3,24,neo_lung,total,181458.532916612,666,nvss,Deaths,age-adjusted rate
1992,A,Black or African American,75,84,All Origins,3,24,neo_lung,total,121715.477786663,666,nvss,Deaths,age-adjusted rate
1992,A,Black or African American,65,74,All Origins,3,24,resp_copd,total,90729.2664583059,666,nvss,Deaths,age-adjusted rate
1992,A,Black or African American,25,34,All Origins,3,27,all-cause,overall,6778.78723923633,666,nvss,Deaths,age-adjusted rate
1992,A,Black or African American,55,64,All Origins,3,27,all-cause,overall,6232.12371117059,666,nvss,Deaths,age-adjusted rate
1992,A,Black or African American,65,74,All Origins,3,27,all-cause,overall,12381.6598280193,666,nvss,Deaths,age-adjusted rate
1992,A,Black or African American,55,64,All Origins,3,27,cvd_ihd,total,6232.12371117059,666,nvss,Deaths,age-adjusted rate
1992,A,Black or African American,65,74,All Origins,3,27,cvd_ihd,total,2063.60997133654,666,nvss,Deaths,age-adjusted rate
1992,A,Black or African American,55,64,All Origins,3,27,ncd_lri,total,6232.12371117059,666,nvss,Deaths,age-adjusted rate
1992,A,Black or African American,65,74,All Origins,3,27,ncd_lri,total,12381.6598280193,666,nvss,Deaths,age-adjusted rate
1992,A,Black or African American,65,74,All Origins,3,27,neo_lung,total,4127.21994267309,666,nvss,Deaths,age-adjusted rate
1992,A,Black or African American,65,74,All Origins,3,27,resp_copd,total,2063.60997133654,666,nvss,Deaths,age-adjusted rate
1992,A,Black or African American,25,34,All Origins,3,28,all-cause,overall,1365.52053138371,666,nvss,Deaths,age-adjusted rate
1992,A,Black or African American,35,44,All Origins,3,28,all-cause,overall,2498.5412604687,666,nvss,Deaths,age-adjusted rate
1992,A,Black or African American,45,54,All Origins,3,28,all-cause,overall,2628.89834974044,666,nvss,Deaths,age-adjusted rate
1992,A,Black or African American,55,64,All Origins,3,28,all-cause,overall,3831.5405628017,666,nvss,Deaths,age-adjusted rate
1992,A,Black or African American,65,74,All Origins,3,28,all-cause,overall,4269.70512199415,666,nvss,Deaths,age-adjusted rate
1992,A,Black or African American,75,84,All Origins,3,28,all-cause,overall,5487.70941888673,666,nvss,Deaths,age-adjusted rate
1992,A,Black or African American,85,150,All Origins,3,28,all-cause,overall,4190.2745763434,666,nvss,Deaths,age-adjusted rate
1992,A,Black or African American,45,54,All Origins,3,28,cvd_ihd,total,79.6635863557709,666,nvss,Deaths,age-adjusted rate
1992,A,Black or African American,55,64,All Origins,3,28,cvd_ihd,total,59.8678212937766,666,nvss,Deaths,age-adjusted rate
1992,A,Black or African American,65,74,All Origins,3,28,cvd_ihd,total,222.215136460662,666,nvss,Deaths,age-adjusted rate
1992,A,Black or African American,75,84,All Origins,3,28,cvd_ihd,total,228.654559120281,666,nvss,Deaths,age-adjusted rate
1992,A,Black or African American,85,150,All Origins,3,28,cvd_ihd,total,219.490573046559,666,nvss,Deaths,age-adjusted rate
1992,A,Black or African American,35,44,All Origins,3,28,cvd_stroke,total,93.4034116063065,666,nvss,Deaths,age-adjusted rate
1992,A,Black or African American,55,64,All Origins,3,28,cvd_stroke,total,99.7797021562943,666,nvss,Deaths,age-adjusted rate
1992,A,Black or African American,65,74,All Origins,3,28,cvd_stroke,total,31.7450194943803,666,nvss,Deaths,age-adjusted rate
1992,A,Black or African American,75,84,All Origins,3,28,cvd_stroke,total,65.3298740343659,666,nvss,Deaths,age-adjusted rate
1992,A,Black or African American,85,150,All Origins,3,28,cvd_stroke,total,39.9073769175562,666,nvss,Deaths,age-adjusted rate
1992,A,Black or African American,25,34,All Origins,3,28,ncd_lri,total,682.760265691855,666,nvss,Deaths,age-adjusted rate
1992,A,Black or African American,35,44,All Origins,3,28,ncd_lri,total,1961.47164373244,666,nvss,Deaths,age-adjusted rate
1992,A,Black or African American,45,54,All Origins,3,28,ncd_lri,total,2363.35306188787,666,nvss,Deaths,age-adjusted rate
1992,A,Black or African American,55,64,All Origins,3,28,ncd_lri,total,3552.15739676408,666,nvss,Deaths,age-adjusted rate
1992,A,Black or African American,65,74,All Origins,3,28,ncd_lri,total,3983.99994654473,666,nvss,Deaths,age-adjusted rate
1992,A,Black or African American,75,84,All Origins,3,28,ncd_lri,total,5095.73017468054,666,nvss,Deaths,age-adjusted rate
1992,A,Black or African American,85,150,All Origins,3,28,ncd_lri,total,3950.83031483806,666,nvss,Deaths,age-adjusted rate
1992,A,Black or African American,25,34,All Origins,3,28,neo_lung,total,16.6526894071184,666,nvss,Deaths,age-adjusted rate
1992,A,Black or African American,35,44,All Origins,3,28,neo_lung,total,116.754264507883,666,nvss,Deaths,age-adjusted rate
1992,A,Black or African American,45,54,All Origins,3,28,neo_lung,total,318.654345423083,666,nvss,Deaths,age-adjusted rate
1992,A,Black or African American,55,64,All Origins,3,28,neo_lung,total,478.942570350213,666,nvss,Deaths,age-adjusted rate
1992,A,Black or African American,65,74,All Origins,3,28,neo_lung,total,428.557763174134,666,nvss,Deaths,age-adjusted rate
1992,A,Black or African American,75,84,All Origins,3,28,neo_lung,total,261.319496137464,666,nvss,Deaths,age-adjusted rate
1992,A,Black or African American,85,150,All Origins,3,28,neo_lung,total,39.9073769175562,666,nvss,Deaths,age-adjusted rate
1992,A,Black or African American,35,44,All Origins,3,28,resp_copd,total,23.3508529015766,666,nvss,Deaths,age-adjusted rate
1992,A,Black or African American,45,54,All Origins,3,28,resp_copd,total,26.554528785257,666,nvss,Deaths,age-adjusted rate
1992,A,Black or African American,55,64,All Origins,3,28,resp_copd,total,79.8237617250355,666,nvss,Deaths,age-adjusted rate
1992,A,Black or African American,65,74,All Origins,3,28,resp_copd,total,79.3625487359508,666,nvss,Deaths,age-adjusted rate
1992,A,Black or African American,75,84,All Origins,3,28,resp_copd,total,97.9948110515488,666,nvss,Deaths,age-adjusted rate
1992,A,Black or African American,85,150,All Origins,3,28,resp_copd,total,59.8610653763343,666,nvss,Deaths,age-adjusted rate
1992,A,Black or African American,25,34,All Origins,3,28,t2_dm,total,16.6526894071184,666,nvss,Deaths,age-adjusted rate
1992,A,Black or African American,35,44,All Origins,3,28,t2_dm,total,46.7017058031533,666,nvss,Deaths,age-adjusted rate
1992,A,Black or African American,45,54,All Origins,3,28,t2_dm,total,26.554528785257,666,nvss,Deaths,age-adjusted rate
1992,A,Black or African American,55,64,All Origins,3,28,t2_dm,total,79.8237617250355,666,nvss,Deaths,age-adjusted rate
1992,A,Black or African American,65,74,All Origins,3,28,t2_dm,total,111.107568230331,666,nvss,Deaths,age-adjusted rate
1992,A,Black or African American,75,84,All Origins,3,28,t2_dm,total,195.989622103098,666,nvss,Deaths,age-adjusted rate
1992,A,Black or African American,85,150,All Origins,3,28,t2_dm,total,59.8610653763343,666,nvss,Deaths,age-adjusted rate
1992,A,Black or African American,25,34,All Origins,3,29,all-cause,overall,20857.6817674855,666,nvss,Deaths,age-adjusted rate
1992,A,Black or African American,35,44,All Origins,3,29,all-cause,overall,24745.5581669698,666,nvss,Deaths,age-adjusted rate
1992,A,Black or African American,45,54,All Origins,3,29,all-cause,overall,101126.042711015,666,nvss,Deaths,age-adjusted rate
1992,A,Black or African American,55,64,All Origins,3,29,all-cause,overall,19388.6627623091,666,nvss,Deaths,age-adjusted rate
1992,A,Black or African American,65,74,All Origins,3,29,all-cause,overall,99052.9438740465,666,nvss,Deaths,age-adjusted rate
1992,A,Black or African American,75,84,All Origins,3,29,all-cause,overall,2211317327413.32,666,nvss,Deaths,age-adjusted rate
1992,A,Black or African American,55,64,All Origins,3,29,cvd_ihd,total,4847.16569057726,666,nvss,Deaths,age-adjusted rate
1992,A,Black or African American,65,74,All Origins,3,29,cvd_ihd,total,24763.2359685116,666,nvss,Deaths,age-adjusted rate
1992,A,Black or African American,75,84,All Origins,3,29,cvd_ihd,total,201028847946.665,666,nvss,Deaths,age-adjusted rate
1992,A,Black or African American,25,34,All Origins,3,29,ncd_lri,total,20857.6817674855,666,nvss,Deaths,age-adjusted rate
1992,A,Black or African American,35,44,All Origins,3,29,ncd_lri,total,24745.5581669698,666,nvss,Deaths,age-adjusted rate
1992,A,Black or African American,45,54,All Origins,3,29,ncd_lri,total,101126.042711015,666,nvss,Deaths,age-adjusted rate
1992,A,Black or African American,55,64,All Origins,3,29,ncd_lri,total,19388.6627623091,666,nvss,Deaths,age-adjusted rate
1992,A,Black or African American,65,74,All Origins,3,29,ncd_lri,total,99052.9438740465,666,nvss,Deaths,age-adjusted rate
1992,A,Black or African American,75,84,All Origins,3,29,ncd_lri,total,2010288479466.65,666,nvss,Deaths,age-adjusted rate
1992,A,Black or African American,45,54,All Origins,3,29,neo_lung,total,11236.2269678905,666,nvss,Deaths,age-adjusted rate
1992,A,Black or African American,65,74,All Origins,3,29,neo_lung,total,24763.2359685116,666,nvss,Deaths,age-adjusted rate
1992,A,Black or African American,75,84,All Origins,3,29,neo_lung,total,201028847946.665,666,nvss,Deaths,age-adjusted rate
1992,A,Black or African American,75,84,All Origins,3,29,resp_copd,total,201028847946.665,666,nvss,Deaths,age-adjusted rate
1992,A,Black or African American,35,44,All Origins,3,29,t2_dm,total,3535.07973813854,666,nvss,Deaths,age-adjusted rate
1992,A,Black or African American,75,84,All Origins,3,29,t2_dm,total,201028847946.665,666,nvss,Deaths,age-adjusted rate
1992,A,Black or African American,25,34,All Origins,3,37,all-cause,overall,71327.9739712264,666,nvss,Deaths,age-adjusted rate
1992,A,Black or African American,35,44,All Origins,3,37,all-cause,overall,147070.63630431,666,nvss,Deaths,age-adjusted rate
1992,A,Black or African American,45,54,All Origins,3,37,all-cause,overall,134206.872060908,666,nvss,Deaths,age-adjusted rate
1992,A,Black or African American,55,64,All Origins,3,37,all-cause,overall,271178.405171325,666,nvss,Deaths,age-adjusted rate
1992,A,Black or African American,65,74,All Origins,3,37,all-cause,overall,293964.227674514,666,nvss,Deaths,age-adjusted rate
1992,A,Black or African American,75,84,All Origins,3,37,all-cause,overall,281963.836381218,666,nvss,Deaths,age-adjusted rate
1992,A,Black or African American,85,150,All Origins,3,37,all-cause,overall,194291.482572128,666,nvss,Deaths,age-adjusted rate
1992,A,Black or African American,25,34,All Origins,3,37,cvd_ihd,total,513.150891879327,666,nvss,Deaths,age-adjusted rate
1992,A,Black or African American,35,44,All Origins,3,37,cvd_ihd,total,3992.86795396317,666,nvss,Deaths,age-adjusted rate
1992,A,Black or African American,45,54,All Origins,3,37,cvd_ihd,total,14242.3619329943,666,nvss,Deaths,age-adjusted rate
1992,A,Black or African American,55,64,All Origins,3,37,cvd_ihd,total,27711.6618423252,666,nvss,Deaths,age-adjusted rate
1992,A,Black or African American,65,74,All Origins,3,37,cvd_ihd,total,28135.1901074617,666,nvss,Deaths,age-adjusted rate
1992,A,Black or African American,75,84,All Origins,3,37,cvd_ihd,total,28732.0662288288,666,nvss,Deaths,age-adjusted rate
1992,A,Black or African American,85,150,All Origins,3,37,cvd_ihd,total,31520.6926513293,666,nvss,Deaths,age-adjusted rate
1992,A,Black or African American,25,34,All Origins,3,37,cvd_stroke,total,1026.30178375865,666,nvss,Deaths,age-adjusted rate
1992,A,Black or African American,35,44,All Origins,3,37,cvd_stroke,total,2661.91196930878,666,nvss,Deaths,age-adjusted rate
1992,A,Black or African American,45,54,All Origins,3,37,cvd_stroke,total,2191.13260507605,666,nvss,Deaths,age-adjusted rate
1992,A,Black or African American,55,64,All Origins,3,37,cvd_stroke,total,3299.00736218157,666,nvss,Deaths,age-adjusted rate
1992,A,Black or African American,65,74,All Origins,3,37,cvd_stroke,total,4365.80536150268,666,nvss,Deaths,age-adjusted rate
1992,A,Black or African American,75,84,All Origins,3,37,cvd_stroke,total,6330.79425380972,666,nvss,Deaths,age-adjusted rate
1992,A,Black or African American,85,150,All Origins,3,37,cvd_stroke,total,3100.39599849141,666,nvss,Deaths,age-adjusted rate
1992,A,Black or African American,65,74,All Origins,3,37,lri,total,485.089484611409,666,nvss,Deaths,age-adjusted rate
1992,A,Black or African American,25,34,All Origins,3,37,ncd_lri,total,38486.3168909495,666,nvss,Deaths,age-adjusted rate
1992,A,Black or African American,35,44,All Origins,3,37,ncd_lri,total,108472.912749333,666,nvss,Deaths,age-adjusted rate
1992,A,Black or African American,45,54,All Origins,3,37,ncd_lri,total,115582.244917761,666,nvss,Deaths,age-adjusted rate
1992,A,Black or African American,55,64,All Origins,3,37,ncd_lri,total,244126.544801437,666,nvss,Deaths,age-adjusted rate
1992,A,Black or African American,65,74,All Origins,3,37,ncd_lri,total,273105.379836223,666,nvss,Deaths,age-adjusted rate
1992,A,Black or African American,75,84,All Origins,3,37,ncd_lri,total,257614.627712719,666,nvss,Deaths,age-adjusted rate
1992,A,Black or African American,85,150,All Origins,3,37,ncd_lri,total,176722.57191401,666,nvss,Deaths,age-adjusted rate
1992,A,Black or African American,25,34,All Origins,3,37,neo_lung,total,513.150891879327,666,nvss,Deaths,age-adjusted rate
1992,A,Black or African American,35,44,All Origins,3,37,neo_lung,total,3327.38996163598,666,nvss,Deaths,age-adjusted rate
1992,A,Black or African American,45,54,All Origins,3,37,neo_lung,total,8764.53042030418,666,nvss,Deaths,age-adjusted rate
1992,A,Black or African American,55,64,All Origins,3,37,neo_lung,total,27051.8603698889,666,nvss,Deaths,age-adjusted rate
1992,A,Black or African American,65,74,All Origins,3,37,neo_lung,total,31045.7270151302,666,nvss,Deaths,age-adjusted rate
1992,A,Black or African American,75,84,All Origins,3,37,neo_lung,total,12174.6043342495,666,nvss,Deaths,age-adjusted rate
1992,A,Black or African American,85,150,All Origins,3,37,neo_lung,total,2583.66333207617,666,nvss,Deaths,age-adjusted rate
1992,A,Black or African American,45,54,All Origins,3,37,resp_copd,total,1095.56630253802,666,nvss,Deaths,age-adjusted rate
1992,A,Black or African American,55,64,All Origins,3,37,resp_copd,total,5938.21325192683,666,nvss,Deaths,age-adjusted rate
1992,A,Black or African American,65,74,All Origins,3,37,resp_copd,total,6306.16329994832,666,nvss,Deaths,age-adjusted rate
1992,A,Black or African American,75,84,All Origins,3,37,resp_copd,total,8765.71512065962,666,nvss,Deaths,age-adjusted rate
1992,A,Black or African American,85,150,All Origins,3,37,resp_copd,total,4650.59399773711,666,nvss,Deaths,age-adjusted rate
1992,A,Black or African American,25,34,All Origins,3,37,t2_dm,total,513.150891879327,666,nvss,Deaths,age-adjusted rate
1992,A,Black or African American,35,44,All Origins,3,37,t2_dm,total,7985.73590792635,666,nvss,Deaths,age-adjusted rate
1992,A,Black or African American,45,54,All Origins,3,37,t2_dm,total,5477.83151269011,666,nvss,Deaths,age-adjusted rate
1992,A,Black or African American,55,64,All Origins,3,37,t2_dm,total,10556.823558981,666,nvss,Deaths,age-adjusted rate
1992,A,Black or African American,65,74,All Origins,3,37,t2_dm,total,14067.5950537309,666,nvss,Deaths,age-adjusted rate
1992,A,Black or African American,75,84,All Origins,3,37,t2_dm,total,11687.6201608795,666,nvss,Deaths,age-adjusted rate
1992,A,Black or African American,85,150,All Origins,3,37,t2_dm,total,6200.79199698281,666,nvss,Deaths,age-adjusted rate
1992,A,Black or African American,25,34,All Origins,3,39,all-cause,overall,5689.20931244682,666,nvss,Deaths,age-adjusted rate
1992,A,Black or African American,35,44,All Origins,3,39,all-cause,overall,15182.6033361728,666,nvss,Deaths,age-adjusted rate
1992,A,Black or African American,45,54,All Origins,3,39,all-cause,overall,30672.5648670279,666,nvss,Deaths,age-adjusted rate
1992,A,Black or African American,55,64,All Origins,3,39,all-cause,overall,63970.3679704869,666,nvss,Deaths,age-adjusted rate
1992,A,Black or African American,65,74,All Origins,3,39,all-cause,overall,100095.607297843,666,nvss,Deaths,age-adjusted rate
1992,A,Black or African American,75,84,All Origins,3,39,all-cause,overall,77596.8508541111,666,nvss,Deaths,age-adjusted rate
1992,A,Black or African American,85,150,All Origins,3,39,all-cause,overall,87881.8552574544,666,nvss,Deaths,age-adjusted rate
1992,A,Black or African American,35,44,All Origins,3,39,cvd_ihd,total,499.427741321473,666,nvss,Deaths,age-adjusted rate
1992,A,Black or African American,45,54,All Origins,3,39,cvd_ihd,total,2024.07788462621,666,nvss,Deaths,age-adjusted rate
1992,A,Black or African American,55,64,All Origins,3,39,cvd_ihd,total,2932.73893274438,666,nvss,Deaths,age-adjusted rate
1992,A,Black or African American,65,74,All Origins,3,39,cvd_ihd,total,8515.07770415679,666,nvss,Deaths,age-adjusted rate
1992,A,Black or African American,75,84,All Origins,3,39,cvd_ihd,total,8109.50695401571,666,nvss,Deaths,age-adjusted rate
1992,A,Black or African American,85,150,All Origins,3,39,cvd_ihd,total,8012.75739112084,666,nvss,Deaths,age-adjusted rate
1992,A,Black or African American,25,34,All Origins,3,39,cvd_stroke,total,161.015357899438,666,nvss,Deaths,age-adjusted rate
1992,A,Black or African American,35,44,All Origins,3,39,cvd_stroke,total,499.427741321473,666,nvss,Deaths,age-adjusted rate
1992,A,Black or African American,45,54,All Origins,3,39,cvd_stroke,total,622.793195269602,666,nvss,Deaths,age-adjusted rate
1992,A,Black or African American,55,64,All Origins,3,39,cvd_stroke,total,549.888549889572,666,nvss,Deaths,age-adjusted rate
1992,A,Black or African American,65,74,All Origins,3,39,cvd_stroke,total,1216.4396720224,666,nvss,Deaths,age-adjusted rate
1992,A,Black or African American,75,84,All Origins,3,39,cvd_stroke,total,1272.07952219854,666,nvss,Deaths,age-adjusted rate
1992,A,Black or African American,85,150,All Origins,3,39,cvd_stroke,total,1292.38022437433,666,nvss,Deaths,age-adjusted rate
1992,A,Black or African American,25,34,All Origins,3,39,ncd_lri,total,2307.88679655862,666,nvss,Deaths,age-adjusted rate
1992,A,Black or African American,35,44,All Origins,3,39,ncd_lri,total,10288.2114712223,666,nvss,Deaths,age-adjusted rate
1992,A,Black or African American,45,54,All Origins,3,39,ncd_lri,total,25378.8227072363,666,nvss,Deaths,age-adjusted rate
1992,A,Black or African American,55,64,All Origins,3,39,ncd_lri,total,60487.7404878529,666,nvss,Deaths,age-adjusted rate
1992,A,Black or African American,65,74,All Origins,3,39,ncd_lri,total,95403.6257057567,666,nvss,Deaths,age-adjusted rate
1992,A,Black or African American,75,84,All Origins,3,39,ncd_lri,total,73462.5924069658,666,nvss,Deaths,age-adjusted rate
1992,A,Black or African American,85,150,All Origins,3,39,ncd_lri,total,81936.9062253324,666,nvss,Deaths,age-adjusted rate
1992,A,Black or African American,35,44,All Origins,3,39,neo_lung,total,998.855482642945,666,nvss,Deaths,age-adjusted rate
1992,A,Black or African American,45,54,All Origins,3,39,neo_lung,total,1245.5863905392,666,nvss,Deaths,age-adjusted rate
1992,A,Black or African American,55,64,All Origins,3,39,neo_lung,total,8431.6244316401,666,nvss,Deaths,age-adjusted rate
1992,A,Black or African American,65,74,All Origins,3,39,neo_lung,total,12164.396720224,666,nvss,Deaths,age-adjusted rate
1992,A,Black or African American,75,84,All Origins,3,39,neo_lung,total,5406.33796934381,666,nvss,Deaths,age-adjusted rate
1992,A,Black or African American,85,150,All Origins,3,39,neo_lung,total,1550.85626924919,666,nvss,Deaths,age-adjusted rate
1992,A,Black or African American,35,44,All Origins,3,39,resp_copd,total,199.771096528589,666,nvss,Deaths,age-adjusted rate
1992,A,Black or African American,45,54,All Origins,3,39,resp_copd,total,778.491494087002,666,nvss,Deaths,age-adjusted rate
1992,A,Black or African American,55,64,All Origins,3,39,resp_copd,total,1649.66564966872,666,nvss,Deaths,age-adjusted rate
1992,A,Black or African American,65,74,All Origins,3,39,resp_copd,total,3823.0961120704,666,nvss,Deaths,age-adjusted rate
1992,A,Black or African American,75,84,All Origins,3,39,resp_copd,total,3180.19880549636,666,nvss,Deaths,age-adjusted rate
1992,A,Black or African American,85,150,All Origins,3,39,resp_copd,total,2843.23649362352,666,nvss,Deaths,age-adjusted rate
1992,A,Black or African American,25,34,All Origins,3,39,t2_dm,total,107.343571932959,666,nvss,Deaths,age-adjusted rate
1992,A,Black or African American,35,44,All Origins,3,39,t2_dm,total,299.656644792884,666,nvss,Deaths,age-adjusted rate
1992,A,Black or African American,45,54,All Origins,3,39,t2_dm,total,311.396597634801,666,nvss,Deaths,age-adjusted rate
1992,A,Black or African American,55,64,All Origins,3,39,t2_dm,total,3482.62748263396,666,nvss,Deaths,age-adjusted rate
1992,A,Black or African American,65,74,All Origins,3,39,t2_dm,total,4865.7586880896,666,nvss,Deaths,age-adjusted rate
1992,A,Black or African American,75,84,All Origins,3,39,t2_dm,total,3180.19880549636,666,nvss,Deaths,age-adjusted rate
1992,A,Black or African American,85,150,All Origins,3,39,t2_dm,total,3360.18858337325,666,nvss,Deaths,age-adjusted rate
1992,A,Black or African American,25,34,All Origins,3,40,all-cause,overall,497107.950646133,666,nvss,Deaths,age-adjusted rate
1992,A,Black or African American,35,44,All Origins,3,40,all-cause,overall,227659.121097697,666,nvss,Deaths,age-adjusted rate
1992,A,Black or African American,45,54,All Origins,3,40,all-cause,overall,589901.877371394,666,nvss,Deaths,age-adjusted rate
1992,A,Black or African American,55,64,All Origins,3,40,all-cause,overall,2617469.49414158,666,nvss,Deaths,age-adjusted rate
1992,A,Black or African American,25,34,All Origins,3,40,cvd_ihd,total,22595.8159384606,666,nvss,Deaths,age-adjusted rate
1992,A,Black or African American,35,44,All Origins,3,40,cvd_ihd,total,24392.0486890389,666,nvss,Deaths,age-adjusted rate
1992,A,Black or African American,45,54,All Origins,3,40,cvd_ihd,total,67417.3574138736,666,nvss,Deaths,age-adjusted rate
1992,A,Black or African American,55,64,All Origins,3,40,cvd_ihd,total,305371.440983184,666,nvss,Deaths,age-adjusted rate
1992,A,Black or African American,25,34,All Origins,3,40,cvd_stroke,total,22595.8159384606,666,nvss,Deaths,age-adjusted rate
1992,A,Black or African American,35,44,All Origins,3,40,cvd_stroke,total,8130.68289634631,666,nvss,Deaths,age-adjusted rate
1992,A,Black or African American,25,34,All Origins,3,40,ncd_lri,total,338937.239076909,666,nvss,Deaths,age-adjusted rate
1992,A,Black or African American,35,44,All Origins,3,40,ncd_lri,total,187005.706615965,666,nvss,Deaths,age-adjusted rate
1992,A,Black or African American,45,54,All Origins,3,40,ncd_lri,total,471921.501897115,666,nvss,Deaths,age-adjusted rate
1992,A,Black or African American,55,64,All Origins,3,40,ncd_lri,total,2442971.52786548,666,nvss,Deaths,age-adjusted rate
1992,A,Black or African American,35,44,All Origins,3,40,neo_lung,total,8130.68289634631,666,nvss,Deaths,age-adjusted rate
1992,A,Black or African American,45,54,All Origins,3,40,neo_lung,total,101126.03612081,666,nvss,Deaths,age-adjusted rate
1992,A,Black or African American,55,64,All Origins,3,40,neo_lung,total,261746.949414158,666,nvss,Deaths,age-adjusted rate
1992,A,Black or African American,25,34,All Origins,3,40,resp_copd,total,22595.8159384606,666,nvss,Deaths,age-adjusted rate
1992,A,Black or African American,35,44,All Origins,3,40,resp_copd,total,8130.68289634631,666,nvss,Deaths,age-adjusted rate
1992,A,Black or African American,45,54,All Origins,3,40,resp_copd,total,50563.0180604052,666,nvss,Deaths,age-adjusted rate
1992,A,Black or African American,55,64,All Origins,3,40,resp_copd,total,43624.4915690264,666,nvss,Deaths,age-adjusted rate
1992,A,Black or African American,25,34,All Origins,3,40,t2_dm,total,45191.6318769212,666,nvss,Deaths,age-adjusted rate
1992,A,Black or African American,45,54,All Origins,3,40,t2_dm,total,16854.3393534684,666,nvss,Deaths,age-adjusted rate
1992,A,Black or African American,55,64,All Origins,3,40,t2_dm,total,218122.457845132,666,nvss,Deaths,age-adjusted rate
1992,A,Black or African American,25,34,All Origins,3,42,all-cause,overall,3494.04581387042,666,nvss,Deaths,age-adjusted rate
1992,A,Black or African American,35,44,All Origins,3,42,all-cause,overall,6298.78821523619,666,nvss,Deaths,age-adjusted rate
1992,A,Black or African American,45,54,All Origins,3,42,all-cause,overall,8036.10302186495,666,nvss,Deaths,age-adjusted rate
1992,A,Black or African American,55,64,All Origins,3,42,all-cause,overall,13205.3512775081,666,nvss,Deaths,age-adjusted rate
1992,A,Black or African American,65,74,All Origins,3,42,all-cause,overall,18185.238544254,666,nvss,Deaths,age-adjusted rate
1992,A,Black or African American,75,84,All Origins,3,42,all-cause,overall,18370.673300701,666,nvss,Deaths,age-adjusted rate
1992,A,Black or African American,85,150,All Origins,3,42,all-cause,overall,12965.38573255,666,nvss,Deaths,age-adjusted rate
1992,A,Black or African American,25,34,All Origins,3,42,cvd_ihd,total,94.4336706451464,666,nvss,Deaths,age-adjusted rate
1992,A,Black or African American,35,44,All Origins,3,42,cvd_ihd,total,106.759122292139,666,nvss,Deaths,age-adjusted rate
1992,A,Black or African American,45,54,All Origins,3,42,cvd_ihd,total,388.843694606369,666,nvss,Deaths,age-adjusted rate
1992,A,Black or African American,55,64,All Origins,3,42,cvd_ihd,total,235.809844241217,666,nvss,Deaths,age-adjusted rate
1992,A,Black or African American,65,74,All Origins,3,42,cvd_ihd,total,1736.79244523775,666,nvss,Deaths,age-adjusted rate
1992,A,Black or African American,75,84,All Origins,3,42,cvd_ihd,total,1177.60726286545,666,nvss,Deaths,age-adjusted rate
1992,A,Black or African American,85,150,All Origins,3,42,cvd_ihd,total,1394.12749812366,666,nvss,Deaths,age-adjusted rate
1992,A,Black or African American,35,44,All Origins,3,42,cvd_stroke,total,106.759122292139,666,nvss,Deaths,age-adjusted rate
1992,A,Black or African American,45,54,All Origins,3,42,cvd_stroke,total,129.61456486879,666,nvss,Deaths,age-adjusted rate
1992,A,Black or African American,55,64,All Origins,3,42,cvd_stroke,total,117.904922120608,666,nvss,Deaths,age-adjusted rate
1992,A,Black or African American,75,84,All Origins,3,42,cvd_stroke,total,235.52145257309,666,nvss,Deaths,age-adjusted rate
1992,A,Black or African American,85,150,All Origins,3,42,cvd_stroke,total,139.412749812366,666,nvss,Deaths,age-adjusted rate
1992,A,Black or African American,25,34,All Origins,3,42,ncd_lri,total,1983.10708354808,666,nvss,Deaths,age-adjusted rate
1992,A,Black or African American,35,44,All Origins,3,42,ncd_lri,total,4377.12401397769,666,nvss,Deaths,age-adjusted rate
1992,A,Black or African American,45,54,All Origins,3,42,ncd_lri,total,7128.80106778342,666,nvss,Deaths,age-adjusted rate
1992,A,Black or African American,55,64,All Origins,3,42,ncd_lri,total,12026.3020563021,666,nvss,Deaths,age-adjusted rate
1992,A,Black or African American,65,74,All Origins,3,42,ncd_lri,total,16959.2674064392,666,nvss,Deaths,age-adjusted rate
1992,A,Black or African American,75,84,All Origins,3,42,ncd_lri,total,16839.7838589759,666,nvss,Deaths,age-adjusted rate
1992,A,Black or African American,85,150,All Origins,3,42,ncd_lri,total,11710.6709842387,666,nvss,Deaths,age-adjusted rate
1992,A,Black or African American,35,44,All Origins,3,42,neo_lung,total,213.518244584278,666,nvss,Deaths,age-adjusted rate
1992,A,Black or African American,45,54,All Origins,3,42,neo_lung,total,648.072824343948,666,nvss,Deaths,age-adjusted rate
1992,A,Black or African American,55,64,All Origins,3,42,neo_lung,total,1650.66890968852,666,nvss,Deaths,age-adjusted rate
1992,A,Black or African American,65,74,All Origins,3,42,neo_lung,total,2656.27079859891,666,nvss,Deaths,age-adjusted rate
1992,A,Black or African American,75,84,All Origins,3,42,neo_lung,total,942.08581029236,666,nvss,Deaths,age-adjusted rate
1992,A,Black or African American,85,150,All Origins,3,42,neo_lung,total,278.825499624732,666,nvss,Deaths,age-adjusted rate
1992,A,Black or African American,25,34,All Origins,3,42,resp_copd,total,188.867341290293,666,nvss,Deaths,age-adjusted rate
1992,A,Black or African American,55,64,All Origins,3,42,resp_copd,total,235.809844241217,666,nvss,Deaths,age-adjusted rate
1992,A,Black or African American,65,74,All Origins,3,42,resp_copd,total,715.149830392013,666,nvss,Deaths,age-adjusted rate
1992,A,Black or African American,75,84,All Origins,3,42,resp_copd,total,235.52145257309,666,nvss,Deaths,age-adjusted rate
1992,A,Black or African American,85,150,All Origins,3,42,resp_copd,total,278.825499624732,666,nvss,Deaths,age-adjusted rate
1992,A,Black or African American,35,44,All Origins,3,42,t2_dm,total,106.759122292139,666,nvss,Deaths,age-adjusted rate
1992,A,Black or African American,45,54,All Origins,3,42,t2_dm,total,129.61456486879,666,nvss,Deaths,age-adjusted rate
1992,A,Black or African American,55,64,All Origins,3,42,t2_dm,total,353.714766361825,666,nvss,Deaths,age-adjusted rate
1992,A,Black or African American,65,74,All Origins,3,42,t2_dm,total,510.821307422866,666,nvss,Deaths,age-adjusted rate
1992,A,Black or African American,75,84,All Origins,3,42,t2_dm,total,942.08581029236,666,nvss,Deaths,age-adjusted rate
1992,A,Black or African American,85,150,All Origins,3,42,t2_dm,total,557.650999249464,666,nvss,Deaths,age-adjusted rate
1992,A,Black or African American,25,34,All Origins,3,45,all-cause,overall,1172.07039119881,666,nvss,Deaths,age-adjusted rate
1992,A,Black or African American,35,44,All Origins,3,45,all-cause,overall,2246.71255817097,666,nvss,Deaths,age-adjusted rate
1992,A,Black or African American,45,54,All Origins,3,45,all-cause,overall,3100.09337285294,666,nvss,Deaths,age-adjusted rate
1992,A,Black or African American,55,64,All Origins,3,45,all-cause,overall,4187.83357101168,666,nvss,Deaths,age-adjusted rate
1992,A,Black or African American,65,74,All Origins,3,45,all-cause,overall,5845.53139800248,666,nvss,Deaths,age-adjusted rate
1992,A,Black or African American,75,84,All Origins,3,45,all-cause,overall,7175.59393546779,666,nvss,Deaths,age-adjusted rate
1992,A,Black or African American,85,150,All Origins,3,45,all-cause,overall,3737.5613725248,666,nvss,Deaths,age-adjusted rate
1992,A,Black or African American,25,34,All Origins,3,45,cvd_ihd,total,5.83119597611348,666,nvss,Deaths,age-adjusted rate
1992,A,Black or African American,35,44,All Origins,3,45,cvd_ihd,total,52.2491292597901,666,nvss,Deaths,age-adjusted rate
1992,A,Black or African American,45,54,All Origins,3,45,cvd_ihd,total,85.0635376697452,666,nvss,Deaths,age-adjusted rate
1992,A,Black or African American,55,64,All Origins,3,45,cvd_ihd,total,161.692415869177,666,nvss,Deaths,age-adjusted rate
1992,A,Black or African American,65,74,All Origins,3,45,cvd_ihd,total,349.857240778203,666,nvss,Deaths,age-adjusted rate
1992,A,Black or African American,75,84,All Origins,3,45,cvd_ihd,total,451.186075748882,666,nvss,Deaths,age-adjusted rate
1992,A,Black or African American,85,150,All Origins,3,45,cvd_ihd,total,396.271567207448,666,nvss,Deaths,age-adjusted rate
1992,A,Black or African American,35,44,All Origins,3,45,cvd_stroke,total,74.6416132282716,666,nvss,Deaths,age-adjusted rate
1992,A,Black or African American,45,54,All Origins,3,45,cvd_stroke,total,28.3545125565817,666,nvss,Deaths,age-adjusted rate
1992,A,Black or African American,55,64,All Origins,3,45,cvd_stroke,total,72.7615871411296,666,nvss,Deaths,age-adjusted rate
1992,A,Black or African American,65,74,All Origins,3,45,cvd_stroke,total,116.619080259401,666,nvss,Deaths,age-adjusted rate
1992,A,Black or African American,75,84,All Origins,3,45,cvd_stroke,total,121.473174240084,666,nvss,Deaths,age-adjusted rate
1992,A,Black or African American,85,150,All Origins,3,45,cvd_stroke,total,45.0308599099373,666,nvss,Deaths,age-adjusted rate
1992,A,Black or African American,45,54,All Origins,3,45,lri,total,9.45150418552725,666,nvss,Deaths,age-adjusted rate
1992,A,Black or African American,75,84,All Origins,3,45,lri,total,17.3533106057262,666,nvss,Deaths,age-adjusted rate
1992,A,Black or African American,25,34,All Origins,3,45,ncd_lri,total,583.119597611348,666,nvss,Deaths,age-adjusted rate
1992,A,Black or African American,35,44,All Origins,3,45,ncd_lri,total,1671.97213631328,666,nvss,Deaths,age-adjusted rate
1992,A,Black or African American,45,54,All Origins,3,45,ncd_lri,total,2665.32418031868,666,nvss,Deaths,age-adjusted rate
1992,A,Black or African American,55,64,All Origins,3,45,ncd_lri,total,3743.17942737144,666,nvss,Deaths,age-adjusted rate
1992,A,Black or African American,65,74,All Origins,3,45,ncd_lri,total,5466.51938715943,666,nvss,Deaths,age-adjusted rate
1992,A,Black or African American,75,84,All Origins,3,45,ncd_lri,total,6568.22806426737,666,nvss,Deaths,age-adjusted rate
1992,A,Black or African American,85,150,All Origins,3,45,ncd_lri,total,3350.29597729934,666,nvss,Deaths,age-adjusted rate
1992,A,Black or African American,25,34,All Origins,3,45,neo_lung,total,5.83119597611348,666,nvss,Deaths,age-adjusted rate
1992,A,Black or African American,35,44,All Origins,3,45,neo_lung,total,44.7849679369629,666,nvss,Deaths,age-adjusted rate
1992,A,Black or African American,45,54,All Origins,3,45,neo_lung,total,189.030083710545,666,nvss,Deaths,age-adjusted rate
1992,A,Black or African American,55,64,All Origins,3,45,neo_lung,total,493.161868400989,666,nvss,Deaths,age-adjusted rate
1992,A,Black or African American,65,74,All Origins,3,45,neo_lung,total,430.032858456542,666,nvss,Deaths,age-adjusted rate
1992,A,Black or African American,75,84,All Origins,3,45,neo_lung,total,321.036246205935,666,nvss,Deaths,age-adjusted rate
1992,A,Black or African American,85,150,All Origins,3,45,neo_lung,total,63.0432038739122,666,nvss,Deaths,age-adjusted rate
1992,A,Black or African American,35,44,All Origins,3,45,resp_copd,total,14.9283226456543,666,nvss,Deaths,age-adjusted rate
1992,A,Black or African American,45,54,All Origins,3,45,resp_copd,total,56.7090251131635,666,nvss,Deaths,age-adjusted rate
1992,A,Black or African American,55,64,All Origins,3,45,resp_copd,total,161.692415869177,666,nvss,Deaths,age-adjusted rate
1992,A,Black or African American,65,74,All Origins,3,45,resp_copd,total,145.773850324251,666,nvss,Deaths,age-adjusted rate
1992,A,Black or African American,75,84,All Origins,3,45,resp_copd,total,138.82648484581,666,nvss,Deaths,age-adjusted rate
1992,A,Black or African American,85,150,All Origins,3,45,resp_copd,total,54.0370318919248,666,nvss,Deaths,age-adjusted rate
1992,A,Black or African American,35,44,All Origins,3,45,t2_dm,total,29.8566452913086,666,nvss,Deaths,age-adjusted rate
1992,A,Black or African American,45,54,All Origins,3,45,t2_dm,total,151.224066968436,666,nvss,Deaths,age-adjusted rate
1992,A,Black or African American,55,64,All Origins,3,45,t2_dm,total,194.030899043012,666,nvss,Deaths,age-adjusted rate
1992,A,Black or African American,65,74,All Origins,3,45,t2_dm,total,269.681623099865,666,nvss,Deaths,age-adjusted rate
1992,A,Black or African American,75,84,All Origins,3,45,t2_dm,total,312.359590903072,666,nvss,Deaths,age-adjusted rate
1992,A,Black or African American,85,150,All Origins,3,45,t2_dm,total,108.07406378385,666,nvss,Deaths,age-adjusted rate
1992,A,Black or African American,25,34,All Origins,3,48,all-cause,overall,21955.453839647,666,nvss,Deaths,age-adjusted rate
1992,A,Black or African American,35,44,All Origins,3,48,all-cause,overall,38700.6327425634,666,nvss,Deaths,age-adjusted rate
1992,A,Black or African American,45,54,All Origins,3,48,all-cause,overall,57413.4955900617,666,nvss,Deaths,age-adjusted rate
1992,A,Black or African American,55,64,All Origins,3,48,all-cause,overall,117270.136852243,666,nvss,Deaths,age-adjusted rate
1992,A,Black or African American,65,74,All Origins,3,48,all-cause,overall,135291.824658198,666,nvss,Deaths,age-adjusted rate
1992,A,Black or African American,75,84,All Origins,3,48,all-cause,overall,99334.8326672815,666,nvss,Deaths,age-adjusted rate
1992,A,Black or African American,85,150,All Origins,3,48,all-cause,overall,41495.8824733814,666,nvss,Deaths,age-adjusted rate
1992,A,Black or African American,25,34,All Origins,3,48,cvd_ihd,total,274.443172995587,666,nvss,Deaths,age-adjusted rate
1992,A,Black or African American,45,54,All Origins,3,48,cvd_ihd,total,1739.80289666854,666,nvss,Deaths,age-adjusted rate
1992,A,Black or African American,55,64,All Origins,3,48,cvd_ihd,total,4221.72492668074,666,nvss,Deaths,age-adjusted rate
1992,A,Black or African American,65,74,All Origins,3,48,cvd_ihd,total,8858.39328119152,666,nvss,Deaths,age-adjusted rate
1992,A,Black or African American,75,84,All Origins,3,48,cvd_ihd,total,7784.86149430106,666,nvss,Deaths,age-adjusted rate
1992,A,Black or African American,85,150,All Origins,3,48,cvd_ihd,total,3772.35295212558,666,nvss,Deaths,age-adjusted rate
1992,A,Black or African American,25,34,All Origins,3,48,cvd_stroke,total,548.886345991174,666,nvss,Deaths,age-adjusted rate
1992,A,Black or African American,35,44,All Origins,3,48,cvd_stroke,total,2130.31005922367,666,nvss,Deaths,age-adjusted rate
1992,A,Black or African American,45,54,All Origins,3,48,cvd_stroke,total,434.950724167134,666,nvss,Deaths,age-adjusted rate
1992,A,Black or African American,65,74,All Origins,3,48,cvd_stroke,total,1610.61696021664,666,nvss,Deaths,age-adjusted rate
1992,A,Black or African American,75,84,All Origins,3,48,cvd_stroke,total,934.183379316127,666,nvss,Deaths,age-adjusted rate
1992,A,Black or African American,85,150,All Origins,3,48,cvd_stroke,total,1047.87582003488,666,nvss,Deaths,age-adjusted rate
1992,A,Black or African American,25,34,All Origins,3,48,ncd_lri,total,10977.7269198235,666,nvss,Deaths,age-adjusted rate
1992,A,Black or African American,35,44,All Origins,3,48,ncd_lri,total,26983.9274168332,666,nvss,Deaths,age-adjusted rate
1992,A,Black or African American,45,54,All Origins,3,48,ncd_lri,total,53063.9883483903,666,nvss,Deaths,age-adjusted rate
1992,A,Black or African American,55,64,All Origins,3,48,ncd_lri,total,109764.848093699,666,nvss,Deaths,age-adjusted rate
1992,A,Black or African American,65,74,All Origins,3,48,ncd_lri,total,126836.08561706,666,nvss,Deaths,age-adjusted rate
1992,A,Black or African American,75,84,All Origins,3,48,ncd_lri,total,91238.5767132085,666,nvss,Deaths,age-adjusted rate
1992,A,Black or African American,85,150,All Origins,3,48,ncd_lri,total,39190.5556693046,666,nvss,Deaths,age-adjusted rate
1992,A,Black or African American,35,44,All Origins,3,48,neo_lung,total,355.051676537279,666,nvss,Deaths,age-adjusted rate
1992,A,Black or African American,45,54,All Origins,3,48,neo_lung,total,2609.7043450028,666,nvss,Deaths,age-adjusted rate
1992,A,Black or African American,55,64,All Origins,3,48,neo_lung,total,15010.5775170871,666,nvss,Deaths,age-adjusted rate
1992,A,Black or African American,65,74,All Origins,3,48,neo_lung,total,14898.2068820039,666,nvss,Deaths,age-adjusted rate
1992,A,Black or African American,75,84,All Origins,3,48,neo_lung,total,7473.46703452902,666,nvss,Deaths,age-adjusted rate
1992,A,Black or African American,85,150,All Origins,3,48,neo_lung,total,419.150328013953,666,nvss,Deaths,age-adjusted rate
1992,A,Black or African American,45,54,All Origins,3,48,resp_copd,total,869.901448334268,666,nvss,Deaths,age-adjusted rate
1992,A,Black or African American,55,64,All Origins,3,48,resp_copd,total,2345.40273704486,666,nvss,Deaths,age-adjusted rate
1992,A,Black or African American,65,74,All Origins,3,48,resp_copd,total,4831.85088064992,666,nvss,Deaths,age-adjusted rate
1992,A,Black or African American,75,84,All Origins,3,48,resp_copd,total,3425.33905749247,666,nvss,Deaths,age-adjusted rate
1992,A,Black or African American,85,150,All Origins,3,48,resp_copd,total,628.72549202093,666,nvss,Deaths,age-adjusted rate
1992,A,Black or African American,35,44,All Origins,3,48,t2_dm,total,1775.2583826864,666,nvss,Deaths,age-adjusted rate
1992,A,Black or African American,45,54,All Origins,3,48,t2_dm,total,2609.7043450028,666,nvss,Deaths,age-adjusted rate
1992,A,Black or African American,55,64,All Origins,3,48,t2_dm,total,5628.96656890766,666,nvss,Deaths,age-adjusted rate
1992,A,Black or African American,65,74,All Origins,3,48,t2_dm,total,4429.19664059576,666,nvss,Deaths,age-adjusted rate
1992,A,Black or African American,75,84,All Origins,3,48,t2_dm,total,4982.31135635268,666,nvss,Deaths,age-adjusted rate
1992,A,Black or African American,85,150,All Origins,3,48,t2_dm,total,1047.87582003488,666,nvss,Deaths,age-adjusted rate
1992,A,Black or African American,25,34,All Origins,3,49,all-cause,overall,22595.8217942336,666,nvss,Deaths,age-adjusted rate
1992,A,Black or African American,35,44,All Origins,3,49,all-cause,overall,11615.2622849518,666,nvss,Deaths,age-adjusted rate
1992,A,Black or African American,65,74,All Origins,3,49,all-cause,overall,24763.2364221902,666,nvss,Deaths,age-adjusted rate
1992,A,Black or African American,75,84,All Origins,3,49,all-cause,overall,17936.3212633733,666,nvss,Deaths,age-adjusted rate
1992,A,Black or African American,85,150,All Origins,3,49,all-cause,overall,23262.8437414816,666,nvss,Deaths,age-adjusted rate
1992,A,Black or African American,65,74,All Origins,3,49,ncd_lri,total,24763.2364221902,666,nvss,Deaths,age-adjusted rate
1992,A,Black or African American,75,84,All Origins,3,49,ncd_lri,total,17936.3212633733,666,nvss,Deaths,age-adjusted rate
1992,A,Black or African American,85,150,All Origins,3,49,ncd_lri,total,15508.5624943211,666,nvss,Deaths,age-adjusted rate
1992,A,Black or African American,85,150,All Origins,3,49,neo_lung,total,7754.28124716054,666,nvss,Deaths,age-adjusted rate
1992,A,Black or African American,65,74,All Origins,3,49,t2_dm,total,8254.41214073008,666,nvss,Deaths,age-adjusted rate
1992,A,Black or African American,25,34,All Origins,3,51,all-cause,overall,1211.08481185925,666,nvss,Deaths,age-adjusted rate
1992,A,Black or African American,35,44,All Origins,3,51,all-cause,overall,2564.864727081,666,nvss,Deaths,age-adjusted rate
1992,A,Black or African American,45,54,All Origins,3,51,all-cause,overall,3394.26885739597,666,nvss,Deaths,age-adjusted rate
1992,A,Black or African American,55,64,All Origins,3,51,all-cause,overall,5063.02290067129,666,nvss,Deaths,age-adjusted rate
1992,A,Black or African American,65,74,All Origins,3,51,all-cause,overall,9016.63982020928,666,nvss,Deaths,age-adjusted rate
1992,A,Black or African American,75,84,All Origins,3,51,all-cause,overall,11584.9440316695,666,nvss,Deaths,age-adjusted rate
1992,A,Black or African American,85,150,All Origins,3,51,all-cause,overall,5404.24900676881,666,nvss,Deaths,age-adjusted rate
1992,A,Black or African American,35,44,All Origins,3,51,cvd_ihd,total,150.874395710647,666,nvss,Deaths,age-adjusted rate
1992,A,Black or African American,45,54,All Origins,3,51,cvd_ihd,total,199.662873964469,666,nvss,Deaths,age-adjusted rate
1992,A,Black or African American,65,74,All Origins,3,51,cvd_ihd,total,617.578069877348,666,nvss,Deaths,age-adjusted rate
1992,A,Black or African American,75,84,All Origins,3,51,cvd_ihd,total,1121.12361596802,666,nvss,Deaths,age-adjusted rate
1992,A,Black or African American,85,150,All Origins,3,51,cvd_ihd,total,711.085395627476,666,nvss,Deaths,age-adjusted rate
1992,A,Black or African American,45,54,All Origins,3,51,cvd_stroke,total,199.662873964469,666,nvss,Deaths,age-adjusted rate
1992,A,Black or African American,75,84,All Origins,3,51,cvd_stroke,total,373.70787198934,666,nvss,Deaths,age-adjusted rate
1992,A,Black or African American,25,34,All Origins,3,51,ncd_lri,total,908.313608894439,666,nvss,Deaths,age-adjusted rate
1992,A,Black or African American,35,44,All Origins,3,51,ncd_lri,total,1961.36714423841,666,nvss,Deaths,age-adjusted rate
1992,A,Black or African American,45,54,All Origins,3,51,ncd_lri,total,2994.94310946704,666,nvss,Deaths,age-adjusted rate
1992,A,Black or African American,55,64,All Origins,3,51,ncd_lri,total,4687.98416728824,666,nvss,Deaths,age-adjusted rate
1992,A,Black or African American,65,74,All Origins,3,51,ncd_lri,total,8152.03052238099,666,nvss,Deaths,age-adjusted rate
1992,A,Black or African American,75,84,All Origins,3,51,ncd_lri,total,11024.3822236855,666,nvss,Deaths,age-adjusted rate
1992,A,Black or African American,85,150,All Origins,3,51,ncd_lri,total,4693.16361114134,666,nvss,Deaths,age-adjusted rate
1992,A,Black or African American,45,54,All Origins,3,51,neo_lung,total,199.662873964469,666,nvss,Deaths,age-adjusted rate
1992,A,Black or African American,55,64,All Origins,3,51,neo_lung,total,375.038733383059,666,nvss,Deaths,age-adjusted rate
1992,A,Black or African American,65,74,All Origins,3,51,neo_lung,total,1482.18736770564,666,nvss,Deaths,age-adjusted rate
1992,A,Black or African American,75,84,All Origins,3,51,neo_lung,total,373.70787198934,666,nvss,Deaths,age-adjusted rate
1992,A,Black or African American,45,54,All Origins,3,51,resp_copd,total,199.662873964469,666,nvss,Deaths,age-adjusted rate
1992,A,Black or African American,65,74,All Origins,3,51,resp_copd,total,123.51561397547,666,nvss,Deaths,age-adjusted rate
1992,A,Black or African American,75,84,All Origins,3,51,resp_copd,total,186.85393599467,666,nvss,Deaths,age-adjusted rate
1992,A,Black or African American,25,34,All Origins,3,51,t2_dm,total,100.923734321604,666,nvss,Deaths,age-adjusted rate
1992,A,Black or African American,55,64,All Origins,3,51,t2_dm,total,562.558100074588,666,nvss,Deaths,age-adjusted rate
1992,A,Black or African American,65,74,All Origins,3,51,t2_dm,total,247.031227950939,666,nvss,Deaths,age-adjusted rate
1992,A,Black or African American,85,150,All Origins,3,51,t2_dm,total,142.217079125495,666,nvss,Deaths,age-adjusted rate
1992,A,Black or African American,25,34,All Origins,3,54,all-cause,overall,2711.4986186345,666,nvss,Deaths,age-adjusted rate
1992,A,Black or African American,35,44,All Origins,3,54,all-cause,overall,5245.60233748922,666,nvss,Deaths,age-adjusted rate
1992,A,Black or African American,45,54,All Origins,3,54,all-cause,overall,16180.1671918588,666,nvss,Deaths,age-adjusted rate
1992,A,Black or African American,55,64,All Origins,3,54,all-cause,overall,1896.71703008615,666,nvss,Deaths,age-adjusted rate
1992,A,Black or African American,65,74,All Origins,3,54,all-cause,overall,10005.3479988793,666,nvss,Deaths,age-adjusted rate
1992,A,Black or African American,75,84,All Origins,3,54,all-cause,overall,11800.2112889089,666,nvss,Deaths,age-adjusted rate
1992,A,Black or African American,85,150,All Origins,3,54,all-cause,overall,6646.52680495906,666,nvss,Deaths,age-adjusted rate
1992,A,Black or African American,65,74,All Origins,3,54,cvd_ihd,total,1000.53479988793,666,nvss,Deaths,age-adjusted rate
1992,A,Black or African American,75,84,All Origins,3,54,cvd_ihd,total,1180.02112889089,666,nvss,Deaths,age-adjusted rate
1992,A,Black or African American,85,150,All Origins,3,54,cvd_ihd,total,1107.75446749318,666,nvss,Deaths,age-adjusted rate
1992,A,Black or African American,25,34,All Origins,3,54,ncd_lri,total,1355.74930931725,666,nvss,Deaths,age-adjusted rate
1992,A,Black or African American,35,44,All Origins,3,54,ncd_lri,total,5245.60233748922,666,nvss,Deaths,age-adjusted rate
1992,A,Black or African American,45,54,All Origins,3,54,ncd_lri,total,10786.7781279059,666,nvss,Deaths,age-adjusted rate
1992,A,Black or African American,55,64,All Origins,3,54,ncd_lri,total,1896.71703008615,666,nvss,Deaths,age-adjusted rate
1992,A,Black or African American,65,74,All Origins,3,54,ncd_lri,total,10005.3479988793,666,nvss,Deaths,age-adjusted rate
1992,A,Black or African American,75,84,All Origins,3,54,ncd_lri,total,11800.2112889089,666,nvss,Deaths,age-adjusted rate
1992,A,Black or African American,85,150,All Origins,3,54,ncd_lri,total,5538.77233746588,666,nvss,Deaths,age-adjusted rate
1992,A,Black or African American,55,64,All Origins,3,54,neo_lung,total,1896.71703008615,666,nvss,Deaths,age-adjusted rate
1992,A,Black or African American,75,84,All Origins,3,54,neo_lung,total,1180.02112889089,666,nvss,Deaths,age-adjusted rate
1992,A,Black or African American,75,84,All Origins,3,54,resp_copd,total,1180.02112889089,666,nvss,Deaths,age-adjusted rate
1992,A,Black or African American,45,54,All Origins,3,54,t2_dm,total,2696.69453197647,666,nvss,Deaths,age-adjusted rate
1992,A,Black or African American,65,74,All Origins,3,54,t2_dm,total,2001.06959977586,666,nvss,Deaths,age-adjusted rate
1992,A,Black or African American,25,34,All Origins,4,13,all-cause,overall,479.759223292725,666,nvss,Deaths,age-adjusted rate
1992,A,Black or African American,35,44,All Origins,4,13,all-cause,overall,1036.046968358,666,nvss,Deaths,age-adjusted rate
1992,A,Black or African American,45,54,All Origins,4,13,all-cause,overall,1678.12312555891,666,nvss,Deaths,age-adjusted rate
1992,A,Black or African American,55,64,All Origins,4,13,all-cause,overall,2206.3783742393,666,nvss,Deaths,age-adjusted rate
1992,A,Black or African American,65,74,All Origins,4,13,all-cause,overall,3586.0917099848,666,nvss,Deaths,age-adjusted rate
1992,A,Black or African American,75,84,All Origins,4,13,all-cause,overall,3441.97747077557,666,nvss,Deaths,age-adjusted rate
1992,A,Black or African American,85,150,All Origins,4,13,all-cause,overall,1905.34475752146,666,nvss,Deaths,age-adjusted rate
1992,A,Black or African American,35,44,All Origins,4,13,cvd_ihd,total,45.0455203633914,666,nvss,Deaths,age-adjusted rate
1992,A,Black or African American,45,54,All Origins,4,13,cvd_ihd,total,156.104476796177,666,nvss,Deaths,age-adjusted rate
1992,A,Black or African American,55,64,All Origins,4,13,cvd_ihd,total,129.786963190547,666,nvss,Deaths,age-adjusted rate
1992,A,Black or African American,65,74,All Origins,4,13,cvd_ihd,total,185.73383358487,666,nvss,Deaths,age-adjusted rate
1992,A,Black or African American,75,84,All Origins,4,13,cvd_ihd,total,244.883772624349,666,nvss,Deaths,age-adjusted rate
1992,A,Black or African American,85,150,All Origins,4,13,cvd_ihd,total,103.390800795738,666,nvss,Deaths,age-adjusted rate
1992,A,Black or African American,25,34,All Origins,4,13,cvd_stroke,total,10.9036187111983,666,nvss,Deaths,age-adjusted rate
1992,A,Black or African American,45,54,All Origins,4,13,cvd_stroke,total,19.5130595995222,666,nvss,Deaths,age-adjusted rate
1992,A,Black or African American,55,64,All Origins,4,13,cvd_stroke,total,32.4467407976367,666,nvss,Deaths,age-adjusted rate
1992,A,Black or African American,65,74,All Origins,4,13,cvd_stroke,total,42.8616539042008,666,nvss,Deaths,age-adjusted rate
1992,A,Black or African American,75,84,All Origins,4,13,cvd_stroke,total,13.604654034686,666,nvss,Deaths,age-adjusted rate
1992,A,Black or African American,25,34,All Origins,4,13,ncd_lri,total,239.879611646362,666,nvss,Deaths,age-adjusted rate
1992,A,Black or African American,35,44,All Origins,4,13,ncd_lri,total,765.773846177654,666,nvss,Deaths,age-adjusted rate
1992,A,Black or African American,45,54,All Origins,4,13,ncd_lri,total,1326.88805276751,666,nvss,Deaths,age-adjusted rate
1992,A,Black or African American,55,64,All Origins,4,13,ncd_lri,total,1963.02781825702,666,nvss,Deaths,age-adjusted rate
1992,A,Black or African American,65,74,All Origins,4,13,ncd_lri,total,3171.76238891086,666,nvss,Deaths,age-adjusted rate
1992,A,Black or African American,75,84,All Origins,4,13,ncd_lri,total,3074.65181183904,666,nvss,Deaths,age-adjusted rate
1992,A,Black or African American,85,150,All Origins,4,13,ncd_lri,total,1536.09189753668,666,nvss,Deaths,age-adjusted rate
1992,A,Black or African American,35,44,All Origins,4,13,neo_lung,total,15.0151734544638,666,nvss,Deaths,age-adjusted rate
1992,A,Black or African American,45,54,All Origins,4,13,neo_lung,total,58.5391787985665,666,nvss,Deaths,age-adjusted rate
1992,A,Black or African American,55,64,All Origins,4,13,neo_lung,total,146.010333589365,666,nvss,Deaths,age-adjusted rate
1992,A,Black or African American,65,74,All Origins,4,13,neo_lung,total,300.031577329406,666,nvss,Deaths,age-adjusted rate
1992,A,Black or African American,75,84,All Origins,4,13,neo_lung,total,95.2325782428023,666,nvss,Deaths,age-adjusted rate
1992,A,Black or African American,85,150,All Origins,4,13,neo_lung,total,14.7701143993911,666,nvss,Deaths,age-adjusted rate
1992,A,Black or African American,35,44,All Origins,4,13,resp_copd,total,15.0151734544638,666,nvss,Deaths,age-adjusted rate
1992,A,Black or African American,55,64,All Origins,4,13,resp_copd,total,16.2233703988183,666,nvss,Deaths,age-adjusted rate
1992,A,Black or African American,65,74,All Origins,4,13,resp_copd,total,85.7233078084017,666,nvss,Deaths,age-adjusted rate
1992,A,Black or African American,75,84,All Origins,4,13,resp_copd,total,27.2093080693721,666,nvss,Deaths,age-adjusted rate
1992,A,Black or African American,85,150,All Origins,4,13,resp_copd,total,44.3103431981734,666,nvss,Deaths,age-adjusted rate
1992,A,Black or African American,35,44,All Origins,4,13,t2_dm,total,15.0151734544638,666,nvss,Deaths,age-adjusted rate
1992,A,Black or African American,45,54,All Origins,4,13,t2_dm,total,39.0261191990443,666,nvss,Deaths,age-adjusted rate
1992,A,Black or African American,55,64,All Origins,4,13,t2_dm,total,81.1168519940917,666,nvss,Deaths,age-adjusted rate
1992,A,Black or African American,65,74,All Origins,4,13,t2_dm,total,114.297743744536,666,nvss,Deaths,age-adjusted rate
1992,A,Black or African American,75,84,All Origins,4,13,t2_dm,total,81.6279242081162,666,nvss,Deaths,age-adjusted rate
1992,A,Black or African American,85,150,All Origins,4,13,t2_dm,total,29.5402287987823,666,nvss,Deaths,age-adjusted rate
1992,A,Black or African American,25,34,All Origins,4,17,all-cause,overall,952.656517590967,666,nvss,Deaths,age-adjusted rate
1992,A,Black or African American,35,44,All Origins,4,17,all-cause,overall,1478.30610796967,666,nvss,Deaths,age-adjusted rate
1992,A,Black or African American,45,54,All Origins,4,17,all-cause,overall,2002.0349550731,666,nvss,Deaths,age-adjusted rate
1992,A,Black or African American,55,64,All Origins,4,17,all-cause,overall,2809.30487393892,666,nvss,Deaths,age-adjusted rate
1992,A,Black or African American,65,74,All Origins,4,17,all-cause,overall,3053.1094823953,666,nvss,Deaths,age-adjusted rate
1992,A,Black or African American,75,84,All Origins,4,17,all-cause,overall,2557.23405282603,666,nvss,Deaths,age-adjusted rate
1992,A,Black or African American,85,150,All Origins,4,17,all-cause,overall,1633.84515255959,666,nvss,Deaths,age-adjusted rate
1992,A,Black or African American,35,44,All Origins,4,17,cvd_ihd,total,84.4746347411242,666,nvss,Deaths,age-adjusted rate
1992,A,Black or African American,45,54,All Origins,4,17,cvd_ihd,total,93.1179048871208,666,nvss,Deaths,age-adjusted rate
1992,A,Black or African American,55,64,All Origins,4,17,cvd_ihd,total,160.531707082224,666,nvss,Deaths,age-adjusted rate
1992,A,Black or African American,65,74,All Origins,4,17,cvd_ihd,total,125.901421954445,666,nvss,Deaths,age-adjusted rate
1992,A,Black or African American,75,84,All Origins,4,17,cvd_ihd,total,267.617517156212,666,nvss,Deaths,age-adjusted rate
1992,A,Black or African American,85,150,All Origins,4,17,cvd_ihd,total,311.20860048754,666,nvss,Deaths,age-adjusted rate
1992,A,Black or African American,65,74,All Origins,4,17,cvd_stroke,total,31.4753554886113,666,nvss,Deaths,age-adjusted rate
1992,A,Black or African American,75,84,All Origins,4,17,cvd_stroke,total,29.7352796840236,666,nvss,Deaths,age-adjusted rate
1992,A,Black or African American,85,150,All Origins,4,17,cvd_stroke,total,25.9340500406284,666,nvss,Deaths,age-adjusted rate
1992,A,Black or African American,25,34,All Origins,4,17,ncd_lri,total,506.098774970201,666,nvss,Deaths,age-adjusted rate
1992,A,Black or African American,35,44,All Origins,4,17,ncd_lri,total,1182.64488637574,666,nvss,Deaths,age-adjusted rate
1992,A,Black or African American,45,54,All Origins,4,17,ncd_lri,total,1862.35809774242,666,nvss,Deaths,age-adjusted rate
1992,A,Black or African American,55,64,All Origins,4,17,ncd_lri,total,2729.03902039781,666,nvss,Deaths,age-adjusted rate
1992,A,Black or African American,65,74,All Origins,4,17,ncd_lri,total,2864.25734946363,666,nvss,Deaths,age-adjusted rate
1992,A,Black or African American,75,84,All Origins,4,17,ncd_lri,total,2438.29293408993,666,nvss,Deaths,age-adjusted rate
1992,A,Black or African American,85,150,All Origins,4,17,ncd_lri,total,1581.97705247833,666,nvss,Deaths,age-adjusted rate
1992,A,Black or African American,35,44,All Origins,4,17,neo_lung,total,42.2373173705621,666,nvss,Deaths,age-adjusted rate
1992,A,Black or African American,45,54,All Origins,4,17,neo_lung,total,232.794762217802,666,nvss,Deaths,age-adjusted rate
1992,A,Black or African American,55,64,All Origins,4,17,neo_lung,total,561.860974787784,666,nvss,Deaths,age-adjusted rate
1992,A,Black or African American,65,74,All Origins,4,17,neo_lung,total,314.753554886113,666,nvss,Deaths,age-adjusted rate
1992,A,Black or African American,75,84,All Origins,4,17,neo_lung,total,59.4705593680471,666,nvss,Deaths,age-adjusted rate
1992,A,Black or African American,85,150,All Origins,4,17,neo_lung,total,25.9340500406284,666,nvss,Deaths,age-adjusted rate
1992,A,Black or African American,45,54,All Origins,4,17,resp_copd,total,93.1179048871208,666,nvss,Deaths,age-adjusted rate
1992,A,Black or African American,55,64,All Origins,4,17,resp_copd,total,40.132926770556,666,nvss,Deaths,age-adjusted rate
1992,A,Black or African American,65,74,All Origins,4,17,resp_copd,total,251.802843908891,666,nvss,Deaths,age-adjusted rate
1992,A,Black or African American,75,84,All Origins,4,17,resp_copd,total,89.2058390520707,666,nvss,Deaths,age-adjusted rate
1992,A,Black or African American,35,44,All Origins,4,17,t2_dm,total,42.2373173705621,666,nvss,Deaths,age-adjusted rate
1992,A,Black or African American,45,54,All Origins,4,17,t2_dm,total,325.912667104923,666,nvss,Deaths,age-adjusted rate
1992,A,Black or African American,55,64,All Origins,4,17,t2_dm,total,160.531707082224,666,nvss,Deaths,age-adjusted rate
1992,A,Black or African American,65,74,All Origins,4,17,t2_dm,total,94.426066465834,666,nvss,Deaths,age-adjusted rate
1992,A,Black or African American,75,84,All Origins,4,17,t2_dm,total,59.4705593680471,666,nvss,Deaths,age-adjusted rate
1992,A,Black or African American,85,150,All Origins,4,17,t2_dm,total,51.8681000812567,666,nvss,Deaths,age-adjusted rate
1992,A,Black or African American,25,34,All Origins,4,18,all-cause,overall,4005.29343587488,666,nvss,Deaths,age-adjusted rate
1992,A,Black or African American,35,44,All Origins,4,18,all-cause,overall,7572.80408159552,666,nvss,Deaths,age-adjusted rate
1992,A,Black or African American,45,54,All Origins,4,18,all-cause,overall,14070.3546503041,666,nvss,Deaths,age-adjusted rate
1992,A,Black or African American,55,64,All Origins,4,18,all-cause,overall,73052.8445433226,666,nvss,Deaths,age-adjusted rate
1992,A,Black or African American,65,74,All Origins,4,18,all-cause,overall,204661.602276904,666,nvss,Deaths,age-adjusted rate
1992,A,Black or African American,75,84,All Origins,4,18,all-cause,overall,153734.25588892,666,nvss,Deaths,age-adjusted rate
1992,A,Black or African American,85,150,All Origins,4,18,all-cause,overall,120453.240653243,666,nvss,Deaths,age-adjusted rate
1992,A,Black or African American,45,54,All Origins,4,18,cvd_ihd,total,1082.33497310032,666,nvss,Deaths,age-adjusted rate
1992,A,Black or African American,55,64,All Origins,4,18,cvd_ihd,total,8116.98272703585,666,nvss,Deaths,age-adjusted rate
1992,A,Black or African American,65,74,All Origins,4,18,cvd_ihd,total,13347.4958006676,666,nvss,Deaths,age-adjusted rate
1992,A,Black or African American,75,84,All Origins,4,18,cvd_ihd,total,21351.9799845723,666,nvss,Deaths,age-adjusted rate
1992,A,Black or African American,85,150,All Origins,4,18,cvd_ihd,total,18531.2677928066,666,nvss,Deaths,age-adjusted rate
1992,A,Black or African American,45,54,All Origins,4,18,cvd_stroke,total,1082.33497310032,666,nvss,Deaths,age-adjusted rate
1992,A,Black or African American,55,64,All Origins,4,18,cvd_stroke,total,5411.3218180239,666,nvss,Deaths,age-adjusted rate
1992,A,Black or African American,25,34,All Origins,4,18,ncd_lri,total,2002.64671793744,666,nvss,Deaths,age-adjusted rate
1992,A,Black or African American,35,44,All Origins,4,18,ncd_lri,total,5950.06034982505,666,nvss,Deaths,age-adjusted rate
1992,A,Black or African American,45,54,All Origins,4,18,ncd_lri,total,14070.3546503041,666,nvss,Deaths,age-adjusted rate
1992,A,Black or African American,55,64,All Origins,4,18,ncd_lri,total,73052.8445433226,666,nvss,Deaths,age-adjusted rate
1992,A,Black or African American,65,74,All Origins,4,18,ncd_lri,total,200212.437010014,666,nvss,Deaths,age-adjusted rate
1992,A,Black or African American,75,84,All Origins,4,18,ncd_lri,total,136652.671901262,666,nvss,Deaths,age-adjusted rate
1992,A,Black or African American,85,150,All Origins,4,18,ncd_lri,total,101921.972860436,666,nvss,Deaths,age-adjusted rate
1992,A,Black or African American,35,44,All Origins,4,18,neo_lung,total,540.914577256823,666,nvss,Deaths,age-adjusted rate
1992,A,Black or African American,45,54,All Origins,4,18,neo_lung,total,1082.33497310032,666,nvss,Deaths,age-adjusted rate
1992,A,Black or African American,55,64,All Origins,4,18,neo_lung,total,8116.98272703585,666,nvss,Deaths,age-adjusted rate
1992,A,Black or African American,65,74,All Origins,4,18,neo_lung,total,31144.1568682245,666,nvss,Deaths,age-adjusted rate
1992,A,Black or African American,75,84,All Origins,4,18,neo_lung,total,17081.5839876578,666,nvss,Deaths,age-adjusted rate
1992,A,Black or African American,85,150,All Origins,4,18,neo_lung,total,4632.81694820164,666,nvss,Deaths,age-adjusted rate
1992,A,Black or African American,35,44,All Origins,4,18,resp_copd,total,540.914577256823,666,nvss,Deaths,age-adjusted rate
1992,A,Black or African American,45,54,All Origins,4,18,resp_copd,total,1082.33497310032,666,nvss,Deaths,age-adjusted rate
1992,A,Black or African American,55,64,All Origins,4,18,resp_copd,total,2705.66090901195,666,nvss,Deaths,age-adjusted rate
1992,A,Black or African American,75,84,All Origins,4,18,resp_copd,total,4270.39599691445,666,nvss,Deaths,age-adjusted rate
1992,A,Black or African American,85,150,All Origins,4,18,resp_copd,total,4632.81694820164,666,nvss,Deaths,age-adjusted rate
1992,A,Black or African American,55,64,All Origins,4,18,t2_dm,total,2705.66090901195,666,nvss,Deaths,age-adjusted rate
1992,A,Black or African American,65,74,All Origins,4,18,t2_dm,total,22245.826334446,666,nvss,Deaths,age-adjusted rate
1992,A,Black or African American,85,150,All Origins,4,18,t2_dm,total,9265.63389640328,666,nvss,Deaths,age-adjusted rate
1992,A,Black or African American,25,34,All Origins,4,22,all-cause,overall,305.429870468399,666,nvss,Deaths,age-adjusted rate
1992,A,Black or African American,35,44,All Origins,4,22,all-cause,overall,1166.95828851434,666,nvss,Deaths,age-adjusted rate
1992,A,Black or African American,45,54,All Origins,4,22,all-cause,overall,1470.38958909263,666,nvss,Deaths,age-adjusted rate
1992,A,Black or African American,55,64,All Origins,4,22,all-cause,overall,2397.52281384139,666,nvss,Deaths,age-adjusted rate
1992,A,Black or African American,65,74,All Origins,4,22,all-cause,overall,2958.34010210109,666,nvss,Deaths,age-adjusted rate
1992,A,Black or African American,75,84,All Origins,4,22,all-cause,overall,3626.82960285323,666,nvss,Deaths,age-adjusted rate
1992,A,Black or African American,85,150,All Origins,4,22,all-cause,overall,2639.06208444963,666,nvss,Deaths,age-adjusted rate
1992,A,Black or African American,35,44,All Origins,4,22,cvd_ihd,total,65.5594544109181,666,nvss,Deaths,age-adjusted rate
1992,A,Black or African American,45,54,All Origins,4,22,cvd_ihd,total,88.2233753455576,666,nvss,Deaths,age-adjusted rate
1992,A,Black or African American,55,64,All Origins,4,22,cvd_ihd,total,65.1500764630813,666,nvss,Deaths,age-adjusted rate
1992,A,Black or African American,65,74,All Origins,4,22,cvd_ihd,total,192.935224050071,666,nvss,Deaths,age-adjusted rate
1992,A,Black or African American,75,84,All Origins,4,22,cvd_ihd,total,269.764185336191,666,nvss,Deaths,age-adjusted rate
1992,A,Black or African American,85,150,All Origins,4,22,cvd_ihd,total,374.681653965071,666,nvss,Deaths,age-adjusted rate
1992,A,Black or African American,35,44,All Origins,4,22,cvd_stroke,total,39.3356726465509,666,nvss,Deaths,age-adjusted rate
1992,A,Black or African American,45,54,All Origins,4,22,cvd_stroke,total,14.7038958909263,666,nvss,Deaths,age-adjusted rate
1992,A,Black or African American,55,64,All Origins,4,22,cvd_stroke,total,26.0600305852325,666,nvss,Deaths,age-adjusted rate
1992,A,Black or African American,65,74,All Origins,4,22,cvd_stroke,total,25.7246965400095,666,nvss,Deaths,age-adjusted rate
1992,A,Black or African American,75,84,All Origins,4,22,cvd_stroke,total,14.9868991853439,666,nvss,Deaths,age-adjusted rate
1992,A,Black or African American,85,150,All Origins,4,22,cvd_stroke,total,16.2905066941335,666,nvss,Deaths,age-adjusted rate
1992,A,Black or African American,25,34,All Origins,4,22,ncd_lri,total,134.74847226547,666,nvss,Deaths,age-adjusted rate
1992,A,Black or African American,35,44,All Origins,4,22,ncd_lri,total,734.265889402283,666,nvss,Deaths,age-adjusted rate
1992,A,Black or African American,45,54,All Origins,4,22,ncd_lri,total,1293.94283840151,666,nvss,Deaths,age-adjusted rate
1992,A,Black or African American,55,64,All Origins,4,22,ncd_lri,total,2215.10259974476,666,nvss,Deaths,age-adjusted rate
1992,A,Black or African American,65,74,All Origins,4,22,ncd_lri,total,2829.71661940104,666,nvss,Deaths,age-adjusted rate
1992,A,Black or African American,75,84,All Origins,4,22,ncd_lri,total,3312.10471996101,666,nvss,Deaths,age-adjusted rate
1992,A,Black or African American,85,150,All Origins,4,22,ncd_lri,total,2459.86651081416,666,nvss,Deaths,age-adjusted rate
1992,A,Black or African American,35,44,All Origins,4,22,neo_lung,total,13.1118908821836,666,nvss,Deaths,age-adjusted rate
1992,A,Black or African American,45,54,All Origins,4,22,neo_lung,total,88.2233753455576,666,nvss,Deaths,age-adjusted rate
1992,A,Black or African American,55,64,All Origins,4,22,neo_lung,total,338.780397608023,666,nvss,Deaths,age-adjusted rate
1992,A,Black or African American,65,74,All Origins,4,22,neo_lung,total,411.595144640152,666,nvss,Deaths,age-adjusted rate
1992,A,Black or African American,75,84,All Origins,4,22,neo_lung,total,164.855891038783,666,nvss,Deaths,age-adjusted rate
1992,A,Black or African American,85,150,All Origins,4,22,neo_lung,total,65.1620267765341,666,nvss,Deaths,age-adjusted rate
1992,A,Black or African American,25,34,All Origins,4,22,resp_copd,total,17.9664629687293,666,nvss,Deaths,age-adjusted rate
1992,A,Black or African American,35,44,All Origins,4,22,resp_copd,total,26.2237817643672,666,nvss,Deaths,age-adjusted rate
1992,A,Black or African American,45,54,All Origins,4,22,resp_copd,total,14.7038958909263,666,nvss,Deaths,age-adjusted rate
1992,A,Black or African American,55,64,All Origins,4,22,resp_copd,total,65.1500764630813,666,nvss,Deaths,age-adjusted rate
1992,A,Black or African American,65,74,All Origins,4,22,resp_copd,total,115.761134430043,666,nvss,Deaths,age-adjusted rate
1992,A,Black or African American,75,84,All Origins,4,22,resp_copd,total,89.9213951120636,666,nvss,Deaths,age-adjusted rate
1992,A,Black or African American,85,150,All Origins,4,22,resp_copd,total,48.8715200824006,666,nvss,Deaths,age-adjusted rate
1992,A,Black or African American,25,34,All Origins,4,22,t2_dm,total,17.9664629687293,666,nvss,Deaths,age-adjusted rate
1992,A,Black or African American,35,44,All Origins,4,22,t2_dm,total,52.4475635287345,666,nvss,Deaths,age-adjusted rate
1992,A,Black or African American,45,54,All Origins,4,22,t2_dm,total,58.8155835637051,666,nvss,Deaths,age-adjusted rate
1992,A,Black or African American,55,64,All Origins,4,22,t2_dm,total,65.1500764630813,666,nvss,Deaths,age-adjusted rate
1992,A,Black or African American,65,74,All Origins,4,22,t2_dm,total,154.348179240057,666,nvss,Deaths,age-adjusted rate
1992,A,Black or African American,75,84,All Origins,4,22,t2_dm,total,134.882092668095,666,nvss,Deaths,age-adjusted rate
1992,A,Black or African American,85,150,All Origins,4,22,t2_dm,total,114.033546858935,666,nvss,Deaths,age-adjusted rate
1992,A,Black or African American,25,34,All Origins,4,29,all-cause,overall,1517.62980805474,666,nvss,Deaths,age-adjusted rate
1992,A,Black or African American,35,44,All Origins,4,29,all-cause,overall,7132.17852484378,666,nvss,Deaths,age-adjusted rate
1992,A,Black or African American,45,54,All Origins,4,29,all-cause,overall,12640.7553259144,666,nvss,Deaths,age-adjusted rate
1992,A,Black or African American,55,64,All Origins,4,29,all-cause,overall,34440.3870900947,666,nvss,Deaths,age-adjusted rate
1992,A,Black or African American,65,74,All Origins,4,29,all-cause,overall,9004.81302401097,666,nvss,Deaths,age-adjusted rate
1992,A,Black or African American,75,84,All Origins,4,29,all-cause,overall,18683.6681751245,666,nvss,Deaths,age-adjusted rate
1992,A,Black or African American,85,150,All Origins,4,29,all-cause,overall,3392.49798664217,666,nvss,Deaths,age-adjusted rate
1992,A,Black or African American,35,44,All Origins,4,29,cvd_ihd,total,1426.43570496876,666,nvss,Deaths,age-adjusted rate
1992,A,Black or African American,65,74,All Origins,4,29,cvd_ihd,total,1500.80217066849,666,nvss,Deaths,age-adjusted rate
1992,A,Black or African American,75,84,All Origins,4,29,cvd_ihd,total,1868.36681751245,666,nvss,Deaths,age-adjusted rate
1992,A,Black or African American,85,150,All Origins,4,29,cvd_ihd,total,484.642569520309,666,nvss,Deaths,age-adjusted rate
1992,A,Black or African American,25,34,All Origins,4,29,ncd_lri,total,1011.75320536983,666,nvss,Deaths,age-adjusted rate
1992,A,Black or African American,35,44,All Origins,4,29,ncd_lri,total,4279.30711490627,666,nvss,Deaths,age-adjusted rate
1992,A,Black or African American,45,54,All Origins,4,29,ncd_lri,total,12640.7553259144,666,nvss,Deaths,age-adjusted rate
1992,A,Black or African American,55,64,All Origins,4,29,ncd_lri,total,32144.3612840884,666,nvss,Deaths,age-adjusted rate
1992,A,Black or African American,65,74,All Origins,4,29,ncd_lri,total,9004.81302401097,666,nvss,Deaths,age-adjusted rate
1992,A,Black or African American,75,84,All Origins,4,29,ncd_lri,total,18683.6681751245,666,nvss,Deaths,age-adjusted rate
1992,A,Black or African American,85,150,All Origins,4,29,ncd_lri,total,2907.85541712186,666,nvss,Deaths,age-adjusted rate
1992,A,Black or African American,45,54,All Origins,4,29,neo_lung,total,2106.79255431907,666,nvss,Deaths,age-adjusted rate
1992,A,Black or African American,55,64,All Origins,4,29,neo_lung,total,9184.10322402527,666,nvss,Deaths,age-adjusted rate
1992,A,Black or African American,65,74,All Origins,4,29,neo_lung,total,1500.80217066849,666,nvss,Deaths,age-adjusted rate
1992,A,Black or African American,45,54,All Origins,4,29,t2_dm,total,2106.79255431907,666,nvss,Deaths,age-adjusted rate
1992,A,Black or African American,55,64,All Origins,4,29,t2_dm,total,2296.02580600632,666,nvss,Deaths,age-adjusted rate
1992,A,Black or African American,25,34,All Origins,4,48,all-cause,overall,61892.9037431984,666,nvss,Deaths,age-adjusted rate
1992,A,Black or African American,35,44,All Origins,4,48,all-cause,overall,111796.900545745,666,nvss,Deaths,age-adjusted rate
1992,A,Black or African American,45,54,All Origins,4,48,all-cause,overall,72120.9008526273,666,nvss,Deaths,age-adjusted rate
1992,A,Black or African American,55,64,All Origins,4,48,all-cause,overall,205291.726674329,666,nvss,Deaths,age-adjusted rate
1992,A,Black or African American,65,74,All Origins,4,48,all-cause,overall,89047.597782049,666,nvss,Deaths,age-adjusted rate
1992,A,Black or African American,75,84,All Origins,4,48,all-cause,overall,179363.212709413,666,nvss,Deaths,age-adjusted rate
1992,A,Black or African American,85,150,All Origins,4,48,all-cause,overall,168655.618829361,666,nvss,Deaths,age-adjusted rate
1992,A,Black or African American,55,64,All Origins,4,48,cvd_ihd,total,12830.7329171456,666,nvss,Deaths,age-adjusted rate
1992,A,Black or African American,65,74,All Origins,4,48,cvd_ihd,total,8004.27845231901,666,nvss,Deaths,age-adjusted rate
1992,A,Black or African American,75,84,All Origins,4,48,cvd_ihd,total,30427.6878703469,666,nvss,Deaths,age-adjusted rate
1992,A,Black or African American,85,150,All Origins,4,48,cvd_ihd,total,23262.8439764636,666,nvss,Deaths,age-adjusted rate
1992,A,Black or African American,55,64,All Origins,4,48,cvd_stroke,total,7698.43975028735,666,nvss,Deaths,age-adjusted rate
1992,A,Black or African American,65,74,All Origins,4,48,cvd_stroke,total,2001.06961307975,666,nvss,Deaths,age-adjusted rate
1992,A,Black or African American,75,84,All Origins,4,48,cvd_stroke,total,3202.91451266809,666,nvss,Deaths,age-adjusted rate
1992,A,Black or African American,85,150,All Origins,4,48,cvd_stroke,total,5815.7109941159,666,nvss,Deaths,age-adjusted rate
1992,A,Black or African American,25,34,All Origins,4,48,ncd_lri,total,32420.0924369135,666,nvss,Deaths,age-adjusted rate
1992,A,Black or African American,35,44,All Origins,4,48,ncd_lri,total,74531.2670304968,666,nvss,Deaths,age-adjusted rate
1992,A,Black or African American,45,54,All Origins,4,48,ncd_lri,total,59578.135486953,666,nvss,Deaths,age-adjusted rate
1992,A,Black or African American,55,64,All Origins,4,48,ncd_lri,total,182196.407423467,666,nvss,Deaths,age-adjusted rate
1992,A,Black or African American,65,74,All Origins,4,48,ncd_lri,total,86045.9933624294,666,nvss,Deaths,age-adjusted rate
1992,A,Black or African American,75,84,All Origins,4,48,ncd_lri,total,166551.554658741,666,nvss,Deaths,age-adjusted rate
1992,A,Black or African American,85,150,All Origins,4,48,ncd_lri,total,160901.337503873,666,nvss,Deaths,age-adjusted rate
1992,A,Black or African American,45,54,All Origins,4,48,neo_lung,total,10974.919694965,666,nvss,Deaths,age-adjusted rate
1992,A,Black or African American,55,64,All Origins,4,48,neo_lung,total,20529.1726674329,666,nvss,Deaths,age-adjusted rate
1992,A,Black or African American,65,74,All Origins,4,48,neo_lung,total,9004.81325885889,666,nvss,Deaths,age-adjusted rate
1992,A,Black or African American,75,84,All Origins,4,48,neo_lung,total,6405.82902533618,666,nvss,Deaths,age-adjusted rate
1992,A,Black or African American,85,150,All Origins,4,48,neo_lung,total,7754.28132548786,666,nvss,Deaths,age-adjusted rate
1992,A,Black or African American,55,64,All Origins,4,48,resp_copd,total,12830.7329171456,666,nvss,Deaths,age-adjusted rate
1992,A,Black or African American,65,74,All Origins,4,48,resp_copd,total,10005.3480653988,666,nvss,Deaths,age-adjusted rate
1992,A,Black or African American,75,84,All Origins,4,48,resp_copd,total,3202.91451266809,666,nvss,Deaths,age-adjusted rate
1992,A,Black or African American,85,150,All Origins,4,48,resp_copd,total,1938.57033137197,666,nvss,Deaths,age-adjusted rate
1992,A,Black or African American,35,44,All Origins,4,48,t2_dm,total,6775.56973004516,666,nvss,Deaths,age-adjusted rate
1992,A,Black or African American,45,54,All Origins,4,48,t2_dm,total,4703.53701212787,666,nvss,Deaths,age-adjusted rate
1992,A,Black or African American,55,64,All Origins,4,48,t2_dm,total,7698.43975028735,666,nvss,Deaths,age-adjusted rate
1992,A,Black or African American,65,74,All Origins,4,48,t2_dm,total,2001.06961307975,666,nvss,Deaths,age-adjusted rate
1992,A,Black or African American,75,84,All Origins,4,48,t2_dm,total,4804.37176900214,666,nvss,Deaths,age-adjusted rate
1992,A,Black or African American,85,150,All Origins,4,48,t2_dm,total,3877.14066274393,666,nvss,Deaths,age-adjusted rate
1992,A,Black or African American,25,34,All Origins,4,54,all-cause,overall,246.499876923132,666,nvss,Deaths,age-adjusted rate
1992,A,Black or African American,35,44,All Origins,4,54,all-cause,overall,320.10565731103,666,nvss,Deaths,age-adjusted rate
1992,A,Black or African American,45,54,All Origins,4,54,all-cause,overall,434.017363508517,666,nvss,Deaths,age-adjusted rate
1992,A,Black or African American,55,64,All Origins,4,54,all-cause,overall,1084.10765537653,666,nvss,Deaths,age-adjusted rate
1992,A,Black or African American,65,74,All Origins,4,54,all-cause,overall,1258.61430725641,666,nvss,Deaths,age-adjusted rate
1992,A,Black or African American,75,84,All Origins,4,54,all-cause,overall,1908.11929595553,666,nvss,Deaths,age-adjusted rate
1992,A,Black or African American,85,150,All Origins,4,54,all-cause,overall,1465.37599771053,666,nvss,Deaths,age-adjusted rate
1992,A,Black or African American,55,64,All Origins,4,54,cvd_ihd,total,43.3643062150611,666,nvss,Deaths,age-adjusted rate
1992,A,Black or African American,65,74,All Origins,4,54,cvd_ihd,total,41.9538102418804,666,nvss,Deaths,age-adjusted rate
1992,A,Black or African American,75,84,All Origins,4,54,cvd_ihd,total,159.009941329628,666,nvss,Deaths,age-adjusted rate
1992,A,Black or African American,85,150,All Origins,4,54,cvd_ihd,total,61.0573332379388,666,nvss,Deaths,age-adjusted rate
1992,A,Black or African American,45,54,All Origins,4,54,cvd_stroke,total,48.2241515009464,666,nvss,Deaths,age-adjusted rate
1992,A,Black or African American,65,74,All Origins,4,54,cvd_stroke,total,41.9538102418804,666,nvss,Deaths,age-adjusted rate
1992,A,Black or African American,25,34,All Origins,4,54,ncd_lri,total,105.642804395628,666,nvss,Deaths,age-adjusted rate
1992,A,Black or African American,35,44,All Origins,4,54,ncd_lri,total,240.079242983272,666,nvss,Deaths,age-adjusted rate
1992,A,Black or African American,45,54,All Origins,4,54,ncd_lri,total,434.017363508517,666,nvss,Deaths,age-adjusted rate
1992,A,Black or African American,55,64,All Origins,4,54,ncd_lri,total,997.379042946405,666,nvss,Deaths,age-adjusted rate
1992,A,Black or African American,65,74,All Origins,4,54,ncd_lri,total,1174.70668677265,666,nvss,Deaths,age-adjusted rate
1992,A,Black or African American,75,84,All Origins,4,54,ncd_lri,total,1590.09941329628,666,nvss,Deaths,age-adjusted rate
1992,A,Black or African American,85,150,All Origins,4,54,ncd_lri,total,1282.20399799671,666,nvss,Deaths,age-adjusted rate
1992,A,Black or African American,55,64,All Origins,4,54,neo_lung,total,86.7286124301222,666,nvss,Deaths,age-adjusted rate
1992,A,Black or African American,65,74,All Origins,4,54,neo_lung,total,209.769051209402,666,nvss,Deaths,age-adjusted rate
1992,A,Black or African American,85,150,All Origins,4,54,neo_lung,total,61.0573332379388,666,nvss,Deaths,age-adjusted rate
1992,A,Black or African American,25,34,All Origins,4,54,resp_copd,total,35.214268131876,666,nvss,Deaths,age-adjusted rate
1992,A,Black or African American,65,74,All Origins,4,54,resp_copd,total,125.861430725641,666,nvss,Deaths,age-adjusted rate
1992,A,Black or African American,35,44,All Origins,4,54,t2_dm,total,40.0132071638787,666,nvss,Deaths,age-adjusted rate
1992,A,Black or African American,65,74,All Origins,4,54,t2_dm,total,125.861430725641,666,nvss,Deaths,age-adjusted rate
1992,A,Black or African American,75,84,All Origins,4,54,t2_dm,total,212.01325510617,666,nvss,Deaths,age-adjusted rate
1992,A,Black or African American,25,34,All Origins,4,55,all-cause,overall,20712.8367344875,666,nvss,Deaths,age-adjusted rate
1992,A,Black or African American,35,44,All Origins,4,55,all-cause,overall,42055.2597749533,666,nvss,Deaths,age-adjusted rate
1992,A,Black or African American,45,54,All Origins,4,55,all-cause,overall,163727.882679647,666,nvss,Deaths,age-adjusted rate
1992,A,Black or African American,55,64,All Origins,4,55,all-cause,overall,103112.43441265,666,nvss,Deaths,age-adjusted rate
1992,A,Black or African American,65,74,All Origins,4,55,all-cause,overall,77041.1799820048,666,nvss,Deaths,age-adjusted rate
1992,A,Black or African American,75,84,All Origins,4,55,all-cause,overall,627771.240058055,666,nvss,Deaths,age-adjusted rate
1992,A,Black or African American,25,34,All Origins,4,55,cvd_ihd,total,1882.98515768068,666,nvss,Deaths,age-adjusted rate
1992,A,Black or African American,55,64,All Origins,4,55,cvd_ihd,total,11897.588586075,666,nvss,Deaths,age-adjusted rate
1992,A,Black or African American,65,74,All Origins,4,55,cvd_ihd,total,8254.41214092909,666,nvss,Deaths,age-adjusted rate
1992,A,Black or African American,75,84,All Origins,4,55,cvd_ihd,total,134522.408583869,666,nvss,Deaths,age-adjusted rate
1992,A,Black or African American,65,74,All Origins,4,55,cvd_stroke,total,2751.47071364303,666,nvss,Deaths,age-adjusted rate
1992,A,Black or African American,25,34,All Origins,4,55,ncd_lri,total,13180.8961037648,666,nvss,Deaths,age-adjusted rate
1992,A,Black or African American,35,44,All Origins,4,55,ncd_lri,total,30840.5238349657,666,nvss,Deaths,age-adjusted rate
1992,A,Black or African American,45,54,All Origins,4,55,ncd_lri,total,154096.830757315,666,nvss,Deaths,age-adjusted rate
1992,A,Black or African American,55,64,All Origins,4,55,ncd_lri,total,95180.7086886002,666,nvss,Deaths,age-adjusted rate
1992,A,Black or African American,65,74,All Origins,4,55,ncd_lri,total,74289.7092683618,666,nvss,Deaths,age-adjusted rate
1992,A,Black or African American,75,84,All Origins,4,55,ncd_lri,total,627771.240058055,666,nvss,Deaths,age-adjusted rate
1992,A,Black or African American,35,44,All Origins,4,55,neo_lung,total,5607.36796999377,666,nvss,Deaths,age-adjusted rate
1992,A,Black or African American,45,54,All Origins,4,55,neo_lung,total,19262.1038446643,666,nvss,Deaths,age-adjusted rate
1992,A,Black or African American,55,64,All Origins,4,55,neo_lung,total,15863.4514481,666,nvss,Deaths,age-adjusted rate
1992,A,Black or African American,65,74,All Origins,4,55,neo_lung,total,5502.94142728606,666,nvss,Deaths,age-adjusted rate
1992,A,Black or African American,35,44,All Origins,4,55,resp_copd,total,2803.68398499688,666,nvss,Deaths,age-adjusted rate
1992,A,Black or African American,55,64,All Origins,4,55,resp_copd,total,3965.86286202501,666,nvss,Deaths,age-adjusted rate
1992,A,Black or African American,65,74,All Origins,4,55,resp_copd,total,5502.94142728606,666,nvss,Deaths,age-adjusted rate
1992,A,Black or African American,75,84,All Origins,4,55,resp_copd,total,44840.8028612897,666,nvss,Deaths,age-adjusted rate
1992,A,Black or African American,45,54,All Origins,4,55,t2_dm,total,19262.1038446643,666,nvss,Deaths,age-adjusted rate
1992,A,Black or African American,65,74,All Origins,4,55,t2_dm,total,2751.47071364303,666,nvss,Deaths,age-adjusted rate
1992,A,Black or African American,75,84,All Origins,4,55,t2_dm,total,67261.2042919345,666,nvss,Deaths,age-adjusted rate
1992,A,Black or African American,25,34,All Origins,5,17,all-cause,overall,40.7131929556948,666,nvss,Deaths,age-adjusted rate
1992,A,Black or African American,35,44,All Origins,5,17,all-cause,overall,106.562040492061,666,nvss,Deaths,age-adjusted rate
1992,A,Black or African American,35,44,All Origins,5,17,ncd_lri,total,106.562040492061,666,nvss,Deaths,age-adjusted rate
1992,A,Black or African American,25,34,All Origins,5,36,all-cause,overall,250.600561520355,666,nvss,Deaths,age-adjusted rate
1992,A,Black or African American,35,44,All Origins,5,36,all-cause,overall,186.056764352399,666,nvss,Deaths,age-adjusted rate
1992,A,Black or African American,45,54,All Origins,5,36,all-cause,overall,232.473449222781,666,nvss,Deaths,age-adjusted rate
1992,A,Black or African American,55,64,All Origins,5,36,all-cause,overall,490.162566428231,666,nvss,Deaths,age-adjusted rate
1992,A,Black or African American,65,74,All Origins,5,36,all-cause,overall,1197.53074837728,666,nvss,Deaths,age-adjusted rate
1992,A,Black or African American,75,84,All Origins,5,36,all-cause,overall,2402.18468150763,666,nvss,Deaths,age-adjusted rate
1992,A,Black or African American,85,150,All Origins,5,36,all-cause,overall,574.391196798195,666,nvss,Deaths,age-adjusted rate
1992,A,Black or African American,65,74,All Origins,5,36,cvd_stroke,total,171.075821196754,666,nvss,Deaths,age-adjusted rate
1992,A,Black or African American,25,34,All Origins,5,36,ncd_lri,total,125.300280760177,666,nvss,Deaths,age-adjusted rate
1992,A,Black or African American,45,54,All Origins,5,36,ncd_lri,total,232.473449222781,666,nvss,Deaths,age-adjusted rate
1992,A,Black or African American,55,64,All Origins,5,36,ncd_lri,total,490.162566428231,666,nvss,Deaths,age-adjusted rate
1992,A,Black or African American,65,74,All Origins,5,36,ncd_lri,total,1026.45492718053,666,nvss,Deaths,age-adjusted rate
1992,A,Black or African American,75,84,All Origins,5,36,ncd_lri,total,2402.18468150763,666,nvss,Deaths,age-adjusted rate
1992,A,Black or African American,85,150,All Origins,5,36,ncd_lri,total,574.391196798195,666,nvss,Deaths,age-adjusted rate
1992,A,Black or African American,75,84,All Origins,5,36,neo_lung,total,400.364113584606,666,nvss,Deaths,age-adjusted rate
1992,A,Black or African American,65,74,All Origins,5,36,t2_dm,total,342.151642393509,666,nvss,Deaths,age-adjusted rate
1992,A,Black or African American,75,84,All Origins,5,36,t2_dm,total,400.364113584606,666,nvss,Deaths,age-adjusted rate
1992,A,Black or African American,25,34,All Origins,5,37,all-cause,overall,110.259420039707,666,nvss,Deaths,age-adjusted rate
1992,A,Black or African American,35,44,All Origins,5,37,all-cause,overall,159.843525086351,666,nvss,Deaths,age-adjusted rate
1992,A,Black or African American,45,54,All Origins,5,37,all-cause,overall,247.073844388036,666,nvss,Deaths,age-adjusted rate
1992,A,Black or African American,55,64,All Origins,5,37,all-cause,overall,303.058143874564,666,nvss,Deaths,age-adjusted rate
1992,A,Black or African American,65,74,All Origins,5,37,all-cause,overall,534.268216336297,666,nvss,Deaths,age-adjusted rate
1992,A,Black or African American,75,84,All Origins,5,37,all-cause,overall,554.060308663904,666,nvss,Deaths,age-adjusted rate
1992,A,Black or African American,85,150,All Origins,5,37,all-cause,overall,321.089620343496,666,nvss,Deaths,age-adjusted rate
1992,A,Black or African American,45,54,All Origins,5,37,cvd_ihd,total,22.4612585807306,666,nvss,Deaths,age-adjusted rate
1992,A,Black or African American,55,64,All Origins,5,37,cvd_ihd,total,31.0828865512373,666,nvss,Deaths,age-adjusted rate
1992,A,Black or African American,65,74,All Origins,5,37,cvd_ihd,total,33.3917635210186,666,nvss,Deaths,age-adjusted rate
1992,A,Black or African American,75,84,All Origins,5,37,cvd_ihd,total,129.027743113512,666,nvss,Deaths,age-adjusted rate
1992,A,Black or African American,85,150,All Origins,5,37,cvd_ihd,total,56.1906835601118,666,nvss,Deaths,age-adjusted rate
1992,A,Black or African American,45,54,All Origins,5,37,cvd_stroke,total,11.2306292903653,666,nvss,Deaths,age-adjusted rate
1992,A,Black or African American,65,74,All Origins,5,37,cvd_stroke,total,6.67835270420371,666,nvss,Deaths,age-adjusted rate
1992,A,Black or African American,85,150,All Origins,5,37,cvd_stroke,total,8.0272405085874,666,nvss,Deaths,age-adjusted rate
1992,A,Black or African American,25,34,All Origins,5,37,ncd_lri,total,44.1037680158829,666,nvss,Deaths,age-adjusted rate
1992,A,Black or African American,35,44,All Origins,5,37,ncd_lri,total,124.322741733828,666,nvss,Deaths,age-adjusted rate
1992,A,Black or African American,45,54,All Origins,5,37,ncd_lri,total,190.92069793621,666,nvss,Deaths,age-adjusted rate
1992,A,Black or African American,55,64,All Origins,5,37,ncd_lri,total,264.204535685517,666,nvss,Deaths,age-adjusted rate
1992,A,Black or African American,65,74,All Origins,5,37,ncd_lri,total,507.554805519482,666,nvss,Deaths,age-adjusted rate
1992,A,Black or African American,75,84,All Origins,5,37,ncd_lri,total,508.521105212076,666,nvss,Deaths,age-adjusted rate
1992,A,Black or African American,85,150,All Origins,5,37,ncd_lri,total,305.035139326321,666,nvss,Deaths,age-adjusted rate
1992,A,Black or African American,35,44,All Origins,5,37,neo_lung,total,8.8801958381306,666,nvss,Deaths,age-adjusted rate
1992,A,Black or African American,45,54,All Origins,5,37,neo_lung,total,11.2306292903653,666,nvss,Deaths,age-adjusted rate
1992,A,Black or African American,55,64,All Origins,5,37,neo_lung,total,23.312164913428,666,nvss,Deaths,age-adjusted rate
1992,A,Black or African American,65,74,All Origins,5,37,neo_lung,total,40.0701162252223,666,nvss,Deaths,age-adjusted rate
1992,A,Black or African American,75,84,All Origins,5,37,neo_lung,total,15.1797344839426,666,nvss,Deaths,age-adjusted rate
1992,A,Black or African American,55,64,All Origins,5,37,resp_copd,total,7.77072163780933,666,nvss,Deaths,age-adjusted rate
1992,A,Black or African American,65,74,All Origins,5,37,resp_copd,total,13.3567054084074,666,nvss,Deaths,age-adjusted rate
1992,A,Black or African American,75,84,All Origins,5,37,resp_copd,total,7.58986724197129,666,nvss,Deaths,age-adjusted rate
1992,A,Black or African American,35,44,All Origins,5,37,t2_dm,total,8.8801958381306,666,nvss,Deaths,age-adjusted rate
1992,A,Black or African American,55,64,All Origins,5,37,t2_dm,total,15.5414432756187,666,nvss,Deaths,age-adjusted rate
1992,A,Black or African American,65,74,All Origins,5,37,t2_dm,total,20.0350581126111,666,nvss,Deaths,age-adjusted rate
1992,A,Black or African American,75,84,All Origins,5,37,t2_dm,total,22.7696017259139,666,nvss,Deaths,age-adjusted rate
1992,A,Black or African American,85,150,All Origins,5,37,t2_dm,total,8.0272405085874,666,nvss,Deaths,age-adjusted rate
1992,A,Black or African American,25,34,All Origins,5,39,all-cause,overall,260.72102063562,666,nvss,Deaths,age-adjusted rate
1992,A,Black or African American,35,44,All Origins,5,39,all-cause,overall,869.591828799675,666,nvss,Deaths,age-adjusted rate
1992,A,Black or African American,45,54,All Origins,5,39,all-cause,overall,1532.21280186511,666,nvss,Deaths,age-adjusted rate
1992,A,Black or African American,55,64,All Origins,5,39,all-cause,overall,1677.86506304151,666,nvss,Deaths,age-adjusted rate
1992,A,Black or African American,65,74,All Origins,5,39,all-cause,overall,3668.62758966438,666,nvss,Deaths,age-adjusted rate
1992,A,Black or African American,75,84,All Origins,5,39,all-cause,overall,11869.6243112365,666,nvss,Deaths,age-adjusted rate
1992,A,Black or African American,85,150,All Origins,5,39,all-cause,overall,1861.0274967496,666,nvss,Deaths,age-adjusted rate
1992,A,Black or African American,65,74,All Origins,5,39,cvd_ihd,total,305.718965805365,666,nvss,Deaths,age-adjusted rate
1992,A,Black or African American,25,34,All Origins,5,39,ncd_lri,total,260.72102063562,666,nvss,Deaths,age-adjusted rate
1992,A,Black or African American,35,44,All Origins,5,39,ncd_lri,total,869.591828799675,666,nvss,Deaths,age-adjusted rate
1992,A,Black or African American,45,54,All Origins,5,39,ncd_lri,total,1532.21280186511,666,nvss,Deaths,age-adjusted rate
1992,A,Black or African American,55,64,All Origins,5,39,ncd_lri,total,1677.86506304151,666,nvss,Deaths,age-adjusted rate
1992,A,Black or African American,65,74,All Origins,5,39,ncd_lri,total,3362.90862385902,666,nvss,Deaths,age-adjusted rate
1992,A,Black or African American,75,84,All Origins,5,39,ncd_lri,total,10550.7771655436,666,nvss,Deaths,age-adjusted rate
1992,A,Black or African American,85,150,All Origins,5,39,ncd_lri,total,1861.0274967496,666,nvss,Deaths,age-adjusted rate
1992,A,Black or African American,65,74,All Origins,5,39,neo_lung,total,305.718965805365,666,nvss,Deaths,age-adjusted rate
1992,A,Black or African American,55,64,All Origins,5,39,t2_dm,total,419.466265760377,666,nvss,Deaths,age-adjusted rate
1992,A,Black or African American,65,74,All Origins,5,39,t2_dm,total,305.718965805365,666,nvss,Deaths,age-adjusted rate
1992,A,Black or African American,75,84,All Origins,5,42,all-cause,overall,2.61471903796,666,nvss,Deaths,age-adjusted rate
1992,A,Black or African American,75,84,All Origins,5,42,ncd_lri,total,2.61471903796,666,nvss,Deaths,age-adjusted rate
1992,A,Black or African American,75,84,All Origins,5,42,neo_lung,total,2.61471903796,666,nvss,Deaths,age-adjusted rate
1992,A,Black or African American,25,34,All Origins,666,1,all-cause,overall,36.8581250617804,666,nvss,Deaths,age-adjusted rate
1992,A,Black or African American,35,44,All Origins,666,1,all-cause,overall,74.2906192324282,666,nvss,Deaths,age-adjusted rate
1992,A,Black or African American,45,54,All Origins,666,1,all-cause,overall,128.357236589748,666,nvss,Deaths,age-adjusted rate
1992,A,Black or African American,55,64,All Origins,666,1,all-cause,overall,174.064362852536,666,nvss,Deaths,age-adjusted rate
1992,A,Black or African American,65,74,All Origins,666,1,all-cause,overall,235.323211784433,666,nvss,Deaths,age-adjusted rate
1992,A,Black or African American,75,84,All Origins,666,1,all-cause,overall,300.95309737092,666,nvss,Deaths,age-adjusted rate
1992,A,Black or African American,85,150,All Origins,666,1,all-cause,overall,214.769795377699,666,nvss,Deaths,age-adjusted rate
1992,A,Black or African American,25,34,All Origins,666,1,cvd_ihd,total,0.587714978206066,666,nvss,Deaths,age-adjusted rate
1992,A,Black or African American,35,44,All Origins,666,1,cvd_ihd,total,1.39765274966942,666,nvss,Deaths,age-adjusted rate
1992,A,Black or African American,45,54,All Origins,666,1,cvd_ihd,total,3.92289842878203,666,nvss,Deaths,age-adjusted rate
1992,A,Black or African American,55,64,All Origins,666,1,cvd_ihd,total,5.98073687682299,666,nvss,Deaths,age-adjusted rate
1992,A,Black or African American,65,74,All Origins,666,1,cvd_ihd,total,10.1689692269459,666,nvss,Deaths,age-adjusted rate
1992,A,Black or African American,75,84,All Origins,666,1,cvd_ihd,total,15.7124107061123,666,nvss,Deaths,age-adjusted rate
1992,A,Black or African American,85,150,All Origins,666,1,cvd_ihd,total,12.142895341172,666,nvss,Deaths,age-adjusted rate
1992,A,Black or African American,25,34,All Origins,666,1,cvd_stroke,total,0.335837130403466,666,nvss,Deaths,age-adjusted rate
1992,A,Black or African American,35,44,All Origins,666,1,cvd_stroke,total,1.39765274966942,666,nvss,Deaths,age-adjusted rate
1992,A,Black or African American,45,54,All Origins,666,1,cvd_stroke,total,1.41224343436153,666,nvss,Deaths,age-adjusted rate
1992,A,Black or African American,55,64,All Origins,666,1,cvd_stroke,total,1.86898027400718,666,nvss,Deaths,age-adjusted rate
1992,A,Black or African American,65,74,All Origins,666,1,cvd_stroke,total,2.10011320991274,666,nvss,Deaths,age-adjusted rate
1992,A,Black or African American,75,84,All Origins,666,1,cvd_stroke,total,3.02161744348313,666,nvss,Deaths,age-adjusted rate
1992,A,Black or African American,85,150,All Origins,666,1,cvd_stroke,total,2.57576567843042,666,nvss,Deaths,age-adjusted rate
1992,A,Black or African American,35,44,All Origins,666,1,lri,total,0.107511749974571,666,nvss,Deaths,age-adjusted rate
1992,A,Black or African American,45,54,All Origins,666,1,lri,total,0.156915937151281,666,nvss,Deaths,age-adjusted rate
1992,A,Black or African American,55,64,All Origins,666,1,lri,total,0.249197369867625,666,nvss,Deaths,age-adjusted rate
1992,A,Black or African American,65,74,All Origins,666,1,lri,total,0.221064548411868,666,nvss,Deaths,age-adjusted rate
1992,A,Black or African American,85,150,All Origins,666,1,lri,total,0.245311016993374,666,nvss,Deaths,age-adjusted rate
1992,A,Black or African American,25,34,All Origins,666,1,ncd_lri,total,16.5399786723707,666,nvss,Deaths,age-adjusted rate
1992,A,Black or African American,35,44,All Origins,666,1,ncd_lri,total,50.5305224880482,666,nvss,Deaths,age-adjusted rate
1992,A,Black or African American,45,54,All Origins,666,1,ncd_lri,total,111.567231314561,666,nvss,Deaths,age-adjusted rate
1992,A,Black or African American,55,64,All Origins,666,1,ncd_lri,total,156.495948276868,666,nvss,Deaths,age-adjusted rate
1992,A,Black or African American,65,74,All Origins,666,1,ncd_lri,total,214.2115474111,666,nvss,Deaths,age-adjusted rate
1992,A,Black or African American,75,84,All Origins,666,1,ncd_lri,total,270.857787633828,666,nvss,Deaths,age-adjusted rate
1992,A,Black or African American,85,150,All Origins,666,1,ncd_lri,total,188.030894525421,666,nvss,Deaths,age-adjusted rate
1992,A,Black or African American,25,34,All Origins,666,1,neo_lung,total,0.0839592826008665,666,nvss,Deaths,age-adjusted rate
1992,A,Black or African American,35,44,All Origins,666,1,neo_lung,total,1.8276997495677,666,nvss,Deaths,age-adjusted rate
1992,A,Black or African American,45,54,All Origins,666,1,neo_lung,total,10.3564518519846,666,nvss,Deaths,age-adjusted rate
1992,A,Black or African American,55,64,All Origins,666,1,neo_lung,total,17.0700198359323,666,nvss,Deaths,age-adjusted rate
1992,A,Black or African American,65,74,All Origins,666,1,neo_lung,total,21.1116643733334,666,nvss,Deaths,age-adjusted rate
1992,A,Black or African American,75,84,All Origins,666,1,neo_lung,total,15.228951915155,666,nvss,Deaths,age-adjusted rate
1992,A,Black or African American,85,150,All Origins,666,1,neo_lung,total,3.06638771241717,666,nvss,Deaths,age-adjusted rate
1992,A,Black or African American,25,34,All Origins,666,1,resp_copd,total,0.167918565201733,666,nvss,Deaths,age-adjusted rate
1992,A,Black or African American,35,44,All Origins,666,1,resp_copd,total,0.537558749872853,666,nvss,Deaths,age-adjusted rate
1992,A,Black or African American,45,54,All Origins,666,1,resp_copd,total,1.41224343436153,666,nvss,Deaths,age-adjusted rate
1992,A,Black or African American,55,64,All Origins,666,1,resp_copd,total,4.23635528774962,666,nvss,Deaths,age-adjusted rate
1992,A,Black or African American,65,74,All Origins,666,1,resp_copd,total,4.86342006506109,666,nvss,Deaths,age-adjusted rate
1992,A,Black or African American,75,84,All Origins,666,1,resp_copd,total,6.40582898018424,666,nvss,Deaths,age-adjusted rate
1992,A,Black or African American,85,150,All Origins,666,1,resp_copd,total,3.92497627189398,666,nvss,Deaths,age-adjusted rate
1992,A,Black or African American,25,34,All Origins,666,1,t2_dm,total,0.167918565201733,666,nvss,Deaths,age-adjusted rate
1992,A,Black or African American,35,44,All Origins,666,1,t2_dm,total,1.29014099969485,666,nvss,Deaths,age-adjusted rate
1992,A,Black or African American,45,54,All Origins,666,1,t2_dm,total,3.13831874302563,666,nvss,Deaths,age-adjusted rate
1992,A,Black or African American,55,64,All Origins,666,1,t2_dm,total,8.34811189056542,666,nvss,Deaths,age-adjusted rate
1992,A,Black or African American,65,74,All Origins,666,1,t2_dm,total,11.4953565174171,666,nvss,Deaths,age-adjusted rate
1992,A,Black or African American,75,84,All Origins,666,1,t2_dm,total,11.7238756807145,666,nvss,Deaths,age-adjusted rate
1992,A,Black or African American,85,150,All Origins,666,1,t2_dm,total,4.90622033986747,666,nvss,Deaths,age-adjusted rate
1992,A,Black or African American,25,34,All Origins,666,2,all-cause,overall,11.7564109231184,666,nvss,Deaths,age-adjusted rate
1992,A,Black or African American,35,44,All Origins,666,2,all-cause,overall,32.68616524051,666,nvss,Deaths,age-adjusted rate
1992,A,Black or African American,45,54,All Origins,666,2,all-cause,overall,39.1961414172538,666,nvss,Deaths,age-adjusted rate
1992,A,Black or African American,55,64,All Origins,666,2,all-cause,overall,126.8153824681,666,nvss,Deaths,age-adjusted rate
1992,A,Black or African American,65,74,All Origins,666,2,all-cause,overall,206.36030180891,666,nvss,Deaths,age-adjusted rate
1992,A,Black or African American,75,84,All Origins,666,2,all-cause,overall,399.571510645155,666,nvss,Deaths,age-adjusted rate
1992,A,Black or African American,85,150,All Origins,666,2,all-cause,overall,64.6190103930045,666,nvss,Deaths,age-adjusted rate
1992,A,Black or African American,45,54,All Origins,666,2,cvd_ihd,total,19.5980707086269,666,nvss,Deaths,age-adjusted rate
1992,A,Black or African American,65,74,All Origins,666,2,cvd_ihd,total,34.3933836348183,666,nvss,Deaths,age-adjusted rate
1992,A,Black or African American,25,34,All Origins,666,2,ncd_lri,total,9.40512873849471,666,nvss,Deaths,age-adjusted rate
1992,A,Black or African American,35,44,All Origins,666,2,ncd_lri,total,24.5146239303825,666,nvss,Deaths,age-adjusted rate
1992,A,Black or African American,45,54,All Origins,666,2,ncd_lri,total,29.3971060629403,666,nvss,Deaths,age-adjusted rate
1992,A,Black or African American,55,64,All Origins,666,2,ncd_lri,total,126.8153824681,666,nvss,Deaths,age-adjusted rate
1992,A,Black or African American,65,74,All Origins,666,2,ncd_lri,total,206.36030180891,666,nvss,Deaths,age-adjusted rate
1992,A,Black or African American,75,84,All Origins,666,2,ncd_lri,total,399.571510645155,666,nvss,Deaths,age-adjusted rate
1992,A,Black or African American,85,150,All Origins,666,2,ncd_lri,total,64.6190103930045,666,nvss,Deaths,age-adjusted rate
1992,A,Black or African American,55,64,All Origins,666,2,neo_lung,total,25.36307649362,666,nvss,Deaths,age-adjusted rate
1992,A,Black or African American,65,74,All Origins,666,2,neo_lung,total,51.5900754522274,666,nvss,Deaths,age-adjusted rate
1992,A,Black or African American,75,84,All Origins,666,2,neo_lung,total,44.3968345161284,666,nvss,Deaths,age-adjusted rate
1992,A,Black or African American,35,44,All Origins,666,2,resp_copd,total,4.08577065506375,666,nvss,Deaths,age-adjusted rate
1992,A,Black or African American,65,74,All Origins,666,2,resp_copd,total,17.1966918174091,666,nvss,Deaths,age-adjusted rate
1992,A,Black or African American,25,34,All Origins,666,2,t2_dm,total,2.35128218462368,666,nvss,Deaths,age-adjusted rate
1992,A,Black or African American,65,74,All Origins,666,2,t2_dm,total,17.1966918174091,666,nvss,Deaths,age-adjusted rate
1992,A,Black or African American,75,84,All Origins,666,2,t2_dm,total,88.7936690322568,666,nvss,Deaths,age-adjusted rate
1992,A,Black or African American,25,34,All Origins,666,4,all-cause,overall,31.1513052800856,666,nvss,Deaths,age-adjusted rate
1992,A,Black or African American,35,44,All Origins,666,4,all-cause,overall,59.193284954868,666,nvss,Deaths,age-adjusted rate
1992,A,Black or African American,45,54,All Origins,666,4,all-cause,overall,106.710811331113,666,nvss,Deaths,age-adjusted rate
1992,A,Black or African American,55,64,All Origins,666,4,all-cause,overall,137.236863223529,666,nvss,Deaths,age-adjusted rate
1992,A,Black or African American,65,74,All Origins,666,4,all-cause,overall,213.809317297527,666,nvss,Deaths,age-adjusted rate
1992,A,Black or African American,75,84,All Origins,666,4,all-cause,overall,335.462402990613,666,nvss,Deaths,age-adjusted rate
1992,A,Black or African American,85,150,All Origins,666,4,all-cause,overall,208.09511821476,666,nvss,Deaths,age-adjusted rate
1992,A,Black or African American,35,44,All Origins,666,4,cvd_ihd,total,2.65044559499409,666,nvss,Deaths,age-adjusted rate
1992,A,Black or African American,45,54,All Origins,666,4,cvd_ihd,total,16.8490754733337,666,nvss,Deaths,age-adjusted rate
1992,A,Black or African American,55,64,All Origins,666,4,cvd_ihd,total,14.2415612779133,666,nvss,Deaths,age-adjusted rate
1992,A,Black or African American,65,74,All Origins,666,4,cvd_ihd,total,33.2271236340751,666,nvss,Deaths,age-adjusted rate
1992,A,Black or African American,75,84,All Origins,666,4,cvd_ihd,total,47.6396311939332,666,nvss,Deaths,age-adjusted rate
1992,A,Black or African American,85,150,All Origins,666,4,cvd_ihd,total,26.2856991429171,666,nvss,Deaths,age-adjusted rate
1992,A,Black or African American,35,44,All Origins,666,4,cvd_stroke,total,0.88348186499803,666,nvss,Deaths,age-adjusted rate
1992,A,Black or African American,45,54,All Origins,666,4,cvd_stroke,total,2.80817924555562,666,nvss,Deaths,age-adjusted rate
1992,A,Black or African American,55,64,All Origins,666,4,cvd_stroke,total,2.58937477780243,666,nvss,Deaths,age-adjusted rate
1992,A,Black or African American,65,74,All Origins,666,4,cvd_stroke,total,2.88931509861523,666,nvss,Deaths,age-adjusted rate
1992,A,Black or African American,75,84,All Origins,666,4,cvd_stroke,total,3.9699692661611,666,nvss,Deaths,age-adjusted rate
1992,A,Black or African American,25,34,All Origins,666,4,ncd_lri,total,12.2380127886051,666,nvss,Deaths,age-adjusted rate
1992,A,Black or African American,35,44,All Origins,666,4,ncd_lri,total,40.6401657899094,666,nvss,Deaths,age-adjusted rate
1992,A,Black or African American,45,54,All Origins,666,4,ncd_lri,total,91.2658254805575,666,nvss,Deaths,age-adjusted rate
1992,A,Black or African American,55,64,All Origins,666,4,ncd_lri,total,132.058113667924,666,nvss,Deaths,age-adjusted rate
1992,A,Black or African American,65,74,All Origins,666,4,ncd_lri,total,203.696714452374,666,nvss,Deaths,age-adjusted rate
1992,A,Black or African American,75,84,All Origins,666,4,ncd_lri,total,321.567510559049,666,nvss,Deaths,age-adjusted rate
1992,A,Black or African American,85,150,All Origins,666,4,ncd_lri,total,197.142743571878,666,nvss,Deaths,age-adjusted rate
1992,A,Black or African American,45,54,All Origins,666,4,neo_lung,total,11.2327169822225,666,nvss,Deaths,age-adjusted rate
1992,A,Black or African American,55,64,All Origins,666,4,neo_lung,total,12.9468738890121,666,nvss,Deaths,age-adjusted rate
1992,A,Black or African American,65,74,All Origins,666,4,neo_lung,total,23.1145207889218,666,nvss,Deaths,age-adjusted rate
1992,A,Black or African American,75,84,All Origins,666,4,neo_lung,total,11.9099077984833,666,nvss,Deaths,age-adjusted rate
1992,A,Black or African American,85,150,All Origins,666,4,neo_lung,total,4.38094985715285,666,nvss,Deaths,age-adjusted rate
1992,A,Black or African American,35,44,All Origins,666,4,resp_copd,total,2.65044559499409,666,nvss,Deaths,age-adjusted rate
1992,A,Black or African American,55,64,All Origins,666,4,resp_copd,total,2.58937477780243,666,nvss,Deaths,age-adjusted rate
1992,A,Black or African American,65,74,All Origins,666,4,resp_copd,total,2.88931509861523,666,nvss,Deaths,age-adjusted rate
1992,A,Black or African American,75,84,All Origins,666,4,resp_copd,total,19.8498463308055,666,nvss,Deaths,age-adjusted rate
1992,A,Black or African American,85,150,All Origins,666,4,resp_copd,total,6.57142478572927,666,nvss,Deaths,age-adjusted rate
1992,A,Black or African American,25,34,All Origins,666,4,t2_dm,total,0.556273308572958,666,nvss,Deaths,age-adjusted rate
1992,A,Black or African American,55,64,All Origins,666,4,t2_dm,total,9.06281172230849,666,nvss,Deaths,age-adjusted rate
1992,A,Black or African American,65,74,All Origins,666,4,t2_dm,total,10.1126028451533,666,nvss,Deaths,age-adjusted rate
1992,A,Black or African American,75,84,All Origins,666,4,t2_dm,total,13.8948924315639,666,nvss,Deaths,age-adjusted rate
1992,A,Black or African American,85,150,All Origins,666,4,t2_dm,total,4.38094985715285,666,nvss,Deaths,age-adjusted rate
1992,A,Black or African American,25,34,All Origins,666,5,all-cause,overall,35.1794581252122,666,nvss,Deaths,age-adjusted rate
1992,A,Black or African American,35,44,All Origins,666,5,all-cause,overall,78.4946389897061,666,nvss,Deaths,age-adjusted rate
1992,A,Black or African American,45,54,All Origins,666,5,all-cause,overall,125.888505317966,666,nvss,Deaths,age-adjusted rate
1992,A,Black or African American,55,64,All Origins,666,5,all-cause,overall,190.494849319358,666,nvss,Deaths,age-adjusted rate
1992,A,Black or African American,65,74,All Origins,666,5,all-cause,overall,247.078428275043,666,nvss,Deaths,age-adjusted rate
1992,A,Black or African American,75,84,All Origins,666,5,all-cause,overall,296.604020284524,666,nvss,Deaths,age-adjusted rate
1992,A,Black or African American,85,150,All Origins,666,5,all-cause,overall,214.671862453915,666,nvss,Deaths,age-adjusted rate
1992,A,Black or African American,25,34,All Origins,666,5,cvd_ihd,total,0.478632083336221,666,nvss,Deaths,age-adjusted rate
1992,A,Black or African American,35,44,All Origins,666,5,cvd_ihd,total,1.58255320543762,666,nvss,Deaths,age-adjusted rate
1992,A,Black or African American,45,54,All Origins,666,5,cvd_ihd,total,1.43599055495779,666,nvss,Deaths,age-adjusted rate
1992,A,Black or African American,55,64,All Origins,666,5,cvd_ihd,total,8.19752425349697,666,nvss,Deaths,age-adjusted rate
1992,A,Black or African American,65,74,All Origins,666,5,cvd_ihd,total,15.6217328844866,666,nvss,Deaths,age-adjusted rate
1992,A,Black or African American,75,84,All Origins,666,5,cvd_ihd,total,21.0119891166654,666,nvss,Deaths,age-adjusted rate
1992,A,Black or African American,85,150,All Origins,666,5,cvd_ihd,total,25.2871617426918,666,nvss,Deaths,age-adjusted rate
1992,A,Black or African American,25,34,All Origins,666,5,cvd_stroke,total,0.957264166672442,666,nvss,Deaths,age-adjusted rate
1992,A,Black or African American,35,44,All Origins,666,5,cvd_stroke,total,2.21557448761267,666,nvss,Deaths,age-adjusted rate
1992,A,Black or African American,45,54,All Origins,666,5,cvd_stroke,total,3.35064462823484,666,nvss,Deaths,age-adjusted rate
1992,A,Black or African American,55,64,All Origins,666,5,cvd_stroke,total,3.12286638228456,666,nvss,Deaths,age-adjusted rate
1992,A,Black or African American,65,74,All Origins,666,5,cvd_stroke,total,4.46335225271045,666,nvss,Deaths,age-adjusted rate
1992,A,Black or African American,75,84,All Origins,666,5,cvd_stroke,total,6.39495320941992,666,nvss,Deaths,age-adjusted rate
1992,A,Black or African American,85,150,All Origins,666,5,cvd_stroke,total,5.38024717929612,666,nvss,Deaths,age-adjusted rate
1992,A,Black or African American,55,64,All Origins,666,5,lri,total,0.39035829778557,666,nvss,Deaths,age-adjusted rate
1992,A,Black or African American,25,34,All Origins,666,5,ncd_lri,total,13.8803304167504,666,nvss,Deaths,age-adjusted rate
1992,A,Black or African American,35,44,All Origins,666,5,ncd_lri,total,54.4398302670542,666,nvss,Deaths,age-adjusted rate
1992,A,Black or African American,45,54,All Origins,666,5,ncd_lri,total,107.220628103515,666,nvss,Deaths,age-adjusted rate
1992,A,Black or African American,55,64,All Origins,666,5,ncd_lri,total,172.148009323436,666,nvss,Deaths,age-adjusted rate
1992,A,Black or African American,65,74,All Origins,666,5,ncd_lri,total,226.036910512265,666,nvss,Deaths,age-adjusted rate
1992,A,Black or African American,75,84,All Origins,666,5,ncd_lri,total,268.588034795637,666,nvss,Deaths,age-adjusted rate
1992,A,Black or African American,85,150,All Origins,666,5,ncd_lri,total,193.957910813625,666,nvss,Deaths,age-adjusted rate
1992,A,Black or African American,35,44,All Origins,666,5,neo_lung,total,2.5320851287002,666,nvss,Deaths,age-adjusted rate
1992,A,Black or African American,45,54,All Origins,666,5,neo_lung,total,10.5305974030238,666,nvss,Deaths,age-adjusted rate
1992,A,Black or African American,55,64,All Origins,666,5,neo_lung,total,23.0311395693486,666,nvss,Deaths,age-adjusted rate
1992,A,Black or African American,65,74,All Origins,666,5,neo_lung,total,22.3167612635522,666,nvss,Deaths,age-adjusted rate
1992,A,Black or African American,75,84,All Origins,666,5,neo_lung,total,16.1396438142503,666,nvss,Deaths,age-adjusted rate
1992,A,Black or African American,85,150,All Origins,666,5,neo_lung,total,5.64925953826093,666,nvss,Deaths,age-adjusted rate
1992,A,Black or African American,25,34,All Origins,666,5,resp_copd,total,0.23931604166811,666,nvss,Deaths,age-adjusted rate
1992,A,Black or African American,35,44,All Origins,666,5,resp_copd,total,2.21557448761267,666,nvss,Deaths,age-adjusted rate
1992,A,Black or African American,45,54,All Origins,666,5,resp_copd,total,1.91465407327705,666,nvss,Deaths,age-adjusted rate
1992,A,Black or African American,55,64,All Origins,666,5,resp_copd,total,3.12286638228456,666,nvss,Deaths,age-adjusted rate
1992,A,Black or African American,65,74,All Origins,666,5,resp_copd,total,5.10097400309765,666,nvss,Deaths,age-adjusted rate
1992,A,Black or African American,75,84,All Origins,666,5,resp_copd,total,6.69947479082087,666,nvss,Deaths,age-adjusted rate
1992,A,Black or African American,85,150,All Origins,666,5,resp_copd,total,3.76617302550729,666,nvss,Deaths,age-adjusted rate
1992,A,Black or African American,25,34,All Origins,666,5,t2_dm,total,0.717948125004332,666,nvss,Deaths,age-adjusted rate
1992,A,Black or African American,35,44,All Origins,666,5,t2_dm,total,1.2660425643501,666,nvss,Deaths,age-adjusted rate
1992,A,Black or African American,45,54,All Origins,666,5,t2_dm,total,9.57327036638524,666,nvss,Deaths,age-adjusted rate
1992,A,Black or African American,55,64,All Origins,666,5,t2_dm,total,10.1493157424248,666,nvss,Deaths,age-adjusted rate
1992,A,Black or African American,65,74,All Origins,666,5,t2_dm,total,8.92670450542089,666,nvss,Deaths,age-adjusted rate
1992,A,Black or African American,75,84,All Origins,666,5,t2_dm,total,8.83112586062751,666,nvss,Deaths,age-adjusted rate
1992,A,Black or African American,85,150,All Origins,666,5,t2_dm,total,5.38024717929612,666,nvss,Deaths,age-adjusted rate
1992,A,Black or African American,25,34,All Origins,666,6,all-cause,overall,35.376469442687,666,nvss,Deaths,age-adjusted rate
1992,A,Black or African American,35,44,All Origins,666,6,all-cause,overall,78.3933578476487,666,nvss,Deaths,age-adjusted rate
1992,A,Black or African American,45,54,All Origins,666,6,all-cause,overall,114.532698335111,666,nvss,Deaths,age-adjusted rate
1992,A,Black or African American,55,64,All Origins,666,6,all-cause,overall,153.123301624773,666,nvss,Deaths,age-adjusted rate
1992,A,Black or African American,65,74,All Origins,666,6,all-cause,overall,233.885522243006,666,nvss,Deaths,age-adjusted rate
1992,A,Black or African American,75,84,All Origins,666,6,all-cause,overall,292.004261716022,666,nvss,Deaths,age-adjusted rate
1992,A,Black or African American,85,150,All Origins,666,6,all-cause,overall,213.011558961608,666,nvss,Deaths,age-adjusted rate
1992,A,Black or African American,25,34,All Origins,666,6,cvd_ihd,total,0.258641937436379,666,nvss,Deaths,age-adjusted rate
1992,A,Black or African American,35,44,All Origins,666,6,cvd_ihd,total,2.05709895093659,666,nvss,Deaths,age-adjusted rate
1992,A,Black or African American,45,54,All Origins,666,6,cvd_ihd,total,7.46677259864262,666,nvss,Deaths,age-adjusted rate
1992,A,Black or African American,55,64,All Origins,666,6,cvd_ihd,total,13.0612250206666,666,nvss,Deaths,age-adjusted rate
1992,A,Black or African American,65,74,All Origins,666,6,cvd_ihd,total,25.3618602266275,666,nvss,Deaths,age-adjusted rate
1992,A,Black or African American,75,84,All Origins,666,6,cvd_ihd,total,41.0828506743321,666,nvss,Deaths,age-adjusted rate
1992,A,Black or African American,85,150,All Origins,666,6,cvd_ihd,total,40.8409759042669,666,nvss,Deaths,age-adjusted rate
1992,A,Black or African American,25,34,All Origins,666,6,cvd_stroke,total,0.201165951339406,666,nvss,Deaths,age-adjusted rate
1992,A,Black or African American,35,44,All Origins,666,6,cvd_stroke,total,1.47574489958494,666,nvss,Deaths,age-adjusted rate
1992,A,Black or African American,45,54,All Origins,666,6,cvd_stroke,total,2.08816521826446,666,nvss,Deaths,age-adjusted rate
1992,A,Black or African American,55,64,All Origins,666,6,cvd_stroke,total,1.56493940339784,666,nvss,Deaths,age-adjusted rate
1992,A,Black or African American,65,74,All Origins,666,6,cvd_stroke,total,2.84673941319288,666,nvss,Deaths,age-adjusted rate
1992,A,Black or African American,75,84,All Origins,666,6,cvd_stroke,total,4.33401501619327,666,nvss,Deaths,age-adjusted rate
1992,A,Black or African American,85,150,All Origins,666,6,cvd_stroke,total,3.85292225511952,666,nvss,Deaths,age-adjusted rate
1992,A,Black or African American,35,44,All Origins,666,6,lri,total,0.044719542411665,666,nvss,Deaths,age-adjusted rate
1992,A,Black or African American,65,74,All Origins,666,6,lri,total,0.129397246054222,666,nvss,Deaths,age-adjusted rate
1992,A,Black or African American,85,150,All Origins,666,6,lri,total,0.110083493003415,666,nvss,Deaths,age-adjusted rate
1992,A,Black or African American,25,34,All Origins,666,6,ncd_lri,total,16.3519180445889,666,nvss,Deaths,age-adjusted rate
1992,A,Black or African American,35,44,All Origins,666,6,ncd_lri,total,55.1391957935829,666,nvss,Deaths,age-adjusted rate
1992,A,Black or African American,45,54,All Origins,666,6,ncd_lri,total,98.2703207262034,666,nvss,Deaths,age-adjusted rate
1992,A,Black or African American,55,64,All Origins,666,6,ncd_lri,total,143.011385479741,666,nvss,Deaths,age-adjusted rate
1992,A,Black or African American,65,74,All Origins,666,6,ncd_lri,total,219.651825177042,666,nvss,Deaths,age-adjusted rate
1992,A,Black or African American,75,84,All Origins,666,6,ncd_lri,total,267.896303188447,666,nvss,Deaths,age-adjusted rate
1992,A,Black or African American,85,150,All Origins,666,6,ncd_lri,total,188.462940021846,666,nvss,Deaths,age-adjusted rate
1992,A,Black or African American,25,34,All Origins,666,6,neo_lung,total,0.0862139791454598,666,nvss,Deaths,age-adjusted rate
1992,A,Black or African American,35,44,All Origins,666,6,neo_lung,total,1.92294032370159,666,nvss,Deaths,age-adjusted rate
1992,A,Black or African American,45,54,All Origins,666,6,neo_lung,total,9.80804875245429,666,nvss,Deaths,age-adjusted rate
1992,A,Black or African American,55,64,All Origins,666,6,neo_lung,total,18.4783229555052,666,nvss,Deaths,age-adjusted rate
1992,A,Black or African American,65,74,All Origins,666,6,neo_lung,total,24.3266822581937,666,nvss,Deaths,age-adjusted rate
1992,A,Black or African American,75,84,All Origins,666,6,neo_lung,total,14.1758407821322,666,nvss,Deaths,age-adjusted rate
1992,A,Black or African American,85,150,All Origins,666,6,neo_lung,total,3.96300574812293,666,nvss,Deaths,age-adjusted rate
1992,A,Black or African American,25,34,All Origins,666,6,resp_copd,total,0.201165951339406,666,nvss,Deaths,age-adjusted rate
1992,A,Black or African American,35,44,All Origins,666,6,resp_copd,total,0.62607359376331,666,nvss,Deaths,age-adjusted rate
1992,A,Black or African American,45,54,All Origins,666,6,resp_copd,total,2.21472068603807,666,nvss,Deaths,age-adjusted rate
1992,A,Black or African American,55,64,All Origins,666,6,resp_copd,total,5.71804782010749,666,nvss,Deaths,age-adjusted rate
1992,A,Black or African American,65,74,All Origins,666,6,resp_copd,total,10.2223824382835,666,nvss,Deaths,age-adjusted rate
1992,A,Black or African American,75,84,All Origins,666,6,resp_copd,total,9.57094982742681,666,nvss,Deaths,age-adjusted rate
1992,A,Black or African American,85,150,All Origins,666,6,resp_copd,total,5.72434163617757,666,nvss,Deaths,age-adjusted rate
1992,A,Black or African American,25,34,All Origins,666,6,t2_dm,total,0.229903944387893,666,nvss,Deaths,age-adjusted rate
1992,A,Black or African American,35,44,All Origins,666,6,t2_dm,total,0.849671305821635,666,nvss,Deaths,age-adjusted rate
1992,A,Black or African American,45,54,All Origins,666,6,t2_dm,total,2.91077575879289,666,nvss,Deaths,age-adjusted rate
1992,A,Black or African American,55,64,All Origins,666,6,t2_dm,total,5.11614804956986,666,nvss,Deaths,age-adjusted rate
1992,A,Black or African American,65,74,All Origins,666,6,t2_dm,total,8.02262925536176,666,nvss,Deaths,age-adjusted rate
1992,A,Black or African American,75,84,All Origins,666,6,t2_dm,total,8.66803003238655,666,nvss,Deaths,age-adjusted rate
1992,A,Black or African American,85,150,All Origins,666,6,t2_dm,total,4.40333972013659,666,nvss,Deaths,age-adjusted rate
1992,A,Black or African American,25,34,All Origins,666,8,all-cause,overall,30.5666684001078,666,nvss,Deaths,age-adjusted rate
1992,A,Black or African American,35,44,All Origins,666,8,all-cause,overall,49.9116838884626,666,nvss,Deaths,age-adjusted rate
1992,A,Black or African American,45,54,All Origins,666,8,all-cause,overall,85.0590385015802,666,nvss,Deaths,age-adjusted rate
1992,A,Black or African American,55,64,All Origins,666,8,all-cause,overall,112.171436947006,666,nvss,Deaths,age-adjusted rate
1992,A,Black or African American,65,74,All Origins,666,8,all-cause,overall,201.101897598738,666,nvss,Deaths,age-adjusted rate
1992,A,Black or African American,75,84,All Origins,666,8,all-cause,overall,274.3645574418,666,nvss,Deaths,age-adjusted rate
1992,A,Black or African American,85,150,All Origins,666,8,all-cause,overall,211.589689845001,666,nvss,Deaths,age-adjusted rate
1992,A,Black or African American,35,44,All Origins,666,8,cvd_ihd,total,1.40596292643556,666,nvss,Deaths,age-adjusted rate
1992,A,Black or African American,45,54,All Origins,666,8,cvd_ihd,total,4.30678675957368,666,nvss,Deaths,age-adjusted rate
1992,A,Black or African American,55,64,All Origins,666,8,cvd_ihd,total,11.2171436947006,666,nvss,Deaths,age-adjusted rate
1992,A,Black or African American,65,74,All Origins,666,8,cvd_ihd,total,19.1525616760703,666,nvss,Deaths,age-adjusted rate
1992,A,Black or African American,75,84,All Origins,666,8,cvd_ihd,total,31.4157890200535,666,nvss,Deaths,age-adjusted rate
1992,A,Black or African American,85,150,All Origins,666,8,cvd_ihd,total,40.8752809927842,666,nvss,Deaths,age-adjusted rate
1992,A,Black or African American,25,34,All Origins,666,8,cvd_stroke,total,0.470256436924736,666,nvss,Deaths,age-adjusted rate
1992,A,Black or African American,35,44,All Origins,666,8,cvd_stroke,total,1.40596292643556,666,nvss,Deaths,age-adjusted rate
1992,A,Black or African American,45,54,All Origins,666,8,cvd_stroke,total,1.07669668989342,666,nvss,Deaths,age-adjusted rate
1992,A,Black or African American,55,64,All Origins,666,8,cvd_stroke,total,3.05922100764561,666,nvss,Deaths,age-adjusted rate
1992,A,Black or African American,65,74,All Origins,666,8,cvd_stroke,total,2.73608023943862,666,nvss,Deaths,age-adjusted rate
1992,A,Black or African American,75,84,All Origins,666,8,cvd_stroke,total,6.2831578040107,666,nvss,Deaths,age-adjusted rate
1992,A,Black or African American,85,150,All Origins,666,8,cvd_stroke,total,7.21328488107957,666,nvss,Deaths,age-adjusted rate
1992,A,Black or African American,25,34,All Origins,666,8,ncd_lri,total,12.2266673600431,666,nvss,Deaths,age-adjusted rate
1992,A,Black or African American,35,44,All Origins,666,8,ncd_lri,total,33.7431102344536,666,nvss,Deaths,age-adjusted rate
1992,A,Black or African American,45,54,All Origins,666,8,ncd_lri,total,65.6784980834986,666,nvss,Deaths,age-adjusted rate
1992,A,Black or African American,55,64,All Origins,666,8,ncd_lri,total,104.013514259951,666,nvss,Deaths,age-adjusted rate
1992,A,Black or African American,65,74,All Origins,666,8,ncd_lri,total,191.525616760703,666,nvss,Deaths,age-adjusted rate
1992,A,Black or African American,75,84,All Origins,666,8,ncd_lri,total,247.137540291087,666,nvss,Deaths,age-adjusted rate
1992,A,Black or African American,85,150,All Origins,666,8,ncd_lri,total,177.927693733296,666,nvss,Deaths,age-adjusted rate
1992,A,Black or African American,35,44,All Origins,666,8,neo_lung,total,0.702981463217782,666,nvss,Deaths,age-adjusted rate
1992,A,Black or African American,45,54,All Origins,666,8,neo_lung,total,8.61357351914736,666,nvss,Deaths,age-adjusted rate
1992,A,Black or African American,55,64,All Origins,666,8,neo_lung,total,12.2368840305824,666,nvss,Deaths,age-adjusted rate
1992,A,Black or African American,65,74,All Origins,666,8,neo_lung,total,19.1525616760703,666,nvss,Deaths,age-adjusted rate
1992,A,Black or African American,75,84,All Origins,666,8,neo_lung,total,16.7550874773619,666,nvss,Deaths,age-adjusted rate
1992,A,Black or African American,85,150,All Origins,666,8,neo_lung,total,7.21328488107957,666,nvss,Deaths,age-adjusted rate
1992,A,Black or African American,45,54,All Origins,666,8,resp_copd,total,2.15339337978684,666,nvss,Deaths,age-adjusted rate
1992,A,Black or African American,55,64,All Origins,666,8,resp_copd,total,3.05922100764561,666,nvss,Deaths,age-adjusted rate
1992,A,Black or African American,65,74,All Origins,666,8,resp_copd,total,15.0484413169124,666,nvss,Deaths,age-adjusted rate
1992,A,Black or African American,75,84,All Origins,666,8,resp_copd,total,16.7550874773619,666,nvss,Deaths,age-adjusted rate
1992,A,Black or African American,25,34,All Origins,666,8,t2_dm,total,0.940512873849471,666,nvss,Deaths,age-adjusted rate
1992,A,Black or African American,35,44,All Origins,666,8,t2_dm,total,0.702981463217782,666,nvss,Deaths,age-adjusted rate
1992,A,Black or African American,45,54,All Origins,666,8,t2_dm,total,2.15339337978684,666,nvss,Deaths,age-adjusted rate
1992,A,Black or African American,55,64,All Origins,666,8,t2_dm,total,6.11844201529121,666,nvss,Deaths,age-adjusted rate
1992,A,Black or African American,65,74,All Origins,666,8,t2_dm,total,8.20824071831585,666,nvss,Deaths,age-adjusted rate
1992,A,Black or African American,75,84,All Origins,666,8,t2_dm,total,8.37754373868093,666,nvss,Deaths,age-adjusted rate
1992,A,Black or African American,85,150,All Origins,666,8,t2_dm,total,9.61771317477276,666,nvss,Deaths,age-adjusted rate
1992,A,Black or African American,25,34,All Origins,666,9,all-cause,overall,32.7650257385197,666,nvss,Deaths,age-adjusted rate
1992,A,Black or African American,35,44,All Origins,666,9,all-cause,overall,94.2354848753786,666,nvss,Deaths,age-adjusted rate
1992,A,Black or African American,45,54,All Origins,666,9,all-cause,overall,103.361965144182,666,nvss,Deaths,age-adjusted rate
1992,A,Black or African American,55,64,All Origins,666,9,all-cause,overall,145.999289227545,666,nvss,Deaths,age-adjusted rate
1992,A,Black or African American,65,74,All Origins,666,9,all-cause,overall,229.106713342441,666,nvss,Deaths,age-adjusted rate
1992,A,Black or African American,75,84,All Origins,666,9,all-cause,overall,255.709521961033,666,nvss,Deaths,age-adjusted rate
1992,A,Black or African American,85,150,All Origins,666,9,all-cause,overall,210.986053569305,666,nvss,Deaths,age-adjusted rate
1992,A,Black or African American,25,34,All Origins,666,9,cvd_ihd,total,0.24091930690088,666,nvss,Deaths,age-adjusted rate
1992,A,Black or African American,35,44,All Origins,666,9,cvd_ihd,total,1.53228430691672,666,nvss,Deaths,age-adjusted rate
1992,A,Black or African American,45,54,All Origins,666,9,cvd_ihd,total,5.26380378049076,666,nvss,Deaths,age-adjusted rate
1992,A,Black or African American,55,64,All Origins,666,9,cvd_ihd,total,10.0854772163764,666,nvss,Deaths,age-adjusted rate
1992,A,Black or African American,65,74,All Origins,666,9,cvd_ihd,total,18.8541684296771,666,nvss,Deaths,age-adjusted rate
1992,A,Black or African American,75,84,All Origins,666,9,cvd_ihd,total,26.1818623168293,666,nvss,Deaths,age-adjusted rate
1992,A,Black or African American,85,150,All Origins,666,9,cvd_ihd,total,30.4515953605182,666,nvss,Deaths,age-adjusted rate
1992,A,Black or African American,25,34,All Origins,666,9,cvd_stroke,total,0.24091930690088,666,nvss,Deaths,age-adjusted rate
1992,A,Black or African American,35,44,All Origins,666,9,cvd_stroke,total,0.766142153458362,666,nvss,Deaths,age-adjusted rate
1992,A,Black or African American,45,54,All Origins,666,9,cvd_stroke,total,1.43558284922475,666,nvss,Deaths,age-adjusted rate
1992,A,Black or African American,55,64,All Origins,666,9,cvd_stroke,total,1.44078245948235,666,nvss,Deaths,age-adjusted rate
1992,A,Black or African American,65,74,All Origins,666,9,cvd_stroke,total,3.99936906084061,666,nvss,Deaths,age-adjusted rate
1992,A,Black or African American,75,84,All Origins,666,9,cvd_stroke,total,0.87272874389431,666,nvss,Deaths,age-adjusted rate
1992,A,Black or African American,85,150,All Origins,666,9,cvd_stroke,total,2.17511395432273,666,nvss,Deaths,age-adjusted rate
1992,A,Black or African American,25,34,All Origins,666,9,ncd_lri,total,19.9963024727731,666,nvss,Deaths,age-adjusted rate
1992,A,Black or African American,35,44,All Origins,666,9,ncd_lri,total,70.4850781181693,666,nvss,Deaths,age-adjusted rate
1992,A,Black or African American,45,54,All Origins,666,9,ncd_lri,total,91.398774733976,666,nvss,Deaths,age-adjusted rate
1992,A,Black or African American,55,64,All Origins,666,9,ncd_lri,total,135.913812011168,666,nvss,Deaths,age-adjusted rate
1992,A,Black or African American,65,74,All Origins,666,9,ncd_lri,total,214.823252410867,666,nvss,Deaths,age-adjusted rate
1992,A,Black or African American,75,84,All Origins,666,9,ncd_lri,total,241.745862058724,666,nvss,Deaths,age-adjusted rate
1992,A,Black or African American,85,150,All Origins,666,9,ncd_lri,total,192.497584957562,666,nvss,Deaths,age-adjusted rate
1992,A,Black or African American,25,34,All Origins,666,9,neo_lung,total,0.48183861380176,666,nvss,Deaths,age-adjusted rate
1992,A,Black or African American,35,44,All Origins,666,9,neo_lung,total,2.29842646037509,666,nvss,Deaths,age-adjusted rate
1992,A,Black or African American,45,54,All Origins,666,9,neo_lung,total,7.65644186253202,666,nvss,Deaths,age-adjusted rate
1992,A,Black or African American,55,64,All Origins,666,9,neo_lung,total,12.4867813155137,666,nvss,Deaths,age-adjusted rate
1992,A,Black or African American,65,74,All Origins,666,9,neo_lung,total,27.4242449886213,666,nvss,Deaths,age-adjusted rate
1992,A,Black or African American,75,84,All Origins,666,9,neo_lung,total,11.345473670626,666,nvss,Deaths,age-adjusted rate
1992,A,Black or African American,85,150,All Origins,666,9,neo_lung,total,4.35022790864546,666,nvss,Deaths,age-adjusted rate
1992,A,Black or African American,25,34,All Origins,666,9,resp_copd,total,0.48183861380176,666,nvss,Deaths,age-adjusted rate
1992,A,Black or African American,45,54,All Origins,666,9,resp_copd,total,0.957055232816502,666,nvss,Deaths,age-adjusted rate
1992,A,Black or African American,55,64,All Origins,666,9,resp_copd,total,4.32234737844704,666,nvss,Deaths,age-adjusted rate
1992,A,Black or African American,65,74,All Origins,666,9,resp_copd,total,3.99936906084061,666,nvss,Deaths,age-adjusted rate
1992,A,Black or African American,75,84,All Origins,666,9,resp_copd,total,5.23637246336586,666,nvss,Deaths,age-adjusted rate
1992,A,Black or African American,85,150,All Origins,666,9,resp_copd,total,1.08755697716137,666,nvss,Deaths,age-adjusted rate
1992,A,Black or African American,25,34,All Origins,666,9,t2_dm,total,0.24091930690088,666,nvss,Deaths,age-adjusted rate
1992,A,Black or African American,35,44,All Origins,666,9,t2_dm,total,1.91535538364591,666,nvss,Deaths,age-adjusted rate
1992,A,Black or African American,45,54,All Origins,666,9,t2_dm,total,2.87116569844951,666,nvss,Deaths,age-adjusted rate
1992,A,Black or African American,55,64,All Origins,666,9,t2_dm,total,6.24339065775684,666,nvss,Deaths,age-adjusted rate
1992,A,Black or African American,65,74,All Origins,666,9,t2_dm,total,12.5694456197848,666,nvss,Deaths,age-adjusted rate
1992,A,Black or African American,75,84,All Origins,666,9,t2_dm,total,8.7272874389431,666,nvss,Deaths,age-adjusted rate
1992,A,Black or African American,85,150,All Origins,666,9,t2_dm,total,7.61289884012956,666,nvss,Deaths,age-adjusted rate
1992,A,Black or African American,25,34,All Origins,666,10,all-cause,overall,30.3562950443459,666,nvss,Deaths,age-adjusted rate
1992,A,Black or African American,35,44,All Origins,666,10,all-cause,overall,62.4407956390983,666,nvss,Deaths,age-adjusted rate
1992,A,Black or African American,45,54,All Origins,666,10,all-cause,overall,94.8170633346333,666,nvss,Deaths,age-adjusted rate
1992,A,Black or African American,55,64,All Origins,666,10,all-cause,overall,181.437968574063,666,nvss,Deaths,age-adjusted rate
1992,A,Black or African American,65,74,All Origins,666,10,all-cause,overall,246.828123616255,666,nvss,Deaths,age-adjusted rate
1992,A,Black or African American,75,84,All Origins,666,10,all-cause,overall,311.659480879886,666,nvss,Deaths,age-adjusted rate
1992,A,Black or African American,85,150,All Origins,666,10,all-cause,overall,243.932632583311,666,nvss,Deaths,age-adjusted rate
1992,A,Black or African American,25,34,All Origins,666,10,cvd_ihd,total,0.619516225394815,666,nvss,Deaths,age-adjusted rate
1992,A,Black or African American,45,54,All Origins,666,10,cvd_ihd,total,2.43120675217009,666,nvss,Deaths,age-adjusted rate
1992,A,Black or African American,55,64,All Origins,666,10,cvd_ihd,total,12.4738603394669,666,nvss,Deaths,age-adjusted rate
1992,A,Black or African American,65,74,All Origins,666,10,cvd_ihd,total,22.2262291408002,666,nvss,Deaths,age-adjusted rate
1992,A,Black or African American,75,84,All Origins,666,10,cvd_ihd,total,22.2613914914204,666,nvss,Deaths,age-adjusted rate
1992,A,Black or African American,85,150,All Origins,666,10,cvd_ihd,total,11.899152808942,666,nvss,Deaths,age-adjusted rate
1992,A,Black or African American,45,54,All Origins,666,10,cvd_stroke,total,2.43120675217009,666,nvss,Deaths,age-adjusted rate
1992,A,Black or African American,65,74,All Origins,666,10,cvd_stroke,total,3.50940460117897,666,nvss,Deaths,age-adjusted rate
1992,A,Black or African American,75,84,All Origins,666,10,cvd_stroke,total,1.59009939224431,666,nvss,Deaths,age-adjusted rate
1992,A,Black or African American,85,150,All Origins,666,10,cvd_stroke,total,3.96638426964733,666,nvss,Deaths,age-adjusted rate
1992,A,Black or African American,65,74,All Origins,666,10,lri,total,1.16980153372632,666,nvss,Deaths,age-adjusted rate
1992,A,Black or African American,25,34,All Origins,666,10,ncd_lri,total,15.4879056348704,666,nvss,Deaths,age-adjusted rate
1992,A,Black or African American,35,44,All Origins,666,10,ncd_lri,total,48.168613778733,666,nvss,Deaths,age-adjusted rate
1992,A,Black or African American,45,54,All Origins,666,10,ncd_lri,total,85.092236325953,666,nvss,Deaths,age-adjusted rate
1992,A,Black or African American,55,64,All Origins,666,10,ncd_lri,total,168.964108234596,666,nvss,Deaths,age-adjusted rate
1992,A,Black or African American,65,74,All Origins,666,10,ncd_lri,total,232.790505211539,666,nvss,Deaths,age-adjusted rate
1992,A,Black or African American,75,84,All Origins,666,10,ncd_lri,total,289.398089388465,666,nvss,Deaths,age-adjusted rate
1992,A,Black or African American,85,150,All Origins,666,10,ncd_lri,total,218.151134830603,666,nvss,Deaths,age-adjusted rate
1992,A,Black or African American,35,44,All Origins,666,10,neo_lung,total,1.78402273254567,666,nvss,Deaths,age-adjusted rate
1992,A,Black or African American,45,54,All Origins,666,10,neo_lung,total,13.3716371369355,666,nvss,Deaths,age-adjusted rate
1992,A,Black or African American,55,64,All Origins,666,10,neo_lung,total,24.9477206789337,666,nvss,Deaths,age-adjusted rate
1992,A,Black or African American,65,74,All Origins,666,10,neo_lung,total,16.3772214721685,666,nvss,Deaths,age-adjusted rate
1992,A,Black or African American,75,84,All Origins,666,10,neo_lung,total,15.9009939224431,666,nvss,Deaths,age-adjusted rate
1992,A,Black or African American,85,150,All Origins,666,10,neo_lung,total,5.949576404471,666,nvss,Deaths,age-adjusted rate
1992,A,Black or African American,35,44,All Origins,666,10,resp_copd,total,0.892011366272833,666,nvss,Deaths,age-adjusted rate
1992,A,Black or African American,55,64,All Origins,666,10,resp_copd,total,3.40196191076369,666,nvss,Deaths,age-adjusted rate
1992,A,Black or African American,65,74,All Origins,666,10,resp_copd,total,7.01880920235795,666,nvss,Deaths,age-adjusted rate
1992,A,Black or African American,75,84,All Origins,666,10,resp_copd,total,12.7207951379545,666,nvss,Deaths,age-adjusted rate
1992,A,Black or African American,85,150,All Origins,666,10,resp_copd,total,1.98319213482367,666,nvss,Deaths,age-adjusted rate
1992,A,Black or African American,35,44,All Origins,666,10,t2_dm,total,0.892011366272833,666,nvss,Deaths,age-adjusted rate
1992,A,Black or African American,45,54,All Origins,666,10,t2_dm,total,8.5092236325953,666,nvss,Deaths,age-adjusted rate
1992,A,Black or African American,55,64,All Origins,666,10,t2_dm,total,12.4738603394669,666,nvss,Deaths,age-adjusted rate
1992,A,Black or African American,65,74,All Origins,666,10,t2_dm,total,23.3960306745265,666,nvss,Deaths,age-adjusted rate
1992,A,Black or African American,75,84,All Origins,666,10,t2_dm,total,27.0316896681533,666,nvss,Deaths,age-adjusted rate
1992,A,Black or African American,85,150,All Origins,666,10,t2_dm,total,9.91596067411833,666,nvss,Deaths,age-adjusted rate
1992,A,Black or African American,25,34,All Origins,666,11,all-cause,overall,72.1072221149579,666,nvss,Deaths,age-adjusted rate
1992,A,Black or African American,35,44,All Origins,666,11,all-cause,overall,146.479144346919,666,nvss,Deaths,age-adjusted rate
1992,A,Black or African American,45,54,All Origins,666,11,all-cause,overall,161.563650803073,666,nvss,Deaths,age-adjusted rate
1992,A,Black or African American,55,64,All Origins,666,11,all-cause,overall,196.716923655726,666,nvss,Deaths,age-adjusted rate
1992,A,Black or African American,65,74,All Origins,666,11,all-cause,overall,253.212614966916,666,nvss,Deaths,age-adjusted rate
1992,A,Black or African American,75,84,All Origins,666,11,all-cause,overall,294.042527286952,666,nvss,Deaths,age-adjusted rate
1992,A,Black or African American,85,150,All Origins,666,11,all-cause,overall,210.76266869219,666,nvss,Deaths,age-adjusted rate
1992,A,Black or African American,35,44,All Origins,666,11,cvd_ihd,total,3.81882313008727,666,nvss,Deaths,age-adjusted rate
1992,A,Black or African American,45,54,All Origins,666,11,cvd_ihd,total,6.22729275043966,666,nvss,Deaths,age-adjusted rate
1992,A,Black or African American,55,64,All Origins,666,11,cvd_ihd,total,5.92986794768243,666,nvss,Deaths,age-adjusted rate
1992,A,Black or African American,65,74,All Origins,666,11,cvd_ihd,total,12.7670226033739,666,nvss,Deaths,age-adjusted rate
1992,A,Black or African American,75,84,All Origins,666,11,cvd_ihd,total,16.1081793035563,666,nvss,Deaths,age-adjusted rate
1992,A,Black or African American,85,150,All Origins,666,11,cvd_ihd,total,13.043943664989,666,nvss,Deaths,age-adjusted rate
1992,A,Black or African American,25,34,All Origins,666,11,cvd_stroke,total,0.381519693729936,666,nvss,Deaths,age-adjusted rate
1992,A,Black or African American,35,44,All Origins,666,11,cvd_stroke,total,2.45495772648467,666,nvss,Deaths,age-adjusted rate
1992,A,Black or African American,45,54,All Origins,666,11,cvd_stroke,total,2.42172495850431,666,nvss,Deaths,age-adjusted rate
1992,A,Black or African American,55,64,All Origins,666,11,cvd_stroke,total,1.80474241885987,666,nvss,Deaths,age-adjusted rate
1992,A,Black or African American,65,74,All Origins,666,11,cvd_stroke,total,2.76618823073102,666,nvss,Deaths,age-adjusted rate
1992,A,Black or African American,75,84,All Origins,666,11,cvd_stroke,total,4.36831981113392,666,nvss,Deaths,age-adjusted rate
1992,A,Black or African American,85,150,All Origins,666,11,cvd_stroke,total,2.40283172776112,666,nvss,Deaths,age-adjusted rate
1992,A,Black or African American,35,44,All Origins,666,11,lri,total,0.272773080720519,666,nvss,Deaths,age-adjusted rate
1992,A,Black or African American,65,74,All Origins,666,11,lri,total,0.212783710056232,666,nvss,Deaths,age-adjusted rate
1992,A,Black or African American,75,84,All Origins,666,11,lri,total,0.27301998819587,666,nvss,Deaths,age-adjusted rate
1992,A,Black or African American,25,34,All Origins,666,11,ncd_lri,total,37.5796898323987,666,nvss,Deaths,age-adjusted rate
1992,A,Black or African American,35,44,All Origins,666,11,ncd_lri,total,107.199820723164,666,nvss,Deaths,age-adjusted rate
1992,A,Black or African American,45,54,All Origins,666,11,ncd_lri,total,138.038322634746,666,nvss,Deaths,age-adjusted rate
1992,A,Black or African American,55,64,All Origins,666,11,ncd_lri,total,182.021163959296,666,nvss,Deaths,age-adjusted rate
1992,A,Black or African American,65,74,All Origins,666,11,ncd_lri,total,238.530538973036,666,nvss,Deaths,age-adjusted rate
1992,A,Black or African American,75,84,All Origins,666,11,ncd_lri,total,273.293008184066,666,nvss,Deaths,age-adjusted rate
1992,A,Black or African American,85,150,All Origins,666,11,ncd_lri,total,188.450659791551,666,nvss,Deaths,age-adjusted rate
1992,A,Black or African American,35,44,All Origins,666,11,neo_lung,total,3.00050388792571,666,nvss,Deaths,age-adjusted rate
1992,A,Black or African American,45,54,All Origins,666,11,neo_lung,total,10.7247819590905,666,nvss,Deaths,age-adjusted rate
1992,A,Black or African American,55,64,All Origins,666,11,neo_lung,total,22.1725497174213,666,nvss,Deaths,age-adjusted rate
1992,A,Black or African American,65,74,All Origins,666,11,neo_lung,total,20.4272361653983,666,nvss,Deaths,age-adjusted rate
1992,A,Black or African American,75,84,All Origins,666,11,neo_lung,total,13.6509994097935,666,nvss,Deaths,age-adjusted rate
1992,A,Black or African American,85,150,All Origins,666,11,neo_lung,total,3.77587842933891,666,nvss,Deaths,age-adjusted rate
1992,A,Black or African American,25,34,All Origins,666,11,resp_copd,total,0.572279540594904,666,nvss,Deaths,age-adjusted rate
1992,A,Black or African American,35,44,All Origins,666,11,resp_copd,total,1.09109232288208,666,nvss,Deaths,age-adjusted rate
1992,A,Black or African American,45,54,All Origins,666,11,resp_copd,total,1.03788212507328,666,nvss,Deaths,age-adjusted rate
1992,A,Black or African American,55,64,All Origins,666,11,resp_copd,total,4.38294587437397,666,nvss,Deaths,age-adjusted rate
1992,A,Black or African American,65,74,All Origins,666,11,resp_copd,total,7.02186243185566,666,nvss,Deaths,age-adjusted rate
1992,A,Black or African American,75,84,All Origins,666,11,resp_copd,total,7.64455966948436,666,nvss,Deaths,age-adjusted rate
1992,A,Black or African American,85,150,All Origins,666,11,resp_copd,total,5.14892513091669,666,nvss,Deaths,age-adjusted rate
1992,A,Black or African American,25,34,All Origins,666,11,t2_dm,total,0.190759846864968,666,nvss,Deaths,age-adjusted rate
1992,A,Black or African American,35,44,All Origins,666,11,t2_dm,total,1.63663848432311,666,nvss,Deaths,age-adjusted rate
1992,A,Black or African American,45,54,All Origins,666,11,t2_dm,total,3.11364637521983,666,nvss,Deaths,age-adjusted rate
1992,A,Black or African American,55,64,All Origins,666,11,t2_dm,total,6.44550863878525,666,nvss,Deaths,age-adjusted rate
1992,A,Black or African American,65,74,All Origins,666,11,t2_dm,total,8.51134840224928,666,nvss,Deaths,age-adjusted rate
1992,A,Black or African American,75,84,All Origins,666,11,t2_dm,total,9.82871957505131,666,nvss,Deaths,age-adjusted rate
1992,A,Black or African American,85,150,All Origins,666,11,t2_dm,total,8.58154188486115,666,nvss,Deaths,age-adjusted rate
1992,A,Black or African American,25,34,All Origins,666,12,all-cause,overall,41.3614982832063,666,nvss,Deaths,age-adjusted rate
1992,A,Black or African American,35,44,All Origins,666,12,all-cause,overall,87.1482431229881,666,nvss,Deaths,age-adjusted rate
1992,A,Black or African American,45,54,All Origins,666,12,all-cause,overall,115.775807719401,666,nvss,Deaths,age-adjusted rate
1992,A,Black or African American,55,64,All Origins,666,12,all-cause,overall,163.241918816139,666,nvss,Deaths,age-adjusted rate
1992,A,Black or African American,65,74,All Origins,666,12,all-cause,overall,232.18793136638,666,nvss,Deaths,age-adjusted rate
1992,A,Black or African American,75,84,All Origins,666,12,all-cause,overall,301.437239274931,666,nvss,Deaths,age-adjusted rate
1992,A,Black or African American,85,150,All Origins,666,12,all-cause,overall,196.544639428303,666,nvss,Deaths,age-adjusted rate
1992,A,Black or African American,25,34,All Origins,666,12,cvd_ihd,total,0.244260816633108,666,nvss,Deaths,age-adjusted rate
1992,A,Black or African American,35,44,All Origins,666,12,cvd_ihd,total,2.06233164929316,666,nvss,Deaths,age-adjusted rate
1992,A,Black or African American,45,54,All Origins,666,12,cvd_ihd,total,6.85836942766551,666,nvss,Deaths,age-adjusted rate
1992,A,Black or African American,55,64,All Origins,666,12,cvd_ihd,total,11.8421593998852,666,nvss,Deaths,age-adjusted rate
1992,A,Black or African American,65,74,All Origins,666,12,cvd_ihd,total,26.4608422809735,666,nvss,Deaths,age-adjusted rate
1992,A,Black or African American,75,84,All Origins,666,12,cvd_ihd,total,41.7738105015846,666,nvss,Deaths,age-adjusted rate
1992,A,Black or African American,85,150,All Origins,666,12,cvd_ihd,total,36.1991981147308,666,nvss,Deaths,age-adjusted rate
1992,A,Black or African American,25,34,All Origins,666,12,cvd_stroke,total,0.244260816633108,666,nvss,Deaths,age-adjusted rate
1992,A,Black or African American,35,44,All Origins,666,12,cvd_stroke,total,1.4730940352094,666,nvss,Deaths,age-adjusted rate
1992,A,Black or African American,45,54,All Origins,666,12,cvd_stroke,total,2.20447588746391,666,nvss,Deaths,age-adjusted rate
1992,A,Black or African American,55,64,All Origins,666,12,cvd_stroke,total,3.07296541389425,666,nvss,Deaths,age-adjusted rate
1992,A,Black or African American,65,74,All Origins,666,12,cvd_stroke,total,3.6552514862606,666,nvss,Deaths,age-adjusted rate
1992,A,Black or African American,75,84,All Origins,666,12,cvd_stroke,total,5.58415975856658,666,nvss,Deaths,age-adjusted rate
1992,A,Black or African American,85,150,All Origins,666,12,cvd_stroke,total,3.15831929860067,666,nvss,Deaths,age-adjusted rate
1992,A,Black or African American,55,64,All Origins,666,12,lri,total,0.0749503759486403,666,nvss,Deaths,age-adjusted rate
1992,A,Black or African American,65,74,All Origins,666,12,lri,total,0.158923977663504,666,nvss,Deaths,age-adjusted rate
1992,A,Black or African American,75,84,All Origins,666,12,lri,total,0.107387687664742,666,nvss,Deaths,age-adjusted rate
1992,A,Black or African American,25,34,All Origins,666,12,ncd_lri,total,25.6066756103708,666,nvss,Deaths,age-adjusted rate
1992,A,Black or African American,35,44,All Origins,666,12,ncd_lri,total,67.232011766957,666,nvss,Deaths,age-adjusted rate
1992,A,Black or African American,45,54,All Origins,666,12,ncd_lri,total,98.1400006196898,666,nvss,Deaths,age-adjusted rate
1992,A,Black or African American,55,64,All Origins,666,12,ncd_lri,total,149.750851145383,666,nvss,Deaths,age-adjusted rate
1992,A,Black or African American,65,74,All Origins,666,12,ncd_lri,total,215.103603767553,666,nvss,Deaths,age-adjusted rate
1992,A,Black or African American,75,84,All Origins,666,12,ncd_lri,total,279.637538678988,666,nvss,Deaths,age-adjusted rate
1992,A,Black or African American,85,150,All Origins,666,12,ncd_lri,total,178.323566551761,666,nvss,Deaths,age-adjusted rate
1992,A,Black or African American,25,34,All Origins,666,12,neo_lung,total,0.20355068052759,666,nvss,Deaths,age-adjusted rate
1992,A,Black or African American,35,44,All Origins,666,12,neo_lung,total,1.88556036506803,666,nvss,Deaths,age-adjusted rate
1992,A,Black or African American,45,54,All Origins,666,12,neo_lung,total,7.10331119293928,666,nvss,Deaths,age-adjusted rate
1992,A,Black or African American,55,64,All Origins,666,12,neo_lung,total,17.6882887238791,666,nvss,Deaths,age-adjusted rate
1992,A,Black or African American,65,74,All Origins,666,12,neo_lung,total,19.1503393084523,666,nvss,Deaths,age-adjusted rate
1992,A,Black or African American,75,84,All Origins,666,12,neo_lung,total,14.3899501470754,666,nvss,Deaths,age-adjusted rate
1992,A,Black or African American,85,150,All Origins,666,12,neo_lung,total,4.37305749037016,666,nvss,Deaths,age-adjusted rate
1992,A,Black or African American,25,34,All Origins,666,12,resp_copd,total,0.366391224949662,666,nvss,Deaths,age-adjusted rate
1992,A,Black or African American,35,44,All Origins,666,12,resp_copd,total,0.824932659717264,666,nvss,Deaths,age-adjusted rate
1992,A,Black or African American,45,54,All Origins,666,12,resp_copd,total,1.55129784673386,666,nvss,Deaths,age-adjusted rate
1992,A,Black or African American,55,64,All Origins,666,12,resp_copd,total,4.72187368476434,666,nvss,Deaths,age-adjusted rate
1992,A,Black or African American,65,74,All Origins,666,12,resp_copd,total,8.42297081616574,666,nvss,Deaths,age-adjusted rate
1992,A,Black or African American,75,84,All Origins,666,12,resp_copd,total,10.6313810788095,666,nvss,Deaths,age-adjusted rate
1992,A,Black or African American,85,150,All Origins,666,12,resp_copd,total,3.40126693695457,666,nvss,Deaths,age-adjusted rate
1992,A,Black or African American,25,34,All Origins,666,12,t2_dm,total,0.40710136105518,666,nvss,Deaths,age-adjusted rate
1992,A,Black or African American,35,44,All Origins,666,12,t2_dm,total,1.35524651239265,666,nvss,Deaths,age-adjusted rate
1992,A,Black or African American,45,54,All Origins,666,12,t2_dm,total,4.0823627545628,666,nvss,Deaths,age-adjusted rate
1992,A,Black or African American,55,64,All Origins,666,12,t2_dm,total,9.89344962522052,666,nvss,Deaths,age-adjusted rate
1992,A,Black or African American,65,74,All Origins,666,12,t2_dm,total,11.6014503694358,666,nvss,Deaths,age-adjusted rate
1992,A,Black or African American,75,84,All Origins,666,12,t2_dm,total,14.4973378347402,666,nvss,Deaths,age-adjusted rate
1992,A,Black or African American,85,150,All Origins,666,12,t2_dm,total,6.92400769308609,666,nvss,Deaths,age-adjusted rate
1992,A,Black or African American,25,34,All Origins,666,13,all-cause,overall,33.7518260591388,666,nvss,Deaths,age-adjusted rate
1992,A,Black or African American,35,44,All Origins,666,13,all-cause,overall,75.130337439319,666,nvss,Deaths,age-adjusted rate
1992,A,Black or African American,45,54,All Origins,666,13,all-cause,overall,126.927804965742,666,nvss,Deaths,age-adjusted rate
1992,A,Black or African American,55,64,All Origins,666,13,all-cause,overall,176.421154506921,666,nvss,Deaths,age-adjusted rate
1992,A,Black or African American,65,74,All Origins,666,13,all-cause,overall,257.307984197071,666,nvss,Deaths,age-adjusted rate
1992,A,Black or African American,75,84,All Origins,666,13,all-cause,overall,311.799033550927,666,nvss,Deaths,age-adjusted rate
1992,A,Black or African American,85,150,All Origins,666,13,all-cause,overall,193.525651638536,666,nvss,Deaths,age-adjusted rate
1992,A,Black or African American,25,34,All Origins,666,13,cvd_ihd,total,0.274405089911698,666,nvss,Deaths,age-adjusted rate
1992,A,Black or African American,35,44,All Origins,666,13,cvd_ihd,total,1.8768365900814,666,nvss,Deaths,age-adjusted rate
1992,A,Black or African American,45,54,All Origins,666,13,cvd_ihd,total,4.91166658726905,666,nvss,Deaths,age-adjusted rate
1992,A,Black or African American,55,64,All Origins,666,13,cvd_ihd,total,7.47620089727333,666,nvss,Deaths,age-adjusted rate
1992,A,Black or African American,65,74,All Origins,666,13,cvd_ihd,total,13.2650513994524,666,nvss,Deaths,age-adjusted rate
1992,A,Black or African American,75,84,All Origins,666,13,cvd_ihd,total,21.6981214959177,666,nvss,Deaths,age-adjusted rate
1992,A,Black or African American,85,150,All Origins,666,13,cvd_ihd,total,15.9062179428934,666,nvss,Deaths,age-adjusted rate
1992,A,Black or African American,25,34,All Origins,666,13,cvd_stroke,total,0.470408725562911,666,nvss,Deaths,age-adjusted rate
1992,A,Black or African American,35,44,All Origins,666,13,cvd_stroke,total,1.59246740976604,666,nvss,Deaths,age-adjusted rate
1992,A,Black or African American,45,54,All Origins,666,13,cvd_stroke,total,1.80956137425702,666,nvss,Deaths,age-adjusted rate
1992,A,Black or African American,55,64,All Origins,666,13,cvd_stroke,total,1.89053356023004,666,nvss,Deaths,age-adjusted rate
1992,A,Black or African American,65,74,All Origins,666,13,cvd_stroke,total,2.72103618450306,666,nvss,Deaths,age-adjusted rate
1992,A,Black or African American,75,84,All Origins,666,13,cvd_stroke,total,4.35943993525287,666,nvss,Deaths,age-adjusted rate
1992,A,Black or African American,85,150,All Origins,666,13,cvd_stroke,total,3.31379540476946,666,nvss,Deaths,age-adjusted rate
1992,A,Black or African American,35,44,All Origins,666,13,lri,total,0.284369180315363,666,nvss,Deaths,age-adjusted rate
1992,A,Black or African American,55,64,All Origins,666,13,lri,total,0.25780003094046,666,nvss,Deaths,age-adjusted rate
1992,A,Black or African American,65,74,All Origins,666,13,lri,total,0.170064761531441,666,nvss,Deaths,age-adjusted rate
1992,A,Black or African American,75,84,All Origins,666,13,lri,total,0.198156360693312,666,nvss,Deaths,age-adjusted rate
1992,A,Black or African American,25,34,All Origins,666,13,ncd_lri,total,19.5219621108608,666,nvss,Deaths,age-adjusted rate
1992,A,Black or African American,35,44,All Origins,666,13,ncd_lri,total,55.6794855057482,666,nvss,Deaths,age-adjusted rate
1992,A,Black or African American,45,54,All Origins,666,13,ncd_lri,total,109.693887115675,666,nvss,Deaths,age-adjusted rate
1992,A,Black or African American,55,64,All Origins,666,13,ncd_lri,total,159.921952526732,666,nvss,Deaths,age-adjusted rate
1992,A,Black or African American,65,74,All Origins,666,13,ncd_lri,total,238.345763286315,666,nvss,Deaths,age-adjusted rate
1992,A,Black or African American,75,84,All Origins,666,13,ncd_lri,total,285.543315759063,666,nvss,Deaths,age-adjusted rate
1992,A,Black or African American,85,150,All Origins,666,13,ncd_lri,total,170.439543651976,666,nvss,Deaths,age-adjusted rate
1992,A,Black or African American,25,34,All Origins,666,13,neo_lung,total,0.0784014542604851,666,nvss,Deaths,age-adjusted rate
1992,A,Black or African American,35,44,All Origins,666,13,neo_lung,total,1.59246740976604,666,nvss,Deaths,age-adjusted rate
1992,A,Black or African American,45,54,All Origins,666,13,neo_lung,total,9.90950276378843,666,nvss,Deaths,age-adjusted rate
1992,A,Black or African American,55,64,All Origins,666,13,neo_lung,total,17.4444687603044,666,nvss,Deaths,age-adjusted rate
1992,A,Black or African American,65,74,All Origins,666,13,neo_lung,total,19.9826094799444,666,nvss,Deaths,age-adjusted rate
1992,A,Black or African American,75,84,All Origins,666,13,neo_lung,total,12.5829289040253,666,nvss,Deaths,age-adjusted rate
1992,A,Black or African American,85,150,All Origins,666,13,neo_lung,total,2.20919693651297,666,nvss,Deaths,age-adjusted rate
1992,A,Black or African American,25,34,All Origins,666,13,resp_copd,total,0.15680290852097,666,nvss,Deaths,age-adjusted rate
1992,A,Black or African American,35,44,All Origins,666,13,resp_copd,total,0.568738360630727,666,nvss,Deaths,age-adjusted rate
1992,A,Black or African American,45,54,All Origins,666,13,resp_copd,total,2.41274849900936,666,nvss,Deaths,age-adjusted rate
1992,A,Black or African American,55,64,All Origins,666,13,resp_copd,total,3.52326708951962,666,nvss,Deaths,age-adjusted rate
1992,A,Black or African American,65,74,All Origins,666,13,resp_copd,total,6.71755808049194,666,nvss,Deaths,age-adjusted rate
1992,A,Black or African American,75,84,All Origins,666,13,resp_copd,total,6.93547262426593,666,nvss,Deaths,age-adjusted rate
1992,A,Black or African American,85,150,All Origins,666,13,resp_copd,total,2.31965678333862,666,nvss,Deaths,age-adjusted rate
1992,A,Black or African American,25,34,All Origins,666,13,t2_dm,total,0.392007271302426,666,nvss,Deaths,age-adjusted rate
1992,A,Black or African American,35,44,All Origins,666,13,t2_dm,total,1.19435055732453,666,nvss,Deaths,age-adjusted rate
1992,A,Black or African American,45,54,All Origins,666,13,t2_dm,total,3.5329531592637,666,nvss,Deaths,age-adjusted rate
1992,A,Black or African American,55,64,All Origins,666,13,t2_dm,total,5.75753402433693,666,nvss,Deaths,age-adjusted rate
1992,A,Black or African American,65,74,All Origins,666,13,t2_dm,total,9.01343236116639,666,nvss,Deaths,age-adjusted rate
1992,A,Black or African American,75,84,All Origins,666,13,t2_dm,total,9.01611441154571,666,nvss,Deaths,age-adjusted rate
1992,A,Black or African American,85,150,All Origins,666,13,t2_dm,total,4.087014332549,666,nvss,Deaths,age-adjusted rate
1992,A,Black or African American,25,34,All Origins,666,15,all-cause,overall,7.59268205451396,666,nvss,Deaths,age-adjusted rate
1992,A,Black or African American,35,44,All Origins,666,15,all-cause,overall,26.1918017602568,666,nvss,Deaths,age-adjusted rate
1992,A,Black or African American,45,54,All Origins,666,15,all-cause,overall,80.5326864613883,666,nvss,Deaths,age-adjusted rate
1992,A,Black or African American,55,64,All Origins,666,15,all-cause,overall,107.714793997596,666,nvss,Deaths,age-adjusted rate
1992,A,Black or African American,65,74,All Origins,666,15,all-cause,overall,199.010482840373,666,nvss,Deaths,age-adjusted rate
1992,A,Black or African American,75,84,All Origins,666,15,all-cause,overall,194.96001244039,666,nvss,Deaths,age-adjusted rate
1992,A,Black or African American,85,150,All Origins,666,15,all-cause,overall,35.2467329416388,666,nvss,Deaths,age-adjusted rate
1992,A,Black or African American,65,74,All Origins,666,15,cvd_ihd,total,18.0918620763975,666,nvss,Deaths,age-adjusted rate
1992,A,Black or African American,75,84,All Origins,666,15,cvd_ihd,total,32.4933354067316,666,nvss,Deaths,age-adjusted rate
1992,A,Black or African American,45,54,All Origins,666,15,cvd_stroke,total,11.504669494484,666,nvss,Deaths,age-adjusted rate
1992,A,Black or African American,25,34,All Origins,666,15,ncd_lri,total,4.55560923270838,666,nvss,Deaths,age-adjusted rate
1992,A,Black or African American,35,44,All Origins,666,15,ncd_lri,total,18.7084298287549,666,nvss,Deaths,age-adjusted rate
1992,A,Black or African American,45,54,All Origins,666,15,ncd_lri,total,80.5326864613883,666,nvss,Deaths,age-adjusted rate
1992,A,Black or African American,55,64,All Origins,666,15,ncd_lri,total,107.714793997596,666,nvss,Deaths,age-adjusted rate
1992,A,Black or African American,65,74,All Origins,666,15,ncd_lri,total,199.010482840373,666,nvss,Deaths,age-adjusted rate
1992,A,Black or African American,75,84,All Origins,666,15,ncd_lri,total,129.973341626927,666,nvss,Deaths,age-adjusted rate
1992,A,Black or African American,85,150,All Origins,666,15,ncd_lri,total,35.2467329416388,666,nvss,Deaths,age-adjusted rate
1992,A,Black or African American,55,64,All Origins,666,15,neo_lung,total,53.857396998798,666,nvss,Deaths,age-adjusted rate
1992,A,Black or African American,65,74,All Origins,666,15,neo_lung,total,18.0918620763975,666,nvss,Deaths,age-adjusted rate
1992,A,Black or African American,75,84,All Origins,666,15,neo_lung,total,32.4933354067316,666,nvss,Deaths,age-adjusted rate
1992,A,Black or African American,25,34,All Origins,666,15,resp_copd,total,1.51853641090279,666,nvss,Deaths,age-adjusted rate
1992,A,Black or African American,55,64,All Origins,666,15,resp_copd,total,17.952465666266,666,nvss,Deaths,age-adjusted rate
1992,A,Black or African American,35,44,All Origins,666,16,all-cause,overall,77.0680910291647,666,nvss,Deaths,age-adjusted rate
1992,A,Black or African American,55,64,All Origins,666,16,all-cause,overall,303.474723958444,666,nvss,Deaths,age-adjusted rate
1992,A,Black or African American,65,74,All Origins,666,16,all-cause,overall,471.680689848936,666,nvss,Deaths,age-adjusted rate
1992,A,Black or African American,75,84,All Origins,666,16,all-cause,overall,747.346714354828,666,nvss,Deaths,age-adjusted rate
1992,A,Black or African American,85,150,All Origins,666,16,all-cause,overall,775.428124716054,666,nvss,Deaths,age-adjusted rate
1992,A,Black or African American,65,74,All Origins,666,16,cvd_ihd,total,94.3361379697872,666,nvss,Deaths,age-adjusted rate
1992,A,Black or African American,35,44,All Origins,666,16,ncd_lri,total,77.0680910291647,666,nvss,Deaths,age-adjusted rate
1992,A,Black or African American,55,64,All Origins,666,16,ncd_lri,total,227.606042968833,666,nvss,Deaths,age-adjusted rate
1992,A,Black or African American,65,74,All Origins,666,16,ncd_lri,total,471.680689848936,666,nvss,Deaths,age-adjusted rate
1992,A,Black or African American,75,84,All Origins,666,16,ncd_lri,total,560.510035766121,666,nvss,Deaths,age-adjusted rate
1992,A,Black or African American,85,150,All Origins,666,16,ncd_lri,total,516.952083144036,666,nvss,Deaths,age-adjusted rate
1992,A,Black or African American,65,74,All Origins,666,16,neo_lung,total,94.3361379697872,666,nvss,Deaths,age-adjusted rate
1992,A,Black or African American,55,64,All Origins,666,16,t2_dm,total,75.868680989611,666,nvss,Deaths,age-adjusted rate
1992,A,Black or African American,25,34,All Origins,666,17,all-cause,overall,45.2552240450789,666,nvss,Deaths,age-adjusted rate
1992,A,Black or African American,35,44,All Origins,666,17,all-cause,overall,89.6956240196845,666,nvss,Deaths,age-adjusted rate
1992,A,Black or African American,45,54,All Origins,666,17,all-cause,overall,135.995787402537,666,nvss,Deaths,age-adjusted rate
1992,A,Black or African American,55,64,All Origins,666,17,all-cause,overall,172.962885168819,666,nvss,Deaths,age-adjusted rate
1992,A,Black or African American,65,74,All Origins,666,17,all-cause,overall,248.467032636281,666,nvss,Deaths,age-adjusted rate
1992,A,Black or African American,75,84,All Origins,666,17,all-cause,overall,307.28243478426,666,nvss,Deaths,age-adjusted rate
1992,A,Black or African American,85,150,All Origins,666,17,all-cause,overall,223.923811339801,666,nvss,Deaths,age-adjusted rate
1992,A,Black or African American,25,34,All Origins,666,17,cvd_ihd,total,0.229256454129072,666,nvss,Deaths,age-adjusted rate
1992,A,Black or African American,35,44,All Origins,666,17,cvd_ihd,total,2.15218857915968,666,nvss,Deaths,age-adjusted rate
1992,A,Black or African American,45,54,All Origins,666,17,cvd_ihd,total,6.21552958878141,666,nvss,Deaths,age-adjusted rate
1992,A,Black or African American,55,64,All Origins,666,17,cvd_ihd,total,8.87535330299769,666,nvss,Deaths,age-adjusted rate
1992,A,Black or African American,65,74,All Origins,666,17,cvd_ihd,total,16.2990768083655,666,nvss,Deaths,age-adjusted rate
1992,A,Black or African American,75,84,All Origins,666,17,cvd_ihd,total,26.6526145096575,666,nvss,Deaths,age-adjusted rate
1992,A,Black or African American,85,150,All Origins,666,17,cvd_ihd,total,29.163350287743,666,nvss,Deaths,age-adjusted rate
1992,A,Black or African American,25,34,All Origins,666,17,cvd_stroke,total,0.229256454129072,666,nvss,Deaths,age-adjusted rate
1992,A,Black or African American,35,44,All Origins,666,17,cvd_stroke,total,1.32929294595157,666,nvss,Deaths,age-adjusted rate
1992,A,Black or African American,45,54,All Origins,666,17,cvd_stroke,total,1.57460082915796,666,nvss,Deaths,age-adjusted rate
1992,A,Black or African American,55,64,All Origins,666,17,cvd_stroke,total,2.13008479271944,666,nvss,Deaths,age-adjusted rate
1992,A,Black or African American,65,74,All Origins,666,17,cvd_stroke,total,3.15466002742558,666,nvss,Deaths,age-adjusted rate
1992,A,Black or African American,75,84,All Origins,666,17,cvd_stroke,total,4.99736522056079,666,nvss,Deaths,age-adjusted rate
1992,A,Black or African American,85,150,All Origins,666,17,cvd_stroke,total,4.1843067804153,666,nvss,Deaths,age-adjusted rate
1992,A,Black or African American,45,54,All Origins,666,17,lri,total,0.0828737278504188,666,nvss,Deaths,age-adjusted rate
1992,A,Black or African American,75,84,All Origins,666,17,lri,total,0.111052560456906,666,nvss,Deaths,age-adjusted rate
1992,A,Black or African American,25,34,All Origins,666,17,ncd_lri,total,20.7247834532681,666,nvss,Deaths,age-adjusted rate
1992,A,Black or African American,35,44,All Origins,666,17,ncd_lri,total,62.3501691315379,666,nvss,Deaths,age-adjusted rate
1992,A,Black or African American,45,54,All Origins,666,17,ncd_lri,total,118.592304553949,666,nvss,Deaths,age-adjusted rate
1992,A,Black or African American,55,64,All Origins,666,17,ncd_lri,total,160.466387718198,666,nvss,Deaths,age-adjusted rate
1992,A,Black or African American,65,74,All Origins,666,17,ncd_lri,total,232.843954405221,666,nvss,Deaths,age-adjusted rate
1992,A,Black or African American,75,84,All Origins,666,17,ncd_lri,total,283.406134286025,666,nvss,Deaths,age-adjusted rate
1992,A,Black or African American,85,150,All Origins,666,17,ncd_lri,total,202.495088737068,666,nvss,Deaths,age-adjusted rate
1992,A,Black or African American,25,34,All Origins,666,17,neo_lung,total,0.183405163303258,666,nvss,Deaths,age-adjusted rate
1992,A,Black or African American,35,44,All Origins,666,17,neo_lung,total,2.59528622781021,666,nvss,Deaths,age-adjusted rate
1992,A,Black or African American,45,54,All Origins,666,17,neo_lung,total,12.6796803611141,666,nvss,Deaths,age-adjusted rate
1992,A,Black or African American,55,64,All Origins,666,17,neo_lung,total,21.7978677121623,666,nvss,Deaths,age-adjusted rate
1992,A,Black or African American,65,74,All Origins,666,17,neo_lung,total,25.6128349845743,666,nvss,Deaths,age-adjusted rate
1992,A,Black or African American,75,84,All Origins,666,17,neo_lung,total,18.6568301567603,666,nvss,Deaths,age-adjusted rate
1992,A,Black or African American,85,150,All Origins,666,17,neo_lung,total,4.8182926562358,666,nvss,Deaths,age-adjusted rate
1992,A,Black or African American,25,34,All Origins,666,17,resp_copd,total,0.458512908258145,666,nvss,Deaths,age-adjusted rate
1992,A,Black or African American,35,44,All Origins,666,17,resp_copd,total,1.20269361776571,666,nvss,Deaths,age-adjusted rate
1992,A,Black or African American,45,54,All Origins,666,17,resp_copd,total,2.90058047476466,666,nvss,Deaths,age-adjusted rate
1992,A,Black or African American,55,64,All Origins,666,17,resp_copd,total,4.18916675901491,666,nvss,Deaths,age-adjusted rate
1992,A,Black or African American,65,74,All Origins,666,17,resp_copd,total,10.365311518684,666,nvss,Deaths,age-adjusted rate
1992,A,Black or African American,75,84,All Origins,666,17,resp_copd,total,7.77367923198345,666,nvss,Deaths,age-adjusted rate
1992,A,Black or African American,85,150,All Origins,666,17,resp_copd,total,4.9450898313999,666,nvss,Deaths,age-adjusted rate
1992,A,Black or African American,25,34,All Origins,666,17,t2_dm,total,0.366810326606516,666,nvss,Deaths,age-adjusted rate
1992,A,Black or African American,35,44,All Origins,666,17,t2_dm,total,1.96228958688089,666,nvss,Deaths,age-adjusted rate
1992,A,Black or African American,45,54,All Origins,666,17,t2_dm,total,4.14368639252094,666,nvss,Deaths,age-adjusted rate
1992,A,Black or African American,55,64,All Origins,666,17,t2_dm,total,5.82223176676648,666,nvss,Deaths,age-adjusted rate
1992,A,Black or African American,65,74,All Origins,666,17,t2_dm,total,10.0648677065483,666,nvss,Deaths,age-adjusted rate
1992,A,Black or African American,75,84,All Origins,666,17,t2_dm,total,13.2152546943719,666,nvss,Deaths,age-adjusted rate
1992,A,Black or African American,85,150,All Origins,666,17,t2_dm,total,6.5934531085332,666,nvss,Deaths,age-adjusted rate
1992,A,Black or African American,25,34,All Origins,666,18,all-cause,overall,37.5918031816867,666,nvss,Deaths,age-adjusted rate
1992,A,Black or African American,35,44,All Origins,666,18,all-cause,overall,70.5061318939031,666,nvss,Deaths,age-adjusted rate
1992,A,Black or African American,45,54,All Origins,666,18,all-cause,overall,104.252790527397,666,nvss,Deaths,age-adjusted rate
1992,A,Black or African American,55,64,All Origins,666,18,all-cause,overall,152.849784798645,666,nvss,Deaths,age-adjusted rate
1992,A,Black or African American,65,74,All Origins,666,18,all-cause,overall,245.593849870438,666,nvss,Deaths,age-adjusted rate
1992,A,Black or African American,75,84,All Origins,666,18,all-cause,overall,341.028550766542,666,nvss,Deaths,age-adjusted rate
1992,A,Black or African American,85,150,All Origins,666,18,all-cause,overall,227.248424441297,666,nvss,Deaths,age-adjusted rate
1992,A,Black or African American,25,34,All Origins,666,18,cvd_ihd,total,0.185181296461511,666,nvss,Deaths,age-adjusted rate
1992,A,Black or African American,35,44,All Origins,666,18,cvd_ihd,total,3.43932350701966,666,nvss,Deaths,age-adjusted rate
1992,A,Black or African American,45,54,All Origins,666,18,cvd_ihd,total,7.37479547139141,666,nvss,Deaths,age-adjusted rate
1992,A,Black or African American,55,64,All Origins,666,18,cvd_ihd,total,13.8450892027758,666,nvss,Deaths,age-adjusted rate
1992,A,Black or African American,65,74,All Origins,666,18,cvd_ihd,total,25.2817198396039,666,nvss,Deaths,age-adjusted rate
1992,A,Black or African American,75,84,All Origins,666,18,cvd_ihd,total,46.8382005025557,666,nvss,Deaths,age-adjusted rate
1992,A,Black or African American,85,150,All Origins,666,18,cvd_ihd,total,52.7615171920379,666,nvss,Deaths,age-adjusted rate
1992,A,Black or African American,25,34,All Origins,666,18,cvd_stroke,total,0.370362592923022,666,nvss,Deaths,age-adjusted rate
1992,A,Black or African American,35,44,All Origins,666,18,cvd_stroke,total,1.47399578872271,666,nvss,Deaths,age-adjusted rate
1992,A,Black or African American,45,54,All Origins,666,18,cvd_stroke,total,1.00565392791701,666,nvss,Deaths,age-adjusted rate
1992,A,Black or African American,55,64,All Origins,666,18,cvd_stroke,total,2.49211605649965,666,nvss,Deaths,age-adjusted rate
1992,A,Black or African American,65,74,All Origins,666,18,cvd_stroke,total,2.50038987424654,666,nvss,Deaths,age-adjusted rate
1992,A,Black or African American,75,84,All Origins,666,18,cvd_stroke,total,4.25801822750506,666,nvss,Deaths,age-adjusted rate
1992,A,Black or African American,85,150,All Origins,666,18,cvd_stroke,total,2.49267010356085,666,nvss,Deaths,age-adjusted rate
1992,A,Black or African American,45,54,All Origins,666,18,lri,total,0.670435951944673,666,nvss,Deaths,age-adjusted rate
1992,A,Black or African American,55,64,All Origins,666,18,lri,total,0.276901784055517,666,nvss,Deaths,age-adjusted rate
1992,A,Black or African American,25,34,All Origins,666,18,ncd_lri,total,16.295954088613,666,nvss,Deaths,age-adjusted rate
1992,A,Black or African American,35,44,All Origins,666,18,ncd_lri,total,46.9221992743397,666,nvss,Deaths,age-adjusted rate
1992,A,Black or African American,45,54,All Origins,666,18,ncd_lri,total,87.4918917287799,666,nvss,Deaths,age-adjusted rate
1992,A,Black or African American,55,64,All Origins,666,18,ncd_lri,total,142.881320572647,666,nvss,Deaths,age-adjusted rate
1992,A,Black or African American,65,74,All Origins,666,18,ncd_lri,total,234.203184887759,666,nvss,Deaths,age-adjusted rate
1992,A,Black or African American,75,84,All Origins,666,18,ncd_lri,total,318.964274496743,666,nvss,Deaths,age-adjusted rate
1992,A,Black or African American,85,150,All Origins,666,18,ncd_lri,total,204.81439350925,666,nvss,Deaths,age-adjusted rate
1992,A,Black or African American,25,34,All Origins,666,18,neo_lung,total,0.185181296461511,666,nvss,Deaths,age-adjusted rate
1992,A,Black or African American,35,44,All Origins,666,18,neo_lung,total,1.96532771829695,666,nvss,Deaths,age-adjusted rate
1992,A,Black or African American,45,54,All Origins,666,18,neo_lung,total,11.3974111830594,666,nvss,Deaths,age-adjusted rate
1992,A,Black or African American,55,64,All Origins,666,18,neo_lung,total,22.9828480766079,666,nvss,Deaths,age-adjusted rate
1992,A,Black or African American,65,74,All Origins,666,18,neo_lung,total,30.0046784909584,666,nvss,Deaths,age-adjusted rate
1992,A,Black or African American,75,84,All Origins,666,18,neo_lung,total,22.4513688359358,666,nvss,Deaths,age-adjusted rate
1992,A,Black or African American,85,150,All Origins,666,18,neo_lung,total,1.66178006904056,666,nvss,Deaths,age-adjusted rate
1992,A,Black or African American,25,34,All Origins,666,18,resp_copd,total,0.185181296461511,666,nvss,Deaths,age-adjusted rate
1992,A,Black or African American,35,44,All Origins,666,18,resp_copd,total,1.22832982393559,666,nvss,Deaths,age-adjusted rate
1992,A,Black or African American,45,54,All Origins,666,18,resp_copd,total,1.67608987986168,666,nvss,Deaths,age-adjusted rate
1992,A,Black or African American,55,64,All Origins,666,18,resp_copd,total,4.9842321129993,666,nvss,Deaths,age-adjusted rate
1992,A,Black or African American,65,74,All Origins,666,18,resp_copd,total,8.33463291415512,666,nvss,Deaths,age-adjusted rate
1992,A,Black or African American,75,84,All Origins,666,18,resp_copd,total,9.67731415342059,666,nvss,Deaths,age-adjusted rate
1992,A,Black or African American,85,150,All Origins,666,18,resp_copd,total,4.9853402071217,666,nvss,Deaths,age-adjusted rate
1992,A,Black or African American,25,34,All Origins,666,18,t2_dm,total,0.740725185846043,666,nvss,Deaths,age-adjusted rate
1992,A,Black or African American,35,44,All Origins,666,18,t2_dm,total,0.982663859148474,666,nvss,Deaths,age-adjusted rate
1992,A,Black or African American,45,54,All Origins,666,18,t2_dm,total,6.03392356750206,666,nvss,Deaths,age-adjusted rate
1992,A,Black or African American,55,64,All Origins,666,18,t2_dm,total,8.86085708977653,666,nvss,Deaths,age-adjusted rate
1992,A,Black or African American,65,74,All Origins,666,18,t2_dm,total,16.6692658283102,666,nvss,Deaths,age-adjusted rate
1992,A,Black or African American,75,84,All Origins,666,18,t2_dm,total,21.2900911375253,666,nvss,Deaths,age-adjusted rate
1992,A,Black or African American,85,150,All Origins,666,18,t2_dm,total,10.3861254315035,666,nvss,Deaths,age-adjusted rate
1992,A,Black or African American,25,34,All Origins,666,19,all-cause,overall,22.3116143260329,666,nvss,Deaths,age-adjusted rate
1992,A,Black or African American,35,44,All Origins,666,19,all-cause,overall,47.8416216744741,666,nvss,Deaths,age-adjusted rate
1992,A,Black or African American,45,54,All Origins,666,19,all-cause,overall,86.3863704059923,666,nvss,Deaths,age-adjusted rate
1992,A,Black or African American,55,64,All Origins,666,19,all-cause,overall,174.118072300178,666,nvss,Deaths,age-adjusted rate
1992,A,Black or African American,65,74,All Origins,666,19,all-cause,overall,230.112437919967,666,nvss,Deaths,age-adjusted rate
1992,A,Black or African American,75,84,All Origins,666,19,all-cause,overall,305.62907341876,666,nvss,Deaths,age-adjusted rate
1992,A,Black or African American,85,150,All Origins,666,19,all-cause,overall,177.385518725895,666,nvss,Deaths,age-adjusted rate
1992,A,Black or African American,35,44,All Origins,666,19,cvd_ihd,total,2.3920810837237,666,nvss,Deaths,age-adjusted rate
1992,A,Black or African American,55,64,All Origins,666,19,cvd_ihd,total,3.1657831327305,666,nvss,Deaths,age-adjusted rate
1992,A,Black or African American,65,74,All Origins,666,19,cvd_ihd,total,6.97310417939293,666,nvss,Deaths,age-adjusted rate
1992,A,Black or African American,75,84,All Origins,666,19,cvd_ihd,total,22.8081398073701,666,nvss,Deaths,age-adjusted rate
1992,A,Black or African American,85,150,All Origins,666,19,cvd_ihd,total,15.2044730336481,666,nvss,Deaths,age-adjusted rate
1992,A,Black or African American,65,74,All Origins,666,19,cvd_stroke,total,3.48655208969646,666,nvss,Deaths,age-adjusted rate
1992,A,Black or African American,75,84,All Origins,666,19,cvd_stroke,total,4.56162796147402,666,nvss,Deaths,age-adjusted rate
1992,A,Black or African American,25,34,All Origins,666,19,ncd_lri,total,7.96843368786889,666,nvss,Deaths,age-adjusted rate
1992,A,Black or African American,35,44,All Origins,666,19,ncd_lri,total,28.7049730046845,666,nvss,Deaths,age-adjusted rate
1992,A,Black or African American,45,54,All Origins,666,19,ncd_lri,total,75.5880741052432,666,nvss,Deaths,age-adjusted rate
1992,A,Black or African American,55,64,All Origins,666,19,ncd_lri,total,174.118072300178,666,nvss,Deaths,age-adjusted rate
1992,A,Black or African American,65,74,All Origins,666,19,ncd_lri,total,216.166229561181,666,nvss,Deaths,age-adjusted rate
1992,A,Black or African American,75,84,All Origins,666,19,ncd_lri,total,291.944189534338,666,nvss,Deaths,age-adjusted rate
1992,A,Black or African American,85,150,All Origins,666,19,ncd_lri,total,157.112888014364,666,nvss,Deaths,age-adjusted rate
1992,A,Black or African American,35,44,All Origins,666,19,neo_lung,total,2.3920810837237,666,nvss,Deaths,age-adjusted rate
1992,A,Black or African American,45,54,All Origins,666,19,neo_lung,total,17.9971605012484,666,nvss,Deaths,age-adjusted rate
1992,A,Black or African American,55,64,All Origins,666,19,neo_lung,total,28.4920481945745,666,nvss,Deaths,age-adjusted rate
1992,A,Black or African American,65,74,All Origins,666,19,neo_lung,total,38.3520729866611,666,nvss,Deaths,age-adjusted rate
1992,A,Black or African American,75,84,All Origins,666,19,neo_lung,total,18.2465118458961,666,nvss,Deaths,age-adjusted rate
1992,A,Black or African American,45,54,All Origins,666,19,resp_copd,total,3.59943210024968,666,nvss,Deaths,age-adjusted rate
1992,A,Black or African American,55,64,All Origins,666,19,resp_copd,total,9.49734939819151,666,nvss,Deaths,age-adjusted rate
1992,A,Black or African American,65,74,All Origins,666,19,resp_copd,total,13.9462083587859,666,nvss,Deaths,age-adjusted rate
1992,A,Black or African American,75,84,All Origins,666,19,resp_copd,total,27.3697677688442,666,nvss,Deaths,age-adjusted rate
1992,A,Black or African American,55,64,All Origins,666,19,t2_dm,total,3.1657831327305,666,nvss,Deaths,age-adjusted rate
1992,A,Black or African American,65,74,All Origins,666,19,t2_dm,total,10.4596562690894,666,nvss,Deaths,age-adjusted rate
1992,A,Black or African American,75,84,All Origins,666,19,t2_dm,total,13.6848838844221,666,nvss,Deaths,age-adjusted rate
1992,A,Black or African American,25,34,All Origins,666,20,all-cause,overall,26.2435037639382,666,nvss,Deaths,age-adjusted rate
1992,A,Black or African American,35,44,All Origins,666,20,all-cause,overall,64.1245476146789,666,nvss,Deaths,age-adjusted rate
1992,A,Black or African American,45,54,All Origins,666,20,all-cause,overall,107.678456421739,666,nvss,Deaths,age-adjusted rate
1992,A,Black or African American,55,64,All Origins,666,20,all-cause,overall,148.708283191171,666,nvss,Deaths,age-adjusted rate
1992,A,Black or African American,65,74,All Origins,666,20,all-cause,overall,220.840029190094,666,nvss,Deaths,age-adjusted rate
1992,A,Black or African American,75,84,All Origins,666,20,all-cause,overall,283.073224766801,666,nvss,Deaths,age-adjusted rate
1992,A,Black or African American,85,150,All Origins,666,20,all-cause,overall,222.241082473137,666,nvss,Deaths,age-adjusted rate
1992,A,Black or African American,25,34,All Origins,666,20,cvd_ihd,total,0.495160448376192,666,nvss,Deaths,age-adjusted rate
1992,A,Black or African American,35,44,All Origins,666,20,cvd_ihd,total,1.54516982204045,666,nvss,Deaths,age-adjusted rate
1992,A,Black or African American,45,54,All Origins,666,20,cvd_ihd,total,5.91639870449113,666,nvss,Deaths,age-adjusted rate
1992,A,Black or African American,55,64,All Origins,666,20,cvd_ihd,total,5.09274942435517,666,nvss,Deaths,age-adjusted rate
1992,A,Black or African American,65,74,All Origins,666,20,cvd_ihd,total,19.60729231127,666,nvss,Deaths,age-adjusted rate
1992,A,Black or African American,75,84,All Origins,666,20,cvd_ihd,total,25.0507278554691,666,nvss,Deaths,age-adjusted rate
1992,A,Black or African American,85,150,All Origins,666,20,cvd_ihd,total,44.6897828886199,666,nvss,Deaths,age-adjusted rate
1992,A,Black or African American,25,34,All Origins,666,20,cvd_stroke,total,0.495160448376192,666,nvss,Deaths,age-adjusted rate
1992,A,Black or African American,35,44,All Origins,666,20,cvd_stroke,total,0.772584911020227,666,nvss,Deaths,age-adjusted rate
1992,A,Black or African American,45,54,All Origins,666,20,cvd_stroke,total,1.18327974089823,666,nvss,Deaths,age-adjusted rate
1992,A,Black or African American,55,64,All Origins,666,20,cvd_stroke,total,2.03709976974207,666,nvss,Deaths,age-adjusted rate
1992,A,Black or African American,65,74,All Origins,666,20,cvd_stroke,total,1.03196275322474,666,nvss,Deaths,age-adjusted rate
1992,A,Black or African American,75,84,All Origins,666,20,cvd_stroke,total,10.0202911421876,666,nvss,Deaths,age-adjusted rate
1992,A,Black or African American,85,150,All Origins,666,20,cvd_stroke,total,6.0391598498135,666,nvss,Deaths,age-adjusted rate
1992,A,Black or African American,65,74,All Origins,666,20,lri,total,1.03196275322474,666,nvss,Deaths,age-adjusted rate
1992,A,Black or African American,75,84,All Origins,666,20,lri,total,1.25253639277345,666,nvss,Deaths,age-adjusted rate
1992,A,Black or African American,25,34,All Origins,666,20,ncd_lri,total,12.874171657781,666,nvss,Deaths,age-adjusted rate
1992,A,Black or African American,35,44,All Origins,666,20,ncd_lri,total,44.037339928153,666,nvss,Deaths,age-adjusted rate
1992,A,Black or African American,45,54,All Origins,666,20,ncd_lri,total,85.1961413446723,666,nvss,Deaths,age-adjusted rate
1992,A,Black or African American,55,64,All Origins,666,20,ncd_lri,total,135.467134687847,666,nvss,Deaths,age-adjusted rate
1992,A,Black or African American,65,74,All Origins,666,20,ncd_lri,total,194.008997606251,666,nvss,Deaths,age-adjusted rate
1992,A,Black or African American,75,84,All Origins,666,20,ncd_lri,total,244.244596590824,666,nvss,Deaths,age-adjusted rate
1992,A,Black or African American,85,150,All Origins,666,20,ncd_lri,total,194.460947163995,666,nvss,Deaths,age-adjusted rate
1992,A,Black or African American,35,44,All Origins,666,20,neo_lung,total,3.09033964408091,666,nvss,Deaths,age-adjusted rate
1992,A,Black or African American,45,54,All Origins,666,20,neo_lung,total,9.46623792718581,666,nvss,Deaths,age-adjusted rate
1992,A,Black or African American,55,64,All Origins,666,20,neo_lung,total,29.53794666126,666,nvss,Deaths,age-adjusted rate
1992,A,Black or African American,65,74,All Origins,666,20,neo_lung,total,20.6392550644948,666,nvss,Deaths,age-adjusted rate
1992,A,Black or African American,75,84,All Origins,666,20,neo_lung,total,6.26268196386727,666,nvss,Deaths,age-adjusted rate
1992,A,Black or African American,45,54,All Origins,666,20,resp_copd,total,1.18327974089823,666,nvss,Deaths,age-adjusted rate
1992,A,Black or African American,55,64,All Origins,666,20,resp_copd,total,2.03709976974207,666,nvss,Deaths,age-adjusted rate
1992,A,Black or African American,65,74,All Origins,666,20,resp_copd,total,9.28766477902265,666,nvss,Deaths,age-adjusted rate
1992,A,Black or African American,75,84,All Origins,666,20,resp_copd,total,10.0202911421876,666,nvss,Deaths,age-adjusted rate
1992,A,Black or African American,85,150,All Origins,666,20,resp_copd,total,4.8313278798508,666,nvss,Deaths,age-adjusted rate
1992,A,Black or African American,25,34,All Origins,666,20,t2_dm,total,0.990320896752383,666,nvss,Deaths,age-adjusted rate
1992,A,Black or African American,35,44,All Origins,666,20,t2_dm,total,0.772584911020227,666,nvss,Deaths,age-adjusted rate
1992,A,Black or African American,45,54,All Origins,666,20,t2_dm,total,3.54983922269468,666,nvss,Deaths,age-adjusted rate
1992,A,Black or African American,55,64,All Origins,666,20,t2_dm,total,8.14839907896827,666,nvss,Deaths,age-adjusted rate
1992,A,Black or African American,65,74,All Origins,666,20,t2_dm,total,10.3196275322474,666,nvss,Deaths,age-adjusted rate
1992,A,Black or African American,75,84,All Origins,666,20,t2_dm,total,8.76775474941418,666,nvss,Deaths,age-adjusted rate
1992,A,Black or African American,85,150,All Origins,666,20,t2_dm,total,8.4548237897389,666,nvss,Deaths,age-adjusted rate
1992,A,Black or African American,25,34,All Origins,666,21,all-cause,overall,21.8057372064122,666,nvss,Deaths,age-adjusted rate
1992,A,Black or African American,35,44,All Origins,666,21,all-cause,overall,58.6342341412297,666,nvss,Deaths,age-adjusted rate
1992,A,Black or African American,45,54,All Origins,666,21,all-cause,overall,109.884777314998,666,nvss,Deaths,age-adjusted rate
1992,A,Black or African American,55,64,All Origins,666,21,all-cause,overall,176.66096198798,666,nvss,Deaths,age-adjusted rate
1992,A,Black or African American,65,74,All Origins,666,21,all-cause,overall,253.247117337988,666,nvss,Deaths,age-adjusted rate
1992,A,Black or African American,75,84,All Origins,666,21,all-cause,overall,314.608439418767,666,nvss,Deaths,age-adjusted rate
1992,A,Black or African American,85,150,All Origins,666,21,all-cause,overall,207.515994591109,666,nvss,Deaths,age-adjusted rate
1992,A,Black or African American,25,34,All Origins,666,21,cvd_ihd,total,0.298708728854961,666,nvss,Deaths,age-adjusted rate
1992,A,Black or African American,35,44,All Origins,666,21,cvd_ihd,total,1.67526383260656,666,nvss,Deaths,age-adjusted rate
1992,A,Black or African American,45,54,All Origins,666,21,cvd_ihd,total,4.27329689558324,666,nvss,Deaths,age-adjusted rate
1992,A,Black or African American,55,64,All Origins,666,21,cvd_ihd,total,9.78731091346152,666,nvss,Deaths,age-adjusted rate
1992,A,Black or African American,65,74,All Origins,666,21,cvd_ihd,total,15.9945547792413,666,nvss,Deaths,age-adjusted rate
1992,A,Black or African American,75,84,All Origins,666,21,cvd_ihd,total,27.0407253715304,666,nvss,Deaths,age-adjusted rate
1992,A,Black or African American,85,150,All Origins,666,21,cvd_ihd,total,22.0548400048522,666,nvss,Deaths,age-adjusted rate
1992,A,Black or African American,35,44,All Origins,666,21,cvd_stroke,total,0.837631916303281,666,nvss,Deaths,age-adjusted rate
1992,A,Black or African American,45,54,All Origins,666,21,cvd_stroke,total,1.22094197016664,666,nvss,Deaths,age-adjusted rate
1992,A,Black or African American,55,64,All Origins,666,21,cvd_stroke,total,1.46809663701923,666,nvss,Deaths,age-adjusted rate
1992,A,Black or African American,65,74,All Origins,666,21,cvd_stroke,total,0.444293188312259,666,nvss,Deaths,age-adjusted rate
1992,A,Black or African American,75,84,All Origins,666,21,cvd_stroke,total,4.16011159562005,666,nvss,Deaths,age-adjusted rate
1992,A,Black or African American,85,150,All Origins,666,21,cvd_stroke,total,1.50373909123992,666,nvss,Deaths,age-adjusted rate
1992,A,Black or African American,45,54,All Origins,666,21,lri,total,0.61047098508332,666,nvss,Deaths,age-adjusted rate
1992,A,Black or African American,55,64,All Origins,666,21,lri,total,0.489365545673076,666,nvss,Deaths,age-adjusted rate
1992,A,Black or African American,75,84,All Origins,666,21,lri,total,0.520013949452507,666,nvss,Deaths,age-adjusted rate
1992,A,Black or African American,85,150,All Origins,666,21,lri,total,0.501246363746641,666,nvss,Deaths,age-adjusted rate
1992,A,Black or African American,25,34,All Origins,666,21,ncd_lri,total,11.3509316964885,666,nvss,Deaths,age-adjusted rate
1992,A,Black or African American,35,44,All Origins,666,21,ncd_lri,total,40.6251479407091,666,nvss,Deaths,age-adjusted rate
1992,A,Black or African American,45,54,All Origins,666,21,ncd_lri,total,97.6753576133313,666,nvss,Deaths,age-adjusted rate
1992,A,Black or African American,55,64,All Origins,666,21,ncd_lri,total,168.341747711538,666,nvss,Deaths,age-adjusted rate
1992,A,Black or African American,65,74,All Origins,666,21,ncd_lri,total,238.585442123683,666,nvss,Deaths,age-adjusted rate
1992,A,Black or African American,75,84,All Origins,666,21,ncd_lri,total,290.687797743951,666,nvss,Deaths,age-adjusted rate
1992,A,Black or African American,85,150,All Origins,666,21,ncd_lri,total,185.962400950004,666,nvss,Deaths,age-adjusted rate
1992,A,Black or African American,35,44,All Origins,666,21,neo_lung,total,1.25644787445492,666,nvss,Deaths,age-adjusted rate
1992,A,Black or African American,45,54,All Origins,666,21,neo_lung,total,11.5989487165831,666,nvss,Deaths,age-adjusted rate
1992,A,Black or African American,55,64,All Origins,666,21,neo_lung,total,34.2555881971153,666,nvss,Deaths,age-adjusted rate
1992,A,Black or African American,65,74,All Origins,666,21,neo_lung,total,31.9891095584826,666,nvss,Deaths,age-adjusted rate
1992,A,Black or African American,75,84,All Origins,666,21,neo_lung,total,20.8005579781003,666,nvss,Deaths,age-adjusted rate
1992,A,Black or African American,85,150,All Origins,666,21,neo_lung,total,2.00498545498656,666,nvss,Deaths,age-adjusted rate
1992,A,Black or African American,35,44,All Origins,666,21,resp_copd,total,0.41881595815164,666,nvss,Deaths,age-adjusted rate
1992,A,Black or African American,45,54,All Origins,666,21,resp_copd,total,0.61047098508332,666,nvss,Deaths,age-adjusted rate
1992,A,Black or African American,55,64,All Origins,666,21,resp_copd,total,7.34048318509614,666,nvss,Deaths,age-adjusted rate
1992,A,Black or African American,65,74,All Origins,666,21,resp_copd,total,7.99727738962066,666,nvss,Deaths,age-adjusted rate
1992,A,Black or African American,75,84,All Origins,666,21,resp_copd,total,9.88026503959763,666,nvss,Deaths,age-adjusted rate
1992,A,Black or African American,85,150,All Origins,666,21,resp_copd,total,9.52368091118618,666,nvss,Deaths,age-adjusted rate
1992,A,Black or African American,25,34,All Origins,666,21,t2_dm,total,0.298708728854961,666,nvss,Deaths,age-adjusted rate
1992,A,Black or African American,35,44,All Origins,666,21,t2_dm,total,0.41881595815164,666,nvss,Deaths,age-adjusted rate
1992,A,Black or African American,45,54,All Origins,666,21,t2_dm,total,3.66282591049992,666,nvss,Deaths,age-adjusted rate
1992,A,Black or African American,55,64,All Origins,666,21,t2_dm,total,8.80857982211537,666,nvss,Deaths,age-adjusted rate
1992,A,Black or African American,65,74,All Origins,666,21,t2_dm,total,7.99727738962066,666,nvss,Deaths,age-adjusted rate
1992,A,Black or African American,75,84,All Origins,666,21,t2_dm,total,10.4002789890501,666,nvss,Deaths,age-adjusted rate
1992,A,Black or African American,85,150,All Origins,666,21,t2_dm,total,8.01994181994626,666,nvss,Deaths,age-adjusted rate
1992,A,Black or African American,25,34,All Origins,666,22,all-cause,overall,39.1371054375537,666,nvss,Deaths,age-adjusted rate
1992,A,Black or African American,35,44,All Origins,666,22,all-cause,overall,73.278492606649,666,nvss,Deaths,age-adjusted rate
1992,A,Black or African American,45,54,All Origins,666,22,all-cause,overall,128.643890112527,666,nvss,Deaths,age-adjusted rate
1992,A,Black or African American,55,64,All Origins,666,22,all-cause,overall,181.799365052913,666,nvss,Deaths,age-adjusted rate
1992,A,Black or African American,65,74,All Origins,666,22,all-cause,overall,256.201574574436,666,nvss,Deaths,age-adjusted rate
1992,A,Black or African American,75,84,All Origins,666,22,all-cause,overall,298.097928415831,666,nvss,Deaths,age-adjusted rate
1992,A,Black or African American,85,150,All Origins,666,22,all-cause,overall,221.715193866571,666,nvss,Deaths,age-adjusted rate
1992,A,Black or African American,25,34,All Origins,666,22,cvd_ihd,total,0.257905142916334,666,nvss,Deaths,age-adjusted rate
1992,A,Black or African American,35,44,All Origins,666,22,cvd_ihd,total,1.37773899142936,666,nvss,Deaths,age-adjusted rate
1992,A,Black or African American,45,54,All Origins,666,22,cvd_ihd,total,5.43055821300535,666,nvss,Deaths,age-adjusted rate
1992,A,Black or African American,55,64,All Origins,666,22,cvd_ihd,total,11.0340655089918,666,nvss,Deaths,age-adjusted rate
1992,A,Black or African American,65,74,All Origins,666,22,cvd_ihd,total,19.068050680916,666,nvss,Deaths,age-adjusted rate
1992,A,Black or African American,75,84,All Origins,666,22,cvd_ihd,total,29.302865630258,666,nvss,Deaths,age-adjusted rate
1992,A,Black or African American,85,150,All Origins,666,22,cvd_ihd,total,27.6025832133599,666,nvss,Deaths,age-adjusted rate
1992,A,Black or African American,25,34,All Origins,666,22,cvd_stroke,total,0.451334000103585,666,nvss,Deaths,age-adjusted rate
1992,A,Black or African American,35,44,All Origins,666,22,cvd_stroke,total,1.46384767839369,666,nvss,Deaths,age-adjusted rate
1992,A,Black or African American,45,54,All Origins,666,22,cvd_stroke,total,2.77561864220274,666,nvss,Deaths,age-adjusted rate
1992,A,Black or African American,55,64,All Origins,666,22,cvd_stroke,total,2.31189943997923,666,nvss,Deaths,age-adjusted rate
1992,A,Black or African American,65,74,All Origins,666,22,cvd_stroke,total,2.43421923586162,666,nvss,Deaths,age-adjusted rate
1992,A,Black or African American,75,84,All Origins,666,22,cvd_stroke,total,3.70922349750101,666,nvss,Deaths,age-adjusted rate
1992,A,Black or African American,85,150,All Origins,666,22,cvd_stroke,total,2.81137421617554,666,nvss,Deaths,age-adjusted rate
1992,A,Black or African American,35,44,All Origins,666,22,lri,total,0.0861086869643348,666,nvss,Deaths,age-adjusted rate
1992,A,Black or African American,55,64,All Origins,666,22,lri,total,0.105086338180874,666,nvss,Deaths,age-adjusted rate
1992,A,Black or African American,85,150,All Origins,666,22,lri,total,0.127789737098888,666,nvss,Deaths,age-adjusted rate
1992,A,Black or African American,25,34,All Origins,666,22,ncd_lri,total,17.730978575498,666,nvss,Deaths,age-adjusted rate
1992,A,Black or African American,35,44,All Origins,666,22,ncd_lri,total,51.6652121786009,666,nvss,Deaths,age-adjusted rate
1992,A,Black or African American,45,54,All Origins,666,22,ncd_lri,total,113.438327116112,666,nvss,Deaths,age-adjusted rate
1992,A,Black or African American,55,64,All Origins,666,22,ncd_lri,total,170.555126867559,666,nvss,Deaths,age-adjusted rate
1992,A,Black or African American,65,74,All Origins,666,22,ncd_lri,total,242.813368777197,666,nvss,Deaths,age-adjusted rate
1992,A,Black or African American,75,84,All Origins,666,22,ncd_lri,total,275.842587430825,666,nvss,Deaths,age-adjusted rate
1992,A,Black or African American,85,150,All Origins,666,22,ncd_lri,total,202.163364090441,666,nvss,Deaths,age-adjusted rate
1992,A,Black or African American,25,34,All Origins,666,22,neo_lung,total,0.0644762857290836,666,nvss,Deaths,age-adjusted rate
1992,A,Black or African American,35,44,All Origins,666,22,neo_lung,total,2.32493454803704,666,nvss,Deaths,age-adjusted rate
1992,A,Black or African American,45,54,All Origins,666,22,neo_lung,total,9.89568385480976,666,nvss,Deaths,age-adjusted rate
1992,A,Black or African American,55,64,All Origins,666,22,neo_lung,total,21.4376129888984,666,nvss,Deaths,age-adjusted rate
1992,A,Black or African American,65,74,All Origins,666,22,neo_lung,total,27.3849664034432,666,nvss,Deaths,age-adjusted rate
1992,A,Black or African American,75,84,All Origins,666,22,neo_lung,total,15.2078163397541,666,nvss,Deaths,age-adjusted rate
1992,A,Black or African American,85,150,All Origins,666,22,neo_lung,total,5.11158948395553,666,nvss,Deaths,age-adjusted rate
1992,A,Black or African American,25,34,All Origins,666,22,resp_copd,total,0.193428857187251,666,nvss,Deaths,age-adjusted rate
1992,A,Black or African American,35,44,All Origins,666,22,resp_copd,total,0.861086869643348,666,nvss,Deaths,age-adjusted rate
1992,A,Black or African American,45,54,All Origins,666,22,resp_copd,total,1.81018607100178,666,nvss,Deaths,age-adjusted rate
1992,A,Black or African American,55,64,All Origins,666,22,resp_copd,total,3.46784915996885,666,nvss,Deaths,age-adjusted rate
1992,A,Black or African American,65,74,All Origins,666,22,resp_copd,total,6.49125129563099,666,nvss,Deaths,age-adjusted rate
1992,A,Black or African American,75,84,All Origins,666,22,resp_copd,total,8.40757326100228,666,nvss,Deaths,age-adjusted rate
1992,A,Black or African American,85,150,All Origins,666,22,resp_copd,total,4.72822027265886,666,nvss,Deaths,age-adjusted rate
1992,A,Black or African American,25,34,All Origins,666,22,t2_dm,total,0.322381428645418,666,nvss,Deaths,age-adjusted rate
1992,A,Black or African American,35,44,All Origins,666,22,t2_dm,total,1.63606505232236,666,nvss,Deaths,age-adjusted rate
1992,A,Black or African American,45,54,All Origins,666,22,t2_dm,total,6.75802799840666,666,nvss,Deaths,age-adjusted rate
1992,A,Black or African American,55,64,All Origins,666,22,t2_dm,total,10.1933748035448,666,nvss,Deaths,age-adjusted rate
1992,A,Black or African American,65,74,All Origins,666,22,t2_dm,total,14.0981864076986,666,nvss,Deaths,age-adjusted rate
1992,A,Black or African American,75,84,All Origins,666,22,t2_dm,total,15.7023794727543,666,nvss,Deaths,age-adjusted rate
1992,A,Black or African American,85,150,All Origins,666,22,t2_dm,total,7.79517396303218,666,nvss,Deaths,age-adjusted rate
1992,A,Black or African American,25,34,All Origins,666,23,all-cause,overall,28.784486362081,666,nvss,Deaths,age-adjusted rate
1992,A,Black or African American,35,44,All Origins,666,23,all-cause,overall,22.2758454892517,666,nvss,Deaths,age-adjusted rate
1992,A,Black or African American,45,54,All Origins,666,23,all-cause,overall,88.7070568916796,666,nvss,Deaths,age-adjusted rate
1992,A,Black or African American,55,64,All Origins,666,23,all-cause,overall,53.2005994744224,666,nvss,Deaths,age-adjusted rate
1992,A,Black or African American,65,74,All Origins,666,23,all-cause,overall,136.155250678043,666,nvss,Deaths,age-adjusted rate
1992,A,Black or African American,75,84,All Origins,666,23,all-cause,overall,263.769428595822,666,nvss,Deaths,age-adjusted rate
1992,A,Black or African American,85,150,All Origins,666,23,all-cause,overall,904.666145502062,666,nvss,Deaths,age-adjusted rate
1992,A,Black or African American,75,84,All Origins,666,23,cvd_ihd,total,131.884714297911,666,nvss,Deaths,age-adjusted rate
1992,A,Black or African American,85,150,All Origins,666,23,cvd_ihd,total,129.238020786009,666,nvss,Deaths,age-adjusted rate
1992,A,Black or African American,25,34,All Origins,666,23,ncd_lri,total,14.3922431810405,666,nvss,Deaths,age-adjusted rate
1992,A,Black or African American,35,44,All Origins,666,23,ncd_lri,total,22.2758454892517,666,nvss,Deaths,age-adjusted rate
1992,A,Black or African American,45,54,All Origins,666,23,ncd_lri,total,88.7070568916796,666,nvss,Deaths,age-adjusted rate
1992,A,Black or African American,55,64,All Origins,666,23,ncd_lri,total,53.2005994744224,666,nvss,Deaths,age-adjusted rate
1992,A,Black or African American,65,74,All Origins,666,23,ncd_lri,total,136.155250678043,666,nvss,Deaths,age-adjusted rate
1992,A,Black or African American,75,84,All Origins,666,23,ncd_lri,total,131.884714297911,666,nvss,Deaths,age-adjusted rate
1992,A,Black or African American,85,150,All Origins,666,23,ncd_lri,total,904.666145502062,666,nvss,Deaths,age-adjusted rate
1992,A,Black or African American,65,74,All Origins,666,23,t2_dm,total,68.0776253390217,666,nvss,Deaths,age-adjusted rate
1992,A,Black or African American,25,34,All Origins,666,24,all-cause,overall,39.4529214066622,666,nvss,Deaths,age-adjusted rate
1992,A,Black or African American,35,44,All Origins,666,24,all-cause,overall,76.3709389633928,666,nvss,Deaths,age-adjusted rate
1992,A,Black or African American,45,54,All Origins,666,24,all-cause,overall,104.608104850127,666,nvss,Deaths,age-adjusted rate
1992,A,Black or African American,55,64,All Origins,666,24,all-cause,overall,151.211224308192,666,nvss,Deaths,age-adjusted rate
1992,A,Black or African American,65,74,All Origins,666,24,all-cause,overall,244.506533321258,666,nvss,Deaths,age-adjusted rate
1992,A,Black or African American,75,84,All Origins,666,24,all-cause,overall,304.530137437995,666,nvss,Deaths,age-adjusted rate
1992,A,Black or African American,85,150,All Origins,666,24,all-cause,overall,223.872904648318,666,nvss,Deaths,age-adjusted rate
1992,A,Black or African American,25,34,All Origins,666,24,cvd_ihd,total,0.0544178226298789,666,nvss,Deaths,age-adjusted rate
1992,A,Black or African American,35,44,All Origins,666,24,cvd_ihd,total,0.309194084872035,666,nvss,Deaths,age-adjusted rate
1992,A,Black or African American,45,54,All Origins,666,24,cvd_ihd,total,2.19457562622645,666,nvss,Deaths,age-adjusted rate
1992,A,Black or African American,55,64,All Origins,666,24,cvd_ihd,total,4.80205017210207,666,nvss,Deaths,age-adjusted rate
1992,A,Black or African American,65,74,All Origins,666,24,cvd_ihd,total,10.1311448874902,666,nvss,Deaths,age-adjusted rate
1992,A,Black or African American,75,84,All Origins,666,24,cvd_ihd,total,19.6180762297526,666,nvss,Deaths,age-adjusted rate
1992,A,Black or African American,85,150,All Origins,666,24,cvd_ihd,total,14.5203142414689,666,nvss,Deaths,age-adjusted rate
1992,A,Black or African American,25,34,All Origins,666,24,cvd_stroke,total,0.48976040366891,666,nvss,Deaths,age-adjusted rate
1992,A,Black or African American,35,44,All Origins,666,24,cvd_stroke,total,1.15947781827013,666,nvss,Deaths,age-adjusted rate
1992,A,Black or African American,45,54,All Origins,666,24,cvd_stroke,total,1.77656122123093,666,nvss,Deaths,age-adjusted rate
1992,A,Black or African American,55,64,All Origins,666,24,cvd_stroke,total,1.28054671256055,666,nvss,Deaths,age-adjusted rate
1992,A,Black or African American,65,74,All Origins,666,24,cvd_stroke,total,2.1003593059431,666,nvss,Deaths,age-adjusted rate
1992,A,Black or African American,75,84,All Origins,666,24,cvd_stroke,total,4.13959406682854,666,nvss,Deaths,age-adjusted rate
1992,A,Black or African American,85,150,All Origins,666,24,cvd_stroke,total,3.467537729306,666,nvss,Deaths,age-adjusted rate
1992,A,Black or African American,85,150,All Origins,666,24,lri,total,0.216721108081625,666,nvss,Deaths,age-adjusted rate
1992,A,Black or African American,25,34,All Origins,666,24,ncd_lri,total,18.7197309846783,666,nvss,Deaths,age-adjusted rate
1992,A,Black or African American,35,44,All Origins,666,24,ncd_lri,total,56.4279204891465,666,nvss,Deaths,age-adjusted rate
1992,A,Black or African American,45,54,All Origins,666,24,ncd_lri,total,91.6496582952664,666,nvss,Deaths,age-adjusted rate
1992,A,Black or African American,55,64,All Origins,666,24,ncd_lri,total,142.354109546315,666,nvss,Deaths,age-adjusted rate
1992,A,Black or African American,65,74,All Origins,666,24,ncd_lri,total,229.680467632248,666,nvss,Deaths,age-adjusted rate
1992,A,Black or African American,75,84,All Origins,666,24,ncd_lri,total,285.272025909706,666,nvss,Deaths,age-adjusted rate
1992,A,Black or African American,85,150,All Origins,666,24,ncd_lri,total,204.368004920972,666,nvss,Deaths,age-adjusted rate
1992,A,Black or African American,25,34,All Origins,666,24,neo_lung,total,0.272089113149394,666,nvss,Deaths,age-adjusted rate
1992,A,Black or African American,35,44,All Origins,666,24,neo_lung,total,2.00976155166823,666,nvss,Deaths,age-adjusted rate
1992,A,Black or African American,45,54,All Origins,666,24,neo_lung,total,9.30082051115018,666,nvss,Deaths,age-adjusted rate
1992,A,Black or African American,55,64,All Origins,666,24,neo_lung,total,17.3940928456142,666,nvss,Deaths,age-adjusted rate
1992,A,Black or African American,65,74,All Origins,666,24,neo_lung,total,26.8104687876266,666,nvss,Deaths,age-adjusted rate
1992,A,Black or African American,75,84,All Origins,666,24,neo_lung,total,18.5381821253626,666,nvss,Deaths,age-adjusted rate
1992,A,Black or African American,85,150,All Origins,666,24,neo_lung,total,5.85146991820387,666,nvss,Deaths,age-adjusted rate
1992,A,Black or African American,25,34,All Origins,666,24,resp_copd,total,0.163253467889637,666,nvss,Deaths,age-adjusted rate
1992,A,Black or African American,35,44,All Origins,666,24,resp_copd,total,0.309194084872035,666,nvss,Deaths,age-adjusted rate
1992,A,Black or African American,45,54,All Origins,666,24,resp_copd,total,1.04503601248878,666,nvss,Deaths,age-adjusted rate
1992,A,Black or African American,55,64,All Origins,666,24,resp_copd,total,2.88123010326124,666,nvss,Deaths,age-adjusted rate
1992,A,Black or African American,65,74,All Origins,666,24,resp_copd,total,5.80687572819563,666,nvss,Deaths,age-adjusted rate
1992,A,Black or African American,75,84,All Origins,666,24,resp_copd,total,9.35908223804713,666,nvss,Deaths,age-adjusted rate
1992,A,Black or African American,85,150,All Origins,666,24,resp_copd,total,5.201306593959,666,nvss,Deaths,age-adjusted rate
1992,A,Black or African American,25,34,All Origins,666,24,t2_dm,total,0.435342581039031,666,nvss,Deaths,age-adjusted rate
1992,A,Black or African American,35,44,All Origins,666,24,t2_dm,total,1.39137338192416,666,nvss,Deaths,age-adjusted rate
1992,A,Black or African American,45,54,All Origins,666,24,t2_dm,total,4.28464765120402,666,nvss,Deaths,age-adjusted rate
1992,A,Black or African American,55,64,All Origins,666,24,t2_dm,total,6.61615801489618,666,nvss,Deaths,age-adjusted rate
1992,A,Black or African American,65,74,All Origins,666,24,t2_dm,total,15.3202678786438,666,nvss,Deaths,age-adjusted rate
1992,A,Black or African American,75,84,All Origins,666,24,t2_dm,total,14.2186057078024,666,nvss,Deaths,age-adjusted rate
1992,A,Black or African American,85,150,All Origins,666,24,t2_dm,total,7.58523878285687,666,nvss,Deaths,age-adjusted rate
1992,A,Black or African American,25,34,All Origins,666,25,all-cause,overall,29.8220313450408,666,nvss,Deaths,age-adjusted rate
1992,A,Black or African American,35,44,All Origins,666,25,all-cause,overall,68.8684776538702,666,nvss,Deaths,age-adjusted rate
1992,A,Black or African American,45,54,All Origins,666,25,all-cause,overall,89.9173433675927,666,nvss,Deaths,age-adjusted rate
1992,A,Black or African American,55,64,All Origins,666,25,all-cause,overall,124.648175160562,666,nvss,Deaths,age-adjusted rate
1992,A,Black or African American,65,74,All Origins,666,25,all-cause,overall,210.630711041924,666,nvss,Deaths,age-adjusted rate
1992,A,Black or African American,75,84,All Origins,666,25,all-cause,overall,267.076882245926,666,nvss,Deaths,age-adjusted rate
1992,A,Black or African American,85,150,All Origins,666,25,all-cause,overall,200.487503549774,666,nvss,Deaths,age-adjusted rate
1992,A,Black or African American,25,34,All Origins,666,25,cvd_ihd,total,0.198813542300272,666,nvss,Deaths,age-adjusted rate
1992,A,Black or African American,35,44,All Origins,666,25,cvd_ihd,total,0.646652372336809,666,nvss,Deaths,age-adjusted rate
1992,A,Black or African American,45,54,All Origins,666,25,cvd_ihd,total,5.04638151552816,666,nvss,Deaths,age-adjusted rate
1992,A,Black or African American,55,64,All Origins,666,25,cvd_ihd,total,7.58315894512925,666,nvss,Deaths,age-adjusted rate
1992,A,Black or African American,65,74,All Origins,666,25,cvd_ihd,total,13.8708029222731,666,nvss,Deaths,age-adjusted rate
1992,A,Black or African American,75,84,All Origins,666,25,cvd_ihd,total,25.770576357063,666,nvss,Deaths,age-adjusted rate
1992,A,Black or African American,85,150,All Origins,666,25,cvd_ihd,total,11.6876123145608,666,nvss,Deaths,age-adjusted rate
1992,A,Black or African American,35,44,All Origins,666,25,cvd_stroke,total,0.646652372336809,666,nvss,Deaths,age-adjusted rate
1992,A,Black or African American,45,54,All Origins,666,25,cvd_stroke,total,1.83504782382842,666,nvss,Deaths,age-adjusted rate
1992,A,Black or African American,55,64,All Origins,666,25,cvd_stroke,total,0.947894868141156,666,nvss,Deaths,age-adjusted rate
1992,A,Black or African American,65,74,All Origins,666,25,cvd_stroke,total,3.08240064939401,666,nvss,Deaths,age-adjusted rate
1992,A,Black or African American,75,84,All Origins,666,25,cvd_stroke,total,0.780926556274637,666,nvss,Deaths,age-adjusted rate
1992,A,Black or African American,85,150,All Origins,666,25,cvd_stroke,total,2.69714130336019,666,nvss,Deaths,age-adjusted rate
1992,A,Black or African American,35,44,All Origins,666,25,lri,total,0.323326186168405,666,nvss,Deaths,age-adjusted rate
1992,A,Black or African American,75,84,All Origins,666,25,lri,total,0.780926556274637,666,nvss,Deaths,age-adjusted rate
1992,A,Black or African American,25,34,All Origins,666,25,ncd_lri,total,16.8991510955231,666,nvss,Deaths,age-adjusted rate
1992,A,Black or African American,35,44,All Origins,666,25,ncd_lri,total,55.6121040209656,666,nvss,Deaths,age-adjusted rate
1992,A,Black or African American,45,54,All Origins,666,25,ncd_lri,total,77.989532512708,666,nvss,Deaths,age-adjusted rate
1992,A,Black or African American,55,64,All Origins,666,25,ncd_lri,total,118.486858517645,666,nvss,Deaths,age-adjusted rate
1992,A,Black or African American,65,74,All Origins,666,25,ncd_lri,total,200.869775652176,666,nvss,Deaths,age-adjusted rate
1992,A,Black or African American,75,84,All Origins,666,25,ncd_lri,total,253.020204232982,666,nvss,Deaths,age-adjusted rate
1992,A,Black or African American,85,150,All Origins,666,25,ncd_lri,total,172.617043415052,666,nvss,Deaths,age-adjusted rate
1992,A,Black or African American,25,34,All Origins,666,25,neo_lung,total,0.198813542300272,666,nvss,Deaths,age-adjusted rate
1992,A,Black or African American,35,44,All Origins,666,25,neo_lung,total,1.61663093084202,666,nvss,Deaths,age-adjusted rate
1992,A,Black or African American,45,54,All Origins,666,25,neo_lung,total,10.0927630310563,666,nvss,Deaths,age-adjusted rate
1992,A,Black or African American,55,64,All Origins,666,25,neo_lung,total,16.5881601924702,666,nvss,Deaths,age-adjusted rate
1992,A,Black or African American,65,74,All Origins,666,25,neo_lung,total,25.6866720782834,666,nvss,Deaths,age-adjusted rate
1992,A,Black or African American,75,84,All Origins,666,25,neo_lung,total,15.6185311254927,666,nvss,Deaths,age-adjusted rate
1992,A,Black or African American,85,150,All Origins,666,25,neo_lung,total,4.49523550560031,666,nvss,Deaths,age-adjusted rate
1992,A,Black or African American,35,44,All Origins,666,25,resp_copd,total,0.969978558505214,666,nvss,Deaths,age-adjusted rate
1992,A,Black or African American,45,54,All Origins,666,25,resp_copd,total,0.458761955957106,666,nvss,Deaths,age-adjusted rate
1992,A,Black or African American,55,64,All Origins,666,25,resp_copd,total,2.84368460442347,666,nvss,Deaths,age-adjusted rate
1992,A,Black or African American,65,74,All Origins,666,25,resp_copd,total,5.13733441565669,666,nvss,Deaths,age-adjusted rate
1992,A,Black or African American,75,84,All Origins,666,25,resp_copd,total,8.59019211902101,666,nvss,Deaths,age-adjusted rate
1992,A,Black or African American,85,150,All Origins,666,25,resp_copd,total,5.39428260672037,666,nvss,Deaths,age-adjusted rate
1992,A,Black or African American,25,34,All Origins,666,25,t2_dm,total,0.198813542300272,666,nvss,Deaths,age-adjusted rate
1992,A,Black or African American,35,44,All Origins,666,25,t2_dm,total,0.323326186168405,666,nvss,Deaths,age-adjusted rate
1992,A,Black or African American,45,54,All Origins,666,25,t2_dm,total,1.37628586787132,666,nvss,Deaths,age-adjusted rate
1992,A,Black or African American,55,64,All Origins,666,25,t2_dm,total,4.2655269066352,666,nvss,Deaths,age-adjusted rate
1992,A,Black or African American,65,74,All Origins,666,25,t2_dm,total,10.2746688313134,666,nvss,Deaths,age-adjusted rate
1992,A,Black or African American,75,84,All Origins,666,25,t2_dm,total,12.4948249003942,666,nvss,Deaths,age-adjusted rate
1992,A,Black or African American,85,150,All Origins,666,25,t2_dm,total,5.39428260672037,666,nvss,Deaths,age-adjusted rate
1992,A,Black or African American,25,34,All Origins,666,26,all-cause,overall,37.1734126211056,666,nvss,Deaths,age-adjusted rate
1992,A,Black or African American,35,44,All Origins,666,26,all-cause,overall,80.8395324145974,666,nvss,Deaths,age-adjusted rate
1992,A,Black or African American,45,54,All Origins,666,26,all-cause,overall,118.657854113021,666,nvss,Deaths,age-adjusted rate
1992,A,Black or African American,55,64,All Origins,666,26,all-cause,overall,163.940731589516,666,nvss,Deaths,age-adjusted rate
1992,A,Black or African American,65,74,All Origins,666,26,all-cause,overall,239.830237133021,666,nvss,Deaths,age-adjusted rate
1992,A,Black or African American,75,84,All Origins,666,26,all-cause,overall,304.000982037329,666,nvss,Deaths,age-adjusted rate
1992,A,Black or African American,85,150,All Origins,666,26,all-cause,overall,203.440173573565,666,nvss,Deaths,age-adjusted rate
1992,A,Black or African American,25,34,All Origins,666,26,cvd_ihd,total,0.127088590157626,666,nvss,Deaths,age-adjusted rate
1992,A,Black or African American,35,44,All Origins,666,26,cvd_ihd,total,0.958571530607874,666,nvss,Deaths,age-adjusted rate
1992,A,Black or African American,45,54,All Origins,666,26,cvd_ihd,total,3.67327315734494,666,nvss,Deaths,age-adjusted rate
1992,A,Black or African American,55,64,All Origins,666,26,cvd_ihd,total,10.1850872672101,666,nvss,Deaths,age-adjusted rate
1992,A,Black or African American,65,74,All Origins,666,26,cvd_ihd,total,22.4175038185365,666,nvss,Deaths,age-adjusted rate
1992,A,Black or African American,75,84,All Origins,666,26,cvd_ihd,total,36.9802060400387,666,nvss,Deaths,age-adjusted rate
1992,A,Black or African American,85,150,All Origins,666,26,cvd_ihd,total,32.7064585833607,666,nvss,Deaths,age-adjusted rate
1992,A,Black or African American,25,34,All Origins,666,26,cvd_stroke,total,0.381265770472877,666,nvss,Deaths,age-adjusted rate
1992,A,Black or African American,35,44,All Origins,666,26,cvd_stroke,total,1.99702402209974,666,nvss,Deaths,age-adjusted rate
1992,A,Black or African American,45,54,All Origins,666,26,cvd_stroke,total,1.55835830917664,666,nvss,Deaths,age-adjusted rate
1992,A,Black or African American,55,64,All Origins,666,26,cvd_stroke,total,2.54627181680253,666,nvss,Deaths,age-adjusted rate
1992,A,Black or African American,65,74,All Origins,666,26,cvd_stroke,total,2.77902939899213,666,nvss,Deaths,age-adjusted rate
1992,A,Black or African American,75,84,All Origins,666,26,cvd_stroke,total,5.39568842577078,666,nvss,Deaths,age-adjusted rate
1992,A,Black or African American,85,150,All Origins,666,26,cvd_stroke,total,4.20082954281697,666,nvss,Deaths,age-adjusted rate
1992,A,Black or African American,25,34,All Origins,666,26,ncd_lri,total,16.4579724254125,666,nvss,Deaths,age-adjusted rate
1992,A,Black or African American,35,44,All Origins,666,26,ncd_lri,total,59.2716729759202,666,nvss,Deaths,age-adjusted rate
1992,A,Black or African American,45,54,All Origins,666,26,ncd_lri,total,103.185582329053,666,nvss,Deaths,age-adjusted rate
1992,A,Black or African American,55,64,All Origins,666,26,ncd_lri,total,152.286641351074,666,nvss,Deaths,age-adjusted rate
1992,A,Black or African American,65,74,All Origins,666,26,ncd_lri,total,226.954067584357,666,nvss,Deaths,age-adjusted rate
1992,A,Black or African American,75,84,All Origins,666,26,ncd_lri,total,283.207841274603,666,nvss,Deaths,age-adjusted rate
1992,A,Black or African American,85,150,All Origins,666,26,ncd_lri,total,186.186766522709,666,nvss,Deaths,age-adjusted rate
1992,A,Black or African American,25,34,All Origins,666,26,neo_lung,total,0.190632885236439,666,nvss,Deaths,age-adjusted rate
1992,A,Black or African American,35,44,All Origins,666,26,neo_lung,total,2.15678594386772,666,nvss,Deaths,age-adjusted rate
1992,A,Black or African American,45,54,All Origins,666,26,neo_lung,total,10.2406403174465,666,nvss,Deaths,age-adjusted rate
1992,A,Black or African American,55,64,All Origins,666,26,neo_lung,total,20.0763739401738,666,nvss,Deaths,age-adjusted rate
1992,A,Black or African American,65,74,All Origins,666,26,neo_lung,total,28.624002809619,666,nvss,Deaths,age-adjusted rate
1992,A,Black or African American,75,84,All Origins,666,26,neo_lung,total,17.8978933147518,666,nvss,Deaths,age-adjusted rate
1992,A,Black or African American,85,150,All Origins,666,26,neo_lung,total,4.50088879587532,666,nvss,Deaths,age-adjusted rate
1992,A,Black or African American,25,34,All Origins,666,26,resp_copd,total,0.190632885236439,666,nvss,Deaths,age-adjusted rate
1992,A,Black or African American,35,44,All Origins,666,26,resp_copd,total,0.559166726187927,666,nvss,Deaths,age-adjusted rate
1992,A,Black or African American,45,54,All Origins,666,26,resp_copd,total,3.22802792615161,666,nvss,Deaths,age-adjusted rate
1992,A,Black or African American,55,64,All Origins,666,26,resp_copd,total,3.32974006812638,666,nvss,Deaths,age-adjusted rate
1992,A,Black or African American,65,74,All Origins,666,26,resp_copd,total,8.61499113687561,666,nvss,Deaths,age-adjusted rate
1992,A,Black or African American,75,84,All Origins,666,26,resp_copd,total,8.0277315602931,666,nvss,Deaths,age-adjusted rate
1992,A,Black or African American,85,150,All Origins,666,26,resp_copd,total,3.3006517836419,666,nvss,Deaths,age-adjusted rate
1992,A,Black or African American,25,34,All Origins,666,26,t2_dm,total,0.571898655709316,666,nvss,Deaths,age-adjusted rate
1992,A,Black or African American,35,44,All Origins,666,26,t2_dm,total,1.11833345237585,666,nvss,Deaths,age-adjusted rate
1992,A,Black or African American,45,54,All Origins,666,26,t2_dm,total,4.78638623532826,666,nvss,Deaths,age-adjusted rate
1992,A,Black or African American,55,64,All Origins,666,26,t2_dm,total,7.73674898182306,666,nvss,Deaths,age-adjusted rate
1992,A,Black or African American,65,74,All Origins,666,26,t2_dm,total,11.5792891624672,666,nvss,Deaths,age-adjusted rate
1992,A,Black or African American,75,84,All Origins,666,26,t2_dm,total,11.317785478446,666,nvss,Deaths,age-adjusted rate
1992,A,Black or African American,85,150,All Origins,666,26,t2_dm,total,4.95097767546286,666,nvss,Deaths,age-adjusted rate
1992,A,Black or African American,25,34,All Origins,666,27,all-cause,overall,22.7981295201557,666,nvss,Deaths,age-adjusted rate
1992,A,Black or African American,35,44,All Origins,666,27,all-cause,overall,52.0249499758385,666,nvss,Deaths,age-adjusted rate
1992,A,Black or African American,45,54,All Origins,666,27,all-cause,overall,109.81304075945,666,nvss,Deaths,age-adjusted rate
1992,A,Black or African American,55,64,All Origins,666,27,all-cause,overall,137.899797734504,666,nvss,Deaths,age-adjusted rate
1992,A,Black or African American,65,74,All Origins,666,27,all-cause,overall,265.613897031619,666,nvss,Deaths,age-adjusted rate
1992,A,Black or African American,75,84,All Origins,666,27,all-cause,overall,269.97284883561,666,nvss,Deaths,age-adjusted rate
1992,A,Black or African American,85,150,All Origins,666,27,all-cause,overall,162.797064857514,666,nvss,Deaths,age-adjusted rate
1992,A,Black or African American,35,44,All Origins,666,27,cvd_ihd,total,3.06029117504932,666,nvss,Deaths,age-adjusted rate
1992,A,Black or African American,45,54,All Origins,666,27,cvd_ihd,total,5.88284146925624,666,nvss,Deaths,age-adjusted rate
1992,A,Black or African American,55,64,All Origins,666,27,cvd_ihd,total,15.3221997482782,666,nvss,Deaths,age-adjusted rate
1992,A,Black or African American,65,74,All Origins,666,27,cvd_ihd,total,23.6685650820255,666,nvss,Deaths,age-adjusted rate
1992,A,Black or African American,75,84,All Origins,666,27,cvd_ihd,total,4.21832576305641,666,nvss,Deaths,age-adjusted rate
1992,A,Black or African American,85,150,All Origins,666,27,cvd_ihd,total,17.1365331428962,666,nvss,Deaths,age-adjusted rate
1992,A,Black or African American,35,44,All Origins,666,27,cvd_stroke,total,2.04019411669955,666,nvss,Deaths,age-adjusted rate
1992,A,Black or African American,45,54,All Origins,666,27,cvd_stroke,total,1.96094715641875,666,nvss,Deaths,age-adjusted rate
1992,A,Black or African American,55,64,All Origins,666,27,cvd_stroke,total,6.56665703497637,666,nvss,Deaths,age-adjusted rate
1992,A,Black or African American,65,74,All Origins,666,27,cvd_stroke,total,2.6298405646695,666,nvss,Deaths,age-adjusted rate
1992,A,Black or African American,75,84,All Origins,666,27,cvd_stroke,total,8.43665152611283,666,nvss,Deaths,age-adjusted rate
1992,A,Black or African American,25,34,All Origins,666,27,ncd_lri,total,9.85865060331055,666,nvss,Deaths,age-adjusted rate
1992,A,Black or African American,35,44,All Origins,666,27,ncd_lri,total,35.7033970422421,666,nvss,Deaths,age-adjusted rate
1992,A,Black or African American,45,54,All Origins,666,27,ncd_lri,total,90.2035691952623,666,nvss,Deaths,age-adjusted rate
1992,A,Black or African American,55,64,All Origins,666,27,ncd_lri,total,126.955369342876,666,nvss,Deaths,age-adjusted rate
1992,A,Black or African American,65,74,All Origins,666,27,ncd_lri,total,241.945331949594,666,nvss,Deaths,age-adjusted rate
1992,A,Black or African American,75,84,All Origins,666,27,ncd_lri,total,240.444568494216,666,nvss,Deaths,age-adjusted rate
1992,A,Black or African American,85,150,All Origins,666,27,ncd_lri,total,132.808131857446,666,nvss,Deaths,age-adjusted rate
1992,A,Black or African American,35,44,All Origins,666,27,neo_lung,total,2.04019411669955,666,nvss,Deaths,age-adjusted rate
1992,A,Black or African American,45,54,All Origins,666,27,neo_lung,total,11.7656829385125,666,nvss,Deaths,age-adjusted rate
1992,A,Black or African American,55,64,All Origins,666,27,neo_lung,total,21.8888567832546,666,nvss,Deaths,age-adjusted rate
1992,A,Black or African American,65,74,All Origins,666,27,neo_lung,total,49.9669707287204,666,nvss,Deaths,age-adjusted rate
1992,A,Black or African American,75,84,All Origins,666,27,neo_lung,total,4.21832576305641,666,nvss,Deaths,age-adjusted rate
1992,A,Black or African American,85,150,All Origins,666,27,neo_lung,total,4.28413328572405,666,nvss,Deaths,age-adjusted rate
1992,A,Black or African American,35,44,All Origins,666,27,resp_copd,total,1.02009705834977,666,nvss,Deaths,age-adjusted rate
1992,A,Black or African American,45,54,All Origins,666,27,resp_copd,total,1.96094715641875,666,nvss,Deaths,age-adjusted rate
1992,A,Black or African American,55,64,All Origins,666,27,resp_copd,total,2.18888567832546,666,nvss,Deaths,age-adjusted rate
1992,A,Black or African American,65,74,All Origins,666,27,resp_copd,total,13.1492028233475,666,nvss,Deaths,age-adjusted rate
1992,A,Black or African American,75,84,All Origins,666,27,resp_copd,total,21.0916288152821,666,nvss,Deaths,age-adjusted rate
1992,A,Black or African American,85,150,All Origins,666,27,resp_copd,total,4.28413328572405,666,nvss,Deaths,age-adjusted rate
1992,A,Black or African American,35,44,All Origins,666,27,t2_dm,total,1.02009705834977,666,nvss,Deaths,age-adjusted rate
1992,A,Black or African American,45,54,All Origins,666,27,t2_dm,total,1.96094715641875,666,nvss,Deaths,age-adjusted rate
1992,A,Black or African American,55,64,All Origins,666,27,t2_dm,total,8.75554271330183,666,nvss,Deaths,age-adjusted rate
1992,A,Black or African American,65,74,All Origins,666,27,t2_dm,total,7.88952169400849,666,nvss,Deaths,age-adjusted rate
1992,A,Black or African American,75,84,All Origins,666,27,t2_dm,total,12.6549772891692,666,nvss,Deaths,age-adjusted rate
1992,A,Black or African American,25,34,All Origins,666,28,all-cause,overall,38.207374430487,666,nvss,Deaths,age-adjusted rate
1992,A,Black or African American,35,44,All Origins,666,28,all-cause,overall,67.0483602716226,666,nvss,Deaths,age-adjusted rate
1992,A,Black or African American,45,54,All Origins,666,28,all-cause,overall,124.896785340277,666,nvss,Deaths,age-adjusted rate
1992,A,Black or African American,55,64,All Origins,666,28,all-cause,overall,166.736218604644,666,nvss,Deaths,age-adjusted rate
1992,A,Black or African American,65,74,All Origins,666,28,all-cause,overall,241.456774634998,666,nvss,Deaths,age-adjusted rate
1992,A,Black or African American,75,84,All Origins,666,28,all-cause,overall,294.800627752633,666,nvss,Deaths,age-adjusted rate
1992,A,Black or African American,85,150,All Origins,666,28,all-cause,overall,209.3669692776,666,nvss,Deaths,age-adjusted rate
1992,A,Black or African American,25,34,All Origins,666,28,cvd_ihd,total,0.0972197822658702,666,nvss,Deaths,age-adjusted rate
1992,A,Black or African American,35,44,All Origins,666,28,cvd_ihd,total,0.518749402488376,666,nvss,Deaths,age-adjusted rate
1992,A,Black or African American,45,54,All Origins,666,28,cvd_ihd,total,3.65082910994657,666,nvss,Deaths,age-adjusted rate
1992,A,Black or African American,55,64,All Origins,666,28,cvd_ihd,total,4.97959805081308,666,nvss,Deaths,age-adjusted rate
1992,A,Black or African American,65,74,All Origins,666,28,cvd_ihd,total,10.7159490760201,666,nvss,Deaths,age-adjusted rate
1992,A,Black or African American,75,84,All Origins,666,28,cvd_ihd,total,18.434040230746,666,nvss,Deaths,age-adjusted rate
1992,A,Black or African American,85,150,All Origins,666,28,cvd_ihd,total,14.0311635126907,666,nvss,Deaths,age-adjusted rate
1992,A,Black or African American,25,34,All Origins,666,28,cvd_stroke,total,0.291659346797611,666,nvss,Deaths,age-adjusted rate
1992,A,Black or African American,35,44,All Origins,666,28,cvd_stroke,total,1.03749880497675,666,nvss,Deaths,age-adjusted rate
1992,A,Black or African American,45,54,All Origins,666,28,cvd_stroke,total,1.72934010471153,666,nvss,Deaths,age-adjusted rate
1992,A,Black or African American,55,64,All Origins,666,28,cvd_stroke,total,2.40948292781278,666,nvss,Deaths,age-adjusted rate
1992,A,Black or African American,65,74,All Origins,666,28,cvd_stroke,total,2.64419522655041,666,nvss,Deaths,age-adjusted rate
1992,A,Black or African American,75,84,All Origins,666,28,cvd_stroke,total,2.44827096814595,666,nvss,Deaths,age-adjusted rate
1992,A,Black or African American,85,150,All Origins,666,28,cvd_stroke,total,2.75120853190014,666,nvss,Deaths,age-adjusted rate
1992,A,Black or African American,65,74,All Origins,666,28,lri,total,0.278336339636885,666,nvss,Deaths,age-adjusted rate
1992,A,Black or African American,75,84,All Origins,666,28,lri,total,0.144015939302703,666,nvss,Deaths,age-adjusted rate
1992,A,Black or African American,25,34,All Origins,666,28,ncd_lri,total,17.1106816787932,666,nvss,Deaths,age-adjusted rate
1992,A,Black or African American,35,44,All Origins,666,28,ncd_lri,total,49.2811932363957,666,nvss,Deaths,age-adjusted rate
1992,A,Black or African American,45,54,All Origins,666,28,ncd_lri,total,106.258341989497,666,nvss,Deaths,age-adjusted rate
1992,A,Black or African American,55,64,All Origins,666,28,ncd_lri,total,151.315527866643,666,nvss,Deaths,age-adjusted rate
1992,A,Black or African American,65,74,All Origins,666,28,ncd_lri,total,223.921585237874,666,nvss,Deaths,age-adjusted rate
1992,A,Black or African American,75,84,All Origins,666,28,ncd_lri,total,272.76618903932,666,nvss,Deaths,age-adjusted rate
1992,A,Black or African American,85,150,All Origins,666,28,ncd_lri,total,192.171915953225,666,nvss,Deaths,age-adjusted rate
1992,A,Black or African American,25,34,All Origins,666,28,neo_lung,total,0.19443956453174,666,nvss,Deaths,age-adjusted rate
1992,A,Black or African American,35,44,All Origins,666,28,neo_lung,total,2.72343436306397,666,nvss,Deaths,age-adjusted rate
1992,A,Black or African American,45,54,All Origins,666,28,neo_lung,total,9.79959392669868,666,nvss,Deaths,age-adjusted rate
1992,A,Black or African American,55,64,All Origins,666,28,neo_lung,total,17.348277080252,666,nvss,Deaths,age-adjusted rate
1992,A,Black or African American,65,74,All Origins,666,28,neo_lung,total,20.1793846236742,666,nvss,Deaths,age-adjusted rate
1992,A,Black or African American,75,84,All Origins,666,28,neo_lung,total,11.665291083519,666,nvss,Deaths,age-adjusted rate
1992,A,Black or African American,85,150,All Origins,666,28,neo_lung,total,4.26437322444521,666,nvss,Deaths,age-adjusted rate
1992,A,Black or African American,25,34,All Origins,666,28,resp_copd,total,0.19443956453174,666,nvss,Deaths,age-adjusted rate
1992,A,Black or African American,35,44,All Origins,666,28,resp_copd,total,0.259374701244188,666,nvss,Deaths,age-adjusted rate
1992,A,Black or African American,45,54,All Origins,666,28,resp_copd,total,1.53719120418803,666,nvss,Deaths,age-adjusted rate
1992,A,Black or African American,55,64,All Origins,666,28,resp_copd,total,3.69454048931293,666,nvss,Deaths,age-adjusted rate
1992,A,Black or African American,65,74,All Origins,666,28,resp_copd,total,5.14922228328238,666,nvss,Deaths,age-adjusted rate
1992,A,Black or African American,75,84,All Origins,666,28,resp_copd,total,5.90465351141083,666,nvss,Deaths,age-adjusted rate
1992,A,Black or African American,85,150,All Origins,666,28,resp_copd,total,3.57657109147018,666,nvss,Deaths,age-adjusted rate
1992,A,Black or African American,25,34,All Origins,666,28,t2_dm,total,0.583318693595221,666,nvss,Deaths,age-adjusted rate
1992,A,Black or African American,35,44,All Origins,666,28,t2_dm,total,1.55624820746513,666,nvss,Deaths,age-adjusted rate
1992,A,Black or African American,45,54,All Origins,666,28,t2_dm,total,4.03512691099358,666,nvss,Deaths,age-adjusted rate
1992,A,Black or African American,55,64,All Origins,666,28,t2_dm,total,4.81896585562556,666,nvss,Deaths,age-adjusted rate
1992,A,Black or African American,65,74,All Origins,666,28,t2_dm,total,9.04593103819877,666,nvss,Deaths,age-adjusted rate
1992,A,Black or African American,75,84,All Origins,666,28,t2_dm,total,9.64906793328111,666,nvss,Deaths,age-adjusted rate
1992,A,Black or African American,85,150,All Origins,666,28,t2_dm,total,4.40193365104022,666,nvss,Deaths,age-adjusted rate
1992,A,Black or African American,25,34,All Origins,666,29,all-cause,overall,39.3840382385806,666,nvss,Deaths,age-adjusted rate
1992,A,Black or African American,35,44,All Origins,666,29,all-cause,overall,73.8304952590598,666,nvss,Deaths,age-adjusted rate
1992,A,Black or African American,45,54,All Origins,666,29,all-cause,overall,124.796619318009,666,nvss,Deaths,age-adjusted rate
1992,A,Black or African American,55,64,All Origins,666,29,all-cause,overall,177.965057552781,666,nvss,Deaths,age-adjusted rate
1992,A,Black or African American,65,74,All Origins,666,29,all-cause,overall,247.49250429078,666,nvss,Deaths,age-adjusted rate
1992,A,Black or African American,75,84,All Origins,666,29,all-cause,overall,317.681817852421,666,nvss,Deaths,age-adjusted rate
1992,A,Black or African American,85,150,All Origins,666,29,all-cause,overall,226.90644870826,666,nvss,Deaths,age-adjusted rate
1992,A,Black or African American,25,34,All Origins,666,29,cvd_ihd,total,0.14218064346058,666,nvss,Deaths,age-adjusted rate
1992,A,Black or African American,35,44,All Origins,666,29,cvd_ihd,total,3.2100215330026,666,nvss,Deaths,age-adjusted rate
1992,A,Black or African American,45,54,All Origins,666,29,cvd_ihd,total,7.88475372597442,666,nvss,Deaths,age-adjusted rate
1992,A,Black or African American,55,64,All Origins,666,29,cvd_ihd,total,18.9030242478343,666,nvss,Deaths,age-adjusted rate
1992,A,Black or African American,65,74,All Origins,666,29,cvd_ihd,total,26.1813951193683,666,nvss,Deaths,age-adjusted rate
1992,A,Black or African American,75,84,All Origins,666,29,cvd_ihd,total,44.2414032049643,666,nvss,Deaths,age-adjusted rate
1992,A,Black or African American,85,150,All Origins,666,29,cvd_ihd,total,43.4081901876671,666,nvss,Deaths,age-adjusted rate
1992,A,Black or African American,25,34,All Origins,666,29,cvd_stroke,total,0.42654193038174,666,nvss,Deaths,age-adjusted rate
1992,A,Black or African American,35,44,All Origins,666,29,cvd_stroke,total,2.00626345812663,666,nvss,Deaths,age-adjusted rate
1992,A,Black or African American,45,54,All Origins,666,29,cvd_stroke,total,1.90321641661452,666,nvss,Deaths,age-adjusted rate
1992,A,Black or African American,55,64,All Origins,666,29,cvd_stroke,total,2.30524685949199,666,nvss,Deaths,age-adjusted rate
1992,A,Black or African American,65,74,All Origins,666,29,cvd_stroke,total,4.02790694144127,666,nvss,Deaths,age-adjusted rate
1992,A,Black or African American,75,84,All Origins,666,29,cvd_stroke,total,5.13771133993134,666,nvss,Deaths,age-adjusted rate
1992,A,Black or African American,85,150,All Origins,666,29,cvd_stroke,total,2.25497091883985,666,nvss,Deaths,age-adjusted rate
1992,A,Black or African American,25,34,All Origins,666,29,lri,total,0.28436128692116,666,nvss,Deaths,age-adjusted rate
1992,A,Black or African American,45,54,All Origins,666,29,lri,total,0.271888059516359,666,nvss,Deaths,age-adjusted rate
1992,A,Black or African American,65,74,All Origins,666,29,lri,total,0.223772607857848,666,nvss,Deaths,age-adjusted rate
1992,A,Black or African American,85,150,All Origins,666,29,lri,total,0.281871364854981,666,nvss,Deaths,age-adjusted rate
1992,A,Black or African American,25,34,All Origins,666,29,ncd_lri,total,16.4929546414273,666,nvss,Deaths,age-adjusted rate
1992,A,Black or African American,35,44,All Origins,666,29,ncd_lri,total,49.5547074157277,666,nvss,Deaths,age-adjusted rate
1992,A,Black or African American,45,54,All Origins,666,29,ncd_lri,total,109.842776044609,666,nvss,Deaths,age-adjusted rate
1992,A,Black or African American,55,64,All Origins,666,29,ncd_lri,total,166.669347941271,666,nvss,Deaths,age-adjusted rate
1992,A,Black or African American,65,74,All Origins,666,29,ncd_lri,total,234.289920427167,666,nvss,Deaths,age-adjusted rate
1992,A,Black or African American,75,84,All Origins,666,29,ncd_lri,total,289.995262298347,666,nvss,Deaths,age-adjusted rate
1992,A,Black or African American,85,150,All Origins,666,29,ncd_lri,total,202.665511330732,666,nvss,Deaths,age-adjusted rate
1992,A,Black or African American,25,34,All Origins,666,29,neo_lung,total,0.14218064346058,666,nvss,Deaths,age-adjusted rate
1992,A,Black or African American,35,44,All Origins,666,29,neo_lung,total,1.80563711231396,666,nvss,Deaths,age-adjusted rate
1992,A,Black or African American,45,54,All Origins,666,29,neo_lung,total,15.7695074519488,666,nvss,Deaths,age-adjusted rate
1992,A,Black or African American,55,64,All Origins,666,29,neo_lung,total,24.6661413965643,666,nvss,Deaths,age-adjusted rate
1992,A,Black or African American,65,74,All Origins,666,29,neo_lung,total,28.8666664136624,666,nvss,Deaths,age-adjusted rate
1992,A,Black or African American,75,84,All Origins,666,29,neo_lung,total,18.5528465053076,666,nvss,Deaths,age-adjusted rate
1992,A,Black or African American,85,150,All Origins,666,29,neo_lung,total,6.48304139166457,666,nvss,Deaths,age-adjusted rate
1992,A,Black or African American,25,34,All Origins,666,29,resp_copd,total,0.28436128692116,666,nvss,Deaths,age-adjusted rate
1992,A,Black or African American,35,44,All Origins,666,29,resp_copd,total,1.00313172906331,666,nvss,Deaths,age-adjusted rate
1992,A,Black or African American,45,54,All Origins,666,29,resp_copd,total,2.44699253564723,666,nvss,Deaths,age-adjusted rate
1992,A,Black or African American,55,64,All Origins,666,29,resp_copd,total,4.37996903303477,666,nvss,Deaths,age-adjusted rate
1992,A,Black or African American,65,74,All Origins,666,29,resp_copd,total,9.39844953002963,666,nvss,Deaths,age-adjusted rate
1992,A,Black or African American,75,84,All Origins,666,29,resp_copd,total,10.2754226798627,666,nvss,Deaths,age-adjusted rate
1992,A,Black or African American,85,150,All Origins,666,29,resp_copd,total,3.94619910796974,666,nvss,Deaths,age-adjusted rate
1992,A,Black or African American,25,34,All Origins,666,29,t2_dm,total,0.853083860763479,666,nvss,Deaths,age-adjusted rate
1992,A,Black or African American,35,44,All Origins,666,29,t2_dm,total,1.6050107665013,666,nvss,Deaths,age-adjusted rate
1992,A,Black or African American,45,54,All Origins,666,29,t2_dm,total,4.62209701177811,666,nvss,Deaths,age-adjusted rate
1992,A,Black or African American,55,64,All Origins,666,29,t2_dm,total,8.06836400822195,666,nvss,Deaths,age-adjusted rate
1992,A,Black or African American,65,74,All Origins,666,29,t2_dm,total,10.0697673536032,666,nvss,Deaths,age-adjusted rate
1992,A,Black or African American,75,84,All Origins,666,29,t2_dm,total,10.8462794954106,666,nvss,Deaths,age-adjusted rate
1992,A,Black or African American,85,150,All Origins,666,29,t2_dm,total,4.22807047282472,666,nvss,Deaths,age-adjusted rate
1992,A,Black or African American,45,54,All Origins,666,30,all-cause,overall,123.701583922342,666,nvss,Deaths,age-adjusted rate
1992,A,Black or African American,55,64,All Origins,666,30,all-cause,overall,226.620735423513,666,nvss,Deaths,age-adjusted rate
1992,A,Black or African American,65,74,All Origins,666,30,all-cause,overall,322.123397945615,666,nvss,Deaths,age-adjusted rate
1992,A,Black or African American,75,84,All Origins,666,30,all-cause,overall,1630.57464950144,666,nvss,Deaths,age-adjusted rate
1992,A,Black or African American,85,150,All Origins,666,30,all-cause,overall,387.714062358027,666,nvss,Deaths,age-adjusted rate
1992,A,Black or African American,45,54,All Origins,666,30,ncd_lri,total,123.701583922342,666,nvss,Deaths,age-adjusted rate
1992,A,Black or African American,55,64,All Origins,666,30,ncd_lri,total,226.620735423513,666,nvss,Deaths,age-adjusted rate
1992,A,Black or African American,65,74,All Origins,666,30,ncd_lri,total,322.123397945615,666,nvss,Deaths,age-adjusted rate
1992,A,Black or African American,75,84,All Origins,666,30,ncd_lri,total,1630.57464950144,666,nvss,Deaths,age-adjusted rate
1992,A,Black or African American,85,150,All Origins,666,30,ncd_lri,total,387.714062358027,666,nvss,Deaths,age-adjusted rate
1992,A,Black or African American,75,84,All Origins,666,30,neo_lung,total,407.643662375361,666,nvss,Deaths,age-adjusted rate
1992,A,Black or African American,25,34,All Origins,666,31,all-cause,overall,20.5708761711372,666,nvss,Deaths,age-adjusted rate
1992,A,Black or African American,35,44,All Origins,666,31,all-cause,overall,60.0419712264138,666,nvss,Deaths,age-adjusted rate
1992,A,Black or African American,45,54,All Origins,666,31,all-cause,overall,110.997922597533,666,nvss,Deaths,age-adjusted rate
1992,A,Black or African American,55,64,All Origins,666,31,all-cause,overall,169.833871884065,666,nvss,Deaths,age-adjusted rate
1992,A,Black or African American,65,74,All Origins,666,31,all-cause,overall,250.201394344767,666,nvss,Deaths,age-adjusted rate
1992,A,Black or African American,75,84,All Origins,666,31,all-cause,overall,403.35267645562,666,nvss,Deaths,age-adjusted rate
1992,A,Black or African American,85,150,All Origins,666,31,all-cause,overall,178.088755915649,666,nvss,Deaths,age-adjusted rate
1992,A,Black or African American,35,44,All Origins,666,31,cvd_ihd,total,2.00139904088046,666,nvss,Deaths,age-adjusted rate
1992,A,Black or African American,45,54,All Origins,666,31,cvd_ihd,total,5.54989612987664,666,nvss,Deaths,age-adjusted rate
1992,A,Black or African American,55,64,All Origins,666,31,cvd_ihd,total,15.2090034523044,666,nvss,Deaths,age-adjusted rate
1992,A,Black or African American,65,74,All Origins,666,31,cvd_ihd,total,23.8287042233112,666,nvss,Deaths,age-adjusted rate
1992,A,Black or African American,75,84,All Origins,666,31,cvd_ihd,total,38.6188732776657,666,nvss,Deaths,age-adjusted rate
1992,A,Black or African American,85,150,All Origins,666,31,cvd_ihd,total,74.2036482981869,666,nvss,Deaths,age-adjusted rate
1992,A,Black or African American,35,44,All Origins,666,31,cvd_stroke,total,2.00139904088046,666,nvss,Deaths,age-adjusted rate
1992,A,Black or African American,45,54,All Origins,666,31,cvd_stroke,total,2.77494806493832,666,nvss,Deaths,age-adjusted rate
1992,A,Black or African American,75,84,All Origins,666,31,cvd_stroke,total,17.1639436789626,666,nvss,Deaths,age-adjusted rate
1992,A,Black or African American,25,34,All Origins,666,31,ncd_lri,total,5.14271904278431,666,nvss,Deaths,age-adjusted rate
1992,A,Black or African American,35,44,All Origins,666,31,ncd_lri,total,42.0293798584897,666,nvss,Deaths,age-adjusted rate
1992,A,Black or African American,45,54,All Origins,666,31,ncd_lri,total,88.7983380780262,666,nvss,Deaths,age-adjusted rate
1992,A,Black or African American,55,64,All Origins,666,31,ncd_lri,total,152.090034523044,666,nvss,Deaths,age-adjusted rate
1992,A,Black or African American,65,74,All Origins,666,31,ncd_lri,total,232.329866177284,666,nvss,Deaths,age-adjusted rate
1992,A,Black or African American,75,84,All Origins,666,31,ncd_lri,total,386.188732776657,666,nvss,Deaths,age-adjusted rate
1992,A,Black or African American,85,150,All Origins,666,31,ncd_lri,total,170.66839108583,666,nvss,Deaths,age-adjusted rate
1992,A,Black or African American,35,44,All Origins,666,31,neo_lung,total,2.00139904088046,666,nvss,Deaths,age-adjusted rate
1992,A,Black or African American,45,54,All Origins,666,31,neo_lung,total,11.0997922597533,666,nvss,Deaths,age-adjusted rate
1992,A,Black or African American,55,64,All Origins,666,31,neo_lung,total,17.7438373610218,666,nvss,Deaths,age-adjusted rate
1992,A,Black or African American,65,74,All Origins,666,31,neo_lung,total,32.7644683070528,666,nvss,Deaths,age-adjusted rate
1992,A,Black or African American,75,84,All Origins,666,31,neo_lung,total,12.8729577592219,666,nvss,Deaths,age-adjusted rate
1992,A,Black or African American,85,150,All Origins,666,31,neo_lung,total,7.42036482981869,666,nvss,Deaths,age-adjusted rate
1992,A,Black or African American,45,54,All Origins,666,31,resp_copd,total,5.54989612987664,666,nvss,Deaths,age-adjusted rate
1992,A,Black or African American,65,74,All Origins,666,31,resp_copd,total,14.8929401395695,666,nvss,Deaths,age-adjusted rate
1992,A,Black or African American,75,84,All Origins,666,31,resp_copd,total,8.58197183948128,666,nvss,Deaths,age-adjusted rate
1992,A,Black or African American,85,150,All Origins,666,31,resp_copd,total,7.42036482981869,666,nvss,Deaths,age-adjusted rate
1992,A,Black or African American,45,54,All Origins,666,31,t2_dm,total,5.54989612987664,666,nvss,Deaths,age-adjusted rate
1992,A,Black or African American,55,64,All Origins,666,31,t2_dm,total,10.1393356348696,666,nvss,Deaths,age-adjusted rate
1992,A,Black or African American,65,74,All Origins,666,31,t2_dm,total,11.9143521116556,666,nvss,Deaths,age-adjusted rate
1992,A,Black or African American,75,84,All Origins,666,31,t2_dm,total,21.4549295987032,666,nvss,Deaths,age-adjusted rate
1992,A,Black or African American,25,34,All Origins,666,32,all-cause,overall,37.3787515895527,666,nvss,Deaths,age-adjusted rate
1992,A,Black or African American,35,44,All Origins,666,32,all-cause,overall,81.3786407187558,666,nvss,Deaths,age-adjusted rate
1992,A,Black or African American,45,54,All Origins,666,32,all-cause,overall,103.206827672492,666,nvss,Deaths,age-adjusted rate
1992,A,Black or African American,55,64,All Origins,666,32,all-cause,overall,149.73011049791,666,nvss,Deaths,age-adjusted rate
1992,A,Black or African American,65,74,All Origins,666,32,all-cause,overall,162.038112274894,666,nvss,Deaths,age-adjusted rate
1992,A,Black or African American,75,84,All Origins,666,32,all-cause,overall,317.488580322576,666,nvss,Deaths,age-adjusted rate
1992,A,Black or African American,85,150,All Origins,666,32,all-cause,overall,242.160278150528,666,nvss,Deaths,age-adjusted rate
1992,A,Black or African American,25,34,All Origins,666,32,cvd_ihd,total,0.732916697834367,666,nvss,Deaths,age-adjusted rate
1992,A,Black or African American,45,54,All Origins,666,32,cvd_ihd,total,6.65850501112854,666,nvss,Deaths,age-adjusted rate
1992,A,Black or African American,55,64,All Origins,666,32,cvd_ihd,total,6.23875460407956,666,nvss,Deaths,age-adjusted rate
1992,A,Black or African American,65,74,All Origins,666,32,cvd_ihd,total,9.53165366322908,666,nvss,Deaths,age-adjusted rate
1992,A,Black or African American,75,84,All Origins,666,32,cvd_ihd,total,21.4037245161287,666,nvss,Deaths,age-adjusted rate
1992,A,Black or African American,85,150,All Origins,666,32,cvd_ihd,total,41.2187707490261,666,nvss,Deaths,age-adjusted rate
1992,A,Black or African American,25,34,All Origins,666,32,cvd_stroke,total,1.46583339566873,666,nvss,Deaths,age-adjusted rate
1992,A,Black or African American,35,44,All Origins,666,32,cvd_stroke,total,1.19674471645229,666,nvss,Deaths,age-adjusted rate
1992,A,Black or African American,55,64,All Origins,666,32,cvd_stroke,total,1.55968865101989,666,nvss,Deaths,age-adjusted rate
1992,A,Black or African American,65,74,All Origins,666,32,cvd_stroke,total,5.71899219793745,666,nvss,Deaths,age-adjusted rate
1992,A,Black or African American,85,150,All Origins,666,32,cvd_stroke,total,5.15234634362826,666,nvss,Deaths,age-adjusted rate
1992,A,Black or African American,25,34,All Origins,666,32,ncd_lri,total,14.6583339566873,666,nvss,Deaths,age-adjusted rate
1992,A,Black or African American,35,44,All Origins,666,32,ncd_lri,total,51.4600228074486,666,nvss,Deaths,age-adjusted rate
1992,A,Black or African American,45,54,All Origins,666,32,ncd_lri,total,93.2190701557996,666,nvss,Deaths,age-adjusted rate
1992,A,Black or African American,55,64,All Origins,666,32,ncd_lri,total,141.93166724281,666,nvss,Deaths,age-adjusted rate
1992,A,Black or African American,65,74,All Origins,666,32,ncd_lri,total,152.506458611665,666,nvss,Deaths,age-adjusted rate
1992,A,Black or African American,75,84,All Origins,666,32,ncd_lri,total,299.652143225802,666,nvss,Deaths,age-adjusted rate
1992,A,Black or African American,85,150,All Origins,666,32,ncd_lri,total,231.855585463272,666,nvss,Deaths,age-adjusted rate
1992,A,Black or African American,35,44,All Origins,666,32,neo_lung,total,4.78697886580917,666,nvss,Deaths,age-adjusted rate
1992,A,Black or African American,45,54,All Origins,666,32,neo_lung,total,13.3170100222571,666,nvss,Deaths,age-adjusted rate
1992,A,Black or African American,55,64,All Origins,666,32,neo_lung,total,21.8356411142785,666,nvss,Deaths,age-adjusted rate
1992,A,Black or African American,65,74,All Origins,666,32,neo_lung,total,19.0633073264582,666,nvss,Deaths,age-adjusted rate
1992,A,Black or African American,75,84,All Origins,666,32,neo_lung,total,10.7018622580644,666,nvss,Deaths,age-adjusted rate
1992,A,Black or African American,45,54,All Origins,666,32,resp_copd,total,3.32925250556427,666,nvss,Deaths,age-adjusted rate
1992,A,Black or African American,55,64,All Origins,666,32,resp_copd,total,3.11937730203978,666,nvss,Deaths,age-adjusted rate
1992,A,Black or African American,65,74,All Origins,666,32,resp_copd,total,7.62532293058326,666,nvss,Deaths,age-adjusted rate
1992,A,Black or African American,75,84,All Origins,666,32,resp_copd,total,21.4037245161287,666,nvss,Deaths,age-adjusted rate
1992,A,Black or African American,85,150,All Origins,666,32,resp_copd,total,10.3046926872565,666,nvss,Deaths,age-adjusted rate
1992,A,Black or African American,45,54,All Origins,666,32,t2_dm,total,3.32925250556427,666,nvss,Deaths,age-adjusted rate
1992,A,Black or African American,55,64,All Origins,666,32,t2_dm,total,7.79844325509945,666,nvss,Deaths,age-adjusted rate
1992,A,Black or African American,65,74,All Origins,666,32,t2_dm,total,5.71899219793745,666,nvss,Deaths,age-adjusted rate
1992,A,Black or African American,85,150,All Origins,666,32,t2_dm,total,5.15234634362826,666,nvss,Deaths,age-adjusted rate
1992,A,Black or African American,25,34,All Origins,666,33,all-cause,overall,10.6000727729008,666,nvss,Deaths,age-adjusted rate
1992,A,Black or African American,35,44,All Origins,666,33,all-cause,overall,13.970246741541,666,nvss,Deaths,age-adjusted rate
1992,A,Black or African American,45,54,All Origins,666,33,all-cause,overall,47.2275749475842,666,nvss,Deaths,age-adjusted rate
1992,A,Black or African American,55,64,All Origins,666,33,all-cause,overall,100.865876460177,666,nvss,Deaths,age-adjusted rate
1992,A,Black or African American,65,74,All Origins,666,33,all-cause,overall,237.252562558746,666,nvss,Deaths,age-adjusted rate
1992,A,Black or African American,75,84,All Origins,666,33,all-cause,overall,72.3238755827253,666,nvss,Deaths,age-adjusted rate
1992,A,Black or African American,85,150,All Origins,666,33,all-cause,overall,62.0342499772843,666,nvss,Deaths,age-adjusted rate
1992,A,Black or African American,25,34,All Origins,666,33,ncd_lri,total,10.6000727729008,666,nvss,Deaths,age-adjusted rate
1992,A,Black or African American,35,44,All Origins,666,33,ncd_lri,total,13.970246741541,666,nvss,Deaths,age-adjusted rate
1992,A,Black or African American,45,54,All Origins,666,33,ncd_lri,total,23.6137874737921,666,nvss,Deaths,age-adjusted rate
1992,A,Black or African American,55,64,All Origins,666,33,ncd_lri,total,100.865876460177,666,nvss,Deaths,age-adjusted rate
1992,A,Black or African American,65,74,All Origins,666,33,ncd_lri,total,237.252562558746,666,nvss,Deaths,age-adjusted rate
1992,A,Black or African American,75,84,All Origins,666,33,ncd_lri,total,72.3238755827253,666,nvss,Deaths,age-adjusted rate
1992,A,Black or African American,85,150,All Origins,666,33,ncd_lri,total,62.0342499772843,666,nvss,Deaths,age-adjusted rate
1992,A,Black or African American,45,54,All Origins,666,33,neo_lung,total,23.6137874737921,666,nvss,Deaths,age-adjusted rate
1992,A,Black or African American,55,64,All Origins,666,33,neo_lung,total,25.2164691150441,666,nvss,Deaths,age-adjusted rate
1992,A,Black or African American,65,74,All Origins,666,33,neo_lung,total,39.542093759791,666,nvss,Deaths,age-adjusted rate
1992,A,Black or African American,75,84,All Origins,666,33,resp_copd,total,72.3238755827253,666,nvss,Deaths,age-adjusted rate
1992,A,Black or African American,65,74,All Origins,666,33,t2_dm,total,39.542093759791,666,nvss,Deaths,age-adjusted rate
1992,A,Black or African American,25,34,All Origins,666,34,all-cause,overall,46.0938218102227,666,nvss,Deaths,age-adjusted rate
1992,A,Black or African American,35,44,All Origins,666,34,all-cause,overall,112.299441980667,666,nvss,Deaths,age-adjusted rate
1992,A,Black or African American,45,54,All Origins,666,34,all-cause,overall,128.840179216998,666,nvss,Deaths,age-adjusted rate
1992,A,Black or African American,55,64,All Origins,666,34,all-cause,overall,152.727443301409,666,nvss,Deaths,age-adjusted rate
1992,A,Black or African American,65,74,All Origins,666,34,all-cause,overall,229.602816875977,666,nvss,Deaths,age-adjusted rate
1992,A,Black or African American,75,84,All Origins,666,34,all-cause,overall,289.057041735921,666,nvss,Deaths,age-adjusted rate
1992,A,Black or African American,85,150,All Origins,666,34,all-cause,overall,203.525639913703,666,nvss,Deaths,age-adjusted rate
1992,A,Black or African American,25,34,All Origins,666,34,cvd_ihd,total,0.0656607148293771,666,nvss,Deaths,age-adjusted rate
1992,A,Black or African American,35,44,All Origins,666,34,cvd_ihd,total,1.16573815204844,666,nvss,Deaths,age-adjusted rate
1992,A,Black or African American,45,54,All Origins,666,34,cvd_ihd,total,4.31866522515077,666,nvss,Deaths,age-adjusted rate
1992,A,Black or African American,55,64,All Origins,666,34,cvd_ihd,total,10.6502961899616,666,nvss,Deaths,age-adjusted rate
1992,A,Black or African American,65,74,All Origins,666,34,cvd_ihd,total,18.9533627227261,666,nvss,Deaths,age-adjusted rate
1992,A,Black or African American,75,84,All Origins,666,34,cvd_ihd,total,30.1377505809911,666,nvss,Deaths,age-adjusted rate
1992,A,Black or African American,85,150,All Origins,666,34,cvd_ihd,total,30.5744795386056,666,nvss,Deaths,age-adjusted rate
1992,A,Black or African American,25,34,All Origins,666,34,cvd_stroke,total,0.262642859317509,666,nvss,Deaths,age-adjusted rate
1992,A,Black or African American,35,44,All Origins,666,34,cvd_stroke,total,0.777158768032295,666,nvss,Deaths,age-adjusted rate
1992,A,Black or African American,45,54,All Origins,666,34,cvd_stroke,total,2.03936968965453,666,nvss,Deaths,age-adjusted rate
1992,A,Black or African American,55,64,All Origins,666,34,cvd_stroke,total,1.53715615112848,666,nvss,Deaths,age-adjusted rate
1992,A,Black or African American,65,74,All Origins,666,34,cvd_stroke,total,3.56170574655256,666,nvss,Deaths,age-adjusted rate
1992,A,Black or African American,75,84,All Origins,666,34,cvd_stroke,total,3.41182082048955,666,nvss,Deaths,age-adjusted rate
1992,A,Black or African American,85,150,All Origins,666,34,cvd_stroke,total,5.01969067051734,666,nvss,Deaths,age-adjusted rate
1992,A,Black or African American,75,84,All Origins,666,34,lri,total,0.379091202276617,666,nvss,Deaths,age-adjusted rate
1992,A,Black or African American,25,34,All Origins,666,34,ncd_lri,total,30.2695895363429,666,nvss,Deaths,age-adjusted rate
1992,A,Black or African American,35,44,All Origins,666,34,ncd_lri,total,90.2475619377502,666,nvss,Deaths,age-adjusted rate
1992,A,Black or African American,45,54,All Origins,666,34,ncd_lri,total,111.925407085157,666,nvss,Deaths,age-adjusted rate
1992,A,Black or African American,55,64,All Origins,666,34,ncd_lri,total,142.955522054949,666,nvss,Deaths,age-adjusted rate
1992,A,Black or African American,65,74,All Origins,666,34,ncd_lri,total,216.628031656393,666,nvss,Deaths,age-adjusted rate
1992,A,Black or African American,75,84,All Origins,666,34,ncd_lri,total,269.344299217537,666,nvss,Deaths,age-adjusted rate
1992,A,Black or African American,85,150,All Origins,666,34,ncd_lri,total,186.869393597896,666,nvss,Deaths,age-adjusted rate
1992,A,Black or African American,25,34,All Origins,666,34,neo_lung,total,0.131321429658754,666,nvss,Deaths,age-adjusted rate
1992,A,Black or African American,35,44,All Origins,666,34,neo_lung,total,2.42862115010092,666,nvss,Deaths,age-adjusted rate
1992,A,Black or African American,45,54,All Origins,666,34,neo_lung,total,10.1968484482726,666,nvss,Deaths,age-adjusted rate
1992,A,Black or African American,55,64,All Origins,666,34,neo_lung,total,15.9205458509736,666,nvss,Deaths,age-adjusted rate
1992,A,Black or African American,65,74,All Origins,666,34,neo_lung,total,23.1510873525916,666,nvss,Deaths,age-adjusted rate
1992,A,Black or African American,75,84,All Origins,666,34,neo_lung,total,18.0068321081393,666,nvss,Deaths,age-adjusted rate
1992,A,Black or African American,85,150,All Origins,666,34,neo_lung,total,3.42251636626182,666,nvss,Deaths,age-adjusted rate
1992,A,Black or African American,25,34,All Origins,666,34,resp_copd,total,0.393964288976263,666,nvss,Deaths,age-adjusted rate
1992,A,Black or African American,35,44,All Origins,666,34,resp_copd,total,0.680013922028258,666,nvss,Deaths,age-adjusted rate
1992,A,Black or African American,45,54,All Origins,666,34,resp_copd,total,1.91940676673367,666,nvss,Deaths,age-adjusted rate
1992,A,Black or African American,55,64,All Origins,666,34,resp_copd,total,2.52532796256822,666,nvss,Deaths,age-adjusted rate
1992,A,Black or African American,65,74,All Origins,666,34,resp_copd,total,8.7770605897188,666,nvss,Deaths,age-adjusted rate
1992,A,Black or African American,75,84,All Origins,666,34,resp_copd,total,11.3727360682985,666,nvss,Deaths,age-adjusted rate
1992,A,Black or African American,85,150,All Origins,666,34,resp_copd,total,5.93236170152049,666,nvss,Deaths,age-adjusted rate
1992,A,Black or African American,25,34,All Origins,666,34,t2_dm,total,0.525285718635017,666,nvss,Deaths,age-adjusted rate
1992,A,Black or African American,35,44,All Origins,666,34,t2_dm,total,1.16573815204844,666,nvss,Deaths,age-adjusted rate
1992,A,Black or African American,45,54,All Origins,666,34,t2_dm,total,3.59888768762564,666,nvss,Deaths,age-adjusted rate
1992,A,Black or African American,55,64,All Origins,666,34,t2_dm,total,7.46618701976692,666,nvss,Deaths,age-adjusted rate
1992,A,Black or African American,65,74,All Origins,666,34,t2_dm,total,13.6108041028973,666,nvss,Deaths,age-adjusted rate
1992,A,Black or African American,75,84,All Origins,666,34,t2_dm,total,16.6800129001712,666,nvss,Deaths,age-adjusted rate
1992,A,Black or African American,85,150,All Origins,666,34,t2_dm,total,10.0393813410347,666,nvss,Deaths,age-adjusted rate
1992,A,Black or African American,25,34,All Origins,666,35,all-cause,overall,30.1852581220677,666,nvss,Deaths,age-adjusted rate
1992,A,Black or African American,35,44,All Origins,666,35,all-cause,overall,66.3342485140304,666,nvss,Deaths,age-adjusted rate
1992,A,Black or African American,45,54,All Origins,666,35,all-cause,overall,75.5517705315762,666,nvss,Deaths,age-adjusted rate
1992,A,Black or African American,55,64,All Origins,666,35,all-cause,overall,77.3636303687167,666,nvss,Deaths,age-adjusted rate
1992,A,Black or African American,65,74,All Origins,666,35,all-cause,overall,197.414937455459,666,nvss,Deaths,age-adjusted rate
1992,A,Black or African American,75,84,All Origins,666,35,all-cause,overall,252.811648179378,666,nvss,Deaths,age-adjusted rate
1992,A,Black or African American,85,150,All Origins,666,35,all-cause,overall,178.348468684692,666,nvss,Deaths,age-adjusted rate
1992,A,Black or African American,45,54,All Origins,666,35,cvd_ihd,total,5.03678470210508,666,nvss,Deaths,age-adjusted rate
1992,A,Black or African American,55,64,All Origins,666,35,cvd_ihd,total,4.2979794649287,666,nvss,Deaths,age-adjusted rate
1992,A,Black or African American,65,74,All Origins,666,35,cvd_ihd,total,14.8061203091594,666,nvss,Deaths,age-adjusted rate
1992,A,Black or African American,75,84,All Origins,666,35,cvd_ihd,total,26.6117524399345,666,nvss,Deaths,age-adjusted rate
1992,A,Black or African American,85,150,All Origins,666,35,cvd_ihd,total,23.2628437414816,666,nvss,Deaths,age-adjusted rate
1992,A,Black or African American,75,84,All Origins,666,35,cvd_stroke,total,6.65293810998363,666,nvss,Deaths,age-adjusted rate
1992,A,Black or African American,25,34,All Origins,666,35,ncd_lri,total,6.46826959758594,666,nvss,Deaths,age-adjusted rate
1992,A,Black or African American,35,44,All Origins,666,35,ncd_lri,total,47.3816060814503,666,nvss,Deaths,age-adjusted rate
1992,A,Black or African American,45,54,All Origins,666,35,ncd_lri,total,70.5149858294711,666,nvss,Deaths,age-adjusted rate
1992,A,Black or African American,55,64,All Origins,666,35,ncd_lri,total,60.1717125090019,666,nvss,Deaths,age-adjusted rate
1992,A,Black or African American,65,74,All Origins,666,35,ncd_lri,total,177.673443709913,666,nvss,Deaths,age-adjusted rate
1992,A,Black or African American,75,84,All Origins,666,35,ncd_lri,total,239.505771959411,666,nvss,Deaths,age-adjusted rate
1992,A,Black or African American,85,150,All Origins,666,35,ncd_lri,total,147.33134369605,666,nvss,Deaths,age-adjusted rate
1992,A,Black or African American,35,44,All Origins,666,35,neo_lung,total,6.31754747752671,666,nvss,Deaths,age-adjusted rate
1992,A,Black or African American,45,54,All Origins,666,35,neo_lung,total,5.03678470210508,666,nvss,Deaths,age-adjusted rate
1992,A,Black or African American,55,64,All Origins,666,35,neo_lung,total,4.2979794649287,666,nvss,Deaths,age-adjusted rate
1992,A,Black or African American,65,74,All Origins,666,35,neo_lung,total,9.87074687277295,666,nvss,Deaths,age-adjusted rate
1992,A,Black or African American,75,84,All Origins,666,35,neo_lung,total,6.65293810998363,666,nvss,Deaths,age-adjusted rate
1992,A,Black or African American,45,54,All Origins,666,35,resp_copd,total,10.0735694042102,666,nvss,Deaths,age-adjusted rate
1992,A,Black or African American,65,74,All Origins,666,35,resp_copd,total,9.87074687277295,666,nvss,Deaths,age-adjusted rate
1992,A,Black or African American,75,84,All Origins,666,35,resp_copd,total,33.2646905499182,666,nvss,Deaths,age-adjusted rate
1992,A,Black or African American,85,150,All Origins,666,35,resp_copd,total,7.75428124716054,666,nvss,Deaths,age-adjusted rate
1992,A,Black or African American,65,74,All Origins,666,35,t2_dm,total,4.93537343638648,666,nvss,Deaths,age-adjusted rate
1992,A,Black or African American,75,84,All Origins,666,35,t2_dm,total,19.9588143299509,666,nvss,Deaths,age-adjusted rate
1992,A,Black or African American,85,150,All Origins,666,35,t2_dm,total,15.5085624943211,666,nvss,Deaths,age-adjusted rate
1992,A,Black or African American,25,34,All Origins,666,36,all-cause,overall,43.3014263090261,666,nvss,Deaths,age-adjusted rate
1992,A,Black or African American,35,44,All Origins,666,36,all-cause,overall,107.82258943165,666,nvss,Deaths,age-adjusted rate
1992,A,Black or African American,45,54,All Origins,666,36,all-cause,overall,116.669919885818,666,nvss,Deaths,age-adjusted rate
1992,A,Black or African American,55,64,All Origins,666,36,all-cause,overall,143.169556455739,666,nvss,Deaths,age-adjusted rate
1992,A,Black or African American,65,74,All Origins,666,36,all-cause,overall,204.886533584596,666,nvss,Deaths,age-adjusted rate
1992,A,Black or African American,75,84,All Origins,666,36,all-cause,overall,253.689540166394,666,nvss,Deaths,age-adjusted rate
1992,A,Black or African American,85,150,All Origins,666,36,all-cause,overall,195.803945408932,666,nvss,Deaths,age-adjusted rate
1992,A,Black or African American,25,34,All Origins,666,36,cvd_ihd,total,0.190650198388668,666,nvss,Deaths,age-adjusted rate
1992,A,Black or African American,35,44,All Origins,666,36,cvd_ihd,total,1.59582983071296,666,nvss,Deaths,age-adjusted rate
1992,A,Black or African American,45,54,All Origins,666,36,cvd_ihd,total,7.82769430543825,666,nvss,Deaths,age-adjusted rate
1992,A,Black or African American,55,64,All Origins,666,36,cvd_ihd,total,17.4340748279889,666,nvss,Deaths,age-adjusted rate
1992,A,Black or African American,65,74,All Origins,666,36,cvd_ihd,total,34.846430903774,666,nvss,Deaths,age-adjusted rate
1992,A,Black or African American,75,84,All Origins,666,36,cvd_ihd,total,62.4446163670612,666,nvss,Deaths,age-adjusted rate
1992,A,Black or African American,85,150,All Origins,666,36,cvd_ihd,total,63.0959142267418,666,nvss,Deaths,age-adjusted rate
1992,A,Black or African American,25,34,All Origins,666,36,cvd_stroke,total,0.238312747985834,666,nvss,Deaths,age-adjusted rate
1992,A,Black or African American,35,44,All Origins,666,36,cvd_stroke,total,1.07545053808917,666,nvss,Deaths,age-adjusted rate
1992,A,Black or African American,45,54,All Origins,666,36,cvd_stroke,total,1.57382213548494,666,nvss,Deaths,age-adjusted rate
1992,A,Black or African American,55,64,All Origins,666,36,cvd_stroke,total,1.67335986072215,666,nvss,Deaths,age-adjusted rate
1992,A,Black or African American,65,74,All Origins,666,36,cvd_stroke,total,1.87768988579233,666,nvss,Deaths,age-adjusted rate
1992,A,Black or African American,75,84,All Origins,666,36,cvd_stroke,total,1.92239264824286,666,nvss,Deaths,age-adjusted rate
1992,A,Black or African American,85,150,All Origins,666,36,cvd_stroke,total,1.1125224170962,666,nvss,Deaths,age-adjusted rate
1992,A,Black or African American,25,34,All Origins,666,36,lri,total,0.0238312747985834,666,nvss,Deaths,age-adjusted rate
1992,A,Black or African American,45,54,All Origins,666,36,lri,total,0.0414163719864458,666,nvss,Deaths,age-adjusted rate
1992,A,Black or African American,55,64,All Origins,666,36,lri,total,0.0389153455981894,666,nvss,Deaths,age-adjusted rate
1992,A,Black or African American,65,74,All Origins,666,36,lri,total,0.0436672066463333,666,nvss,Deaths,age-adjusted rate
1992,A,Black or African American,25,34,All Origins,666,36,ncd_lri,total,23.9504311725764,666,nvss,Deaths,age-adjusted rate
1992,A,Black or African American,35,44,All Origins,666,36,ncd_lri,total,84.0932936880049,666,nvss,Deaths,age-adjusted rate
1992,A,Black or African American,45,54,All Origins,666,36,ncd_lri,total,100.517534811104,666,nvss,Deaths,age-adjusted rate
1992,A,Black or African American,55,64,All Origins,666,36,ncd_lri,total,132.312175033844,666,nvss,Deaths,age-adjusted rate
1992,A,Black or African American,65,74,All Origins,666,36,ncd_lri,total,191.917373210635,666,nvss,Deaths,age-adjusted rate
1992,A,Black or African American,75,84,All Origins,666,36,ncd_lri,total,236.321716930545,666,nvss,Deaths,age-adjusted rate
1992,A,Black or African American,85,150,All Origins,666,36,ncd_lri,total,176.493734883619,666,nvss,Deaths,age-adjusted rate
1992,A,Black or African American,25,34,All Origins,666,36,neo_lung,total,0.119156373992917,666,nvss,Deaths,age-adjusted rate
1992,A,Black or African American,35,44,All Origins,666,36,neo_lung,total,1.87336545344565,666,nvss,Deaths,age-adjusted rate
1992,A,Black or African American,45,54,All Origins,666,36,neo_lung,total,6.95795049372289,666,nvss,Deaths,age-adjusted rate
1992,A,Black or African American,55,64,All Origins,666,36,neo_lung,total,13.2312175033844,666,nvss,Deaths,age-adjusted rate
1992,A,Black or African American,65,74,All Origins,666,36,neo_lung,total,17.0738777987163,666,nvss,Deaths,age-adjusted rate
1992,A,Black or African American,75,84,All Origins,666,36,neo_lung,total,12.6612757177375,666,nvss,Deaths,age-adjusted rate
1992,A,Black or African American,85,150,All Origins,666,36,neo_lung,total,3.73489668596583,666,nvss,Deaths,age-adjusted rate
1992,A,Black or African American,25,34,All Origins,666,36,resp_copd,total,0.309806572381585,666,nvss,Deaths,age-adjusted rate
1992,A,Black or African American,35,44,All Origins,666,36,resp_copd,total,0.971374679564413,666,nvss,Deaths,age-adjusted rate
1992,A,Black or African American,45,54,All Origins,666,36,resp_copd,total,1.82232036740361,666,nvss,Deaths,age-adjusted rate
1992,A,Black or African American,55,64,All Origins,666,36,resp_copd,total,2.76298953747145,666,nvss,Deaths,age-adjusted rate
1992,A,Black or African American,65,74,All Origins,666,36,resp_copd,total,6.11340893048666,666,nvss,Deaths,age-adjusted rate
1992,A,Black or African American,75,84,All Origins,666,36,resp_copd,total,7.4907023879808,666,nvss,Deaths,age-adjusted rate
1992,A,Black or African American,85,150,All Origins,666,36,resp_copd,total,3.17863547741772,666,nvss,Deaths,age-adjusted rate
1992,A,Black or African American,25,34,All Origins,666,36,t2_dm,total,0.285975297583001,666,nvss,Deaths,age-adjusted rate
1992,A,Black or African American,35,44,All Origins,666,36,t2_dm,total,1.17952639661393,666,nvss,Deaths,age-adjusted rate
1992,A,Black or African American,45,54,All Origins,666,36,t2_dm,total,3.31330975891566,666,nvss,Deaths,age-adjusted rate
1992,A,Black or African American,55,64,All Origins,666,36,t2_dm,total,4.86441819977368,666,nvss,Deaths,age-adjusted rate
1992,A,Black or African American,65,74,All Origins,666,36,t2_dm,total,8.29676926280332,666,nvss,Deaths,age-adjusted rate
1992,A,Black or African American,75,84,All Origins,666,36,t2_dm,total,8.02101760128917,666,nvss,Deaths,age-adjusted rate
1992,A,Black or African American,85,150,All Origins,666,36,t2_dm,total,4.29115789451393,666,nvss,Deaths,age-adjusted rate
1992,A,Black or African American,25,34,All Origins,666,37,all-cause,overall,35.7280064436036,666,nvss,Deaths,age-adjusted rate
1992,A,Black or African American,35,44,All Origins,666,37,all-cause,overall,73.1615622069387,666,nvss,Deaths,age-adjusted rate
1992,A,Black or African American,45,54,All Origins,666,37,all-cause,overall,127.948617068617,666,nvss,Deaths,age-adjusted rate
1992,A,Black or African American,55,64,All Origins,666,37,all-cause,overall,173.300015687623,666,nvss,Deaths,age-adjusted rate
1992,A,Black or African American,65,74,All Origins,666,37,all-cause,overall,244.636729619383,666,nvss,Deaths,age-adjusted rate
1992,A,Black or African American,75,84,All Origins,666,37,all-cause,overall,303.729806772129,666,nvss,Deaths,age-adjusted rate
1992,A,Black or African American,85,150,All Origins,666,37,all-cause,overall,211.755701878837,666,nvss,Deaths,age-adjusted rate
1992,A,Black or African American,25,34,All Origins,666,37,cvd_ihd,total,0.209856131827334,666,nvss,Deaths,age-adjusted rate
1992,A,Black or African American,35,44,All Origins,666,37,cvd_ihd,total,3.29682974470385,666,nvss,Deaths,age-adjusted rate
1992,A,Black or African American,45,54,All Origins,666,37,cvd_ihd,total,10.848258341,666,nvss,Deaths,age-adjusted rate
1992,A,Black or African American,55,64,All Origins,666,37,cvd_ihd,total,15.3246603058787,666,nvss,Deaths,age-adjusted rate
1992,A,Black or African American,65,74,All Origins,666,37,cvd_ihd,total,24.1391790792339,666,nvss,Deaths,age-adjusted rate
1992,A,Black or African American,75,84,All Origins,666,37,cvd_ihd,total,31.9408068679893,666,nvss,Deaths,age-adjusted rate
1992,A,Black or African American,85,150,All Origins,666,37,cvd_ihd,total,27.1979800578323,666,nvss,Deaths,age-adjusted rate
1992,A,Black or African American,25,34,All Origins,666,37,cvd_stroke,total,0.419712263654668,666,nvss,Deaths,age-adjusted rate
1992,A,Black or African American,35,44,All Origins,666,37,cvd_stroke,total,1.05217970575655,666,nvss,Deaths,age-adjusted rate
1992,A,Black or African American,45,54,All Origins,666,37,cvd_stroke,total,2.33186861535515,666,nvss,Deaths,age-adjusted rate
1992,A,Black or African American,55,64,All Origins,666,37,cvd_stroke,total,2.27680667401627,666,nvss,Deaths,age-adjusted rate
1992,A,Black or African American,65,74,All Origins,666,37,cvd_stroke,total,2.77006973040389,666,nvss,Deaths,age-adjusted rate
1992,A,Black or African American,75,84,All Origins,666,37,cvd_stroke,total,4.1873618759864,666,nvss,Deaths,age-adjusted rate
1992,A,Black or African American,85,150,All Origins,666,37,cvd_stroke,total,2.62837622407623,666,nvss,Deaths,age-adjusted rate
1992,A,Black or African American,35,44,All Origins,666,37,lri,total,0.0701453137171032,666,nvss,Deaths,age-adjusted rate
1992,A,Black or African American,45,54,All Origins,666,37,lri,total,0.202771183943926,666,nvss,Deaths,age-adjusted rate
1992,A,Black or African American,65,74,All Origins,666,37,lri,total,0.079144849440111,666,nvss,Deaths,age-adjusted rate
1992,A,Black or African American,85,150,All Origins,666,37,lri,total,0.228554454267498,666,nvss,Deaths,age-adjusted rate
1992,A,Black or African American,25,34,All Origins,666,37,ncd_lri,total,18.1525554030644,666,nvss,Deaths,age-adjusted rate
1992,A,Black or African American,35,44,All Origins,666,37,ncd_lri,total,52.7492759152616,666,nvss,Deaths,age-adjusted rate
1992,A,Black or African American,45,54,All Origins,666,37,ncd_lri,total,110.00336728958,666,nvss,Deaths,age-adjusted rate
1992,A,Black or African American,55,64,All Origins,666,37,ncd_lri,total,160.252162055761,666,nvss,Deaths,age-adjusted rate
1992,A,Black or African American,65,74,All Origins,666,37,ncd_lri,total,227.85802153808,666,nvss,Deaths,age-adjusted rate
1992,A,Black or African American,75,84,All Origins,666,37,ncd_lri,total,279.09253805993,666,nvss,Deaths,age-adjusted rate
1992,A,Black or African American,85,150,All Origins,666,37,ncd_lri,total,190.614414859093,666,nvss,Deaths,age-adjusted rate
1992,A,Black or African American,25,34,All Origins,666,37,neo_lung,total,0.104928065913667,666,nvss,Deaths,age-adjusted rate
1992,A,Black or African American,35,44,All Origins,666,37,neo_lung,total,1.75363284292758,666,nvss,Deaths,age-adjusted rate
1992,A,Black or African American,45,54,All Origins,666,37,neo_lung,total,11.2538007088879,666,nvss,Deaths,age-adjusted rate
1992,A,Black or African American,55,64,All Origins,666,37,neo_lung,total,18.2144533921302,666,nvss,Deaths,age-adjusted rate
1992,A,Black or African American,65,74,All Origins,666,37,neo_lung,total,21.6065438971503,666,nvss,Deaths,age-adjusted rate
1992,A,Black or African American,75,84,All Origins,666,37,neo_lung,total,12.5620856279592,666,nvss,Deaths,age-adjusted rate
1992,A,Black or African American,85,150,All Origins,666,37,neo_lung,total,2.97120790547747,666,nvss,Deaths,age-adjusted rate
1992,A,Black or African American,25,34,All Origins,666,37,resp_copd,total,0.0524640329568335,666,nvss,Deaths,age-adjusted rate
1992,A,Black or African American,35,44,All Origins,666,37,resp_copd,total,0.561162509736826,666,nvss,Deaths,age-adjusted rate
1992,A,Black or African American,45,54,All Origins,666,37,resp_copd,total,1.01385591971963,666,nvss,Deaths,age-adjusted rate
1992,A,Black or African American,55,64,All Origins,666,37,resp_copd,total,3.85305744833523,666,nvss,Deaths,age-adjusted rate
1992,A,Black or African American,65,74,All Origins,666,37,resp_copd,total,6.96474675072977,666,nvss,Deaths,age-adjusted rate
1992,A,Black or African American,75,84,All Origins,666,37,resp_copd,total,8.47210426071666,666,nvss,Deaths,age-adjusted rate
1992,A,Black or African American,85,150,All Origins,666,37,resp_copd,total,3.77114849541372,666,nvss,Deaths,age-adjusted rate
1992,A,Black or African American,25,34,All Origins,666,37,t2_dm,total,0.367248230697834,666,nvss,Deaths,age-adjusted rate
1992,A,Black or African American,35,44,All Origins,666,37,t2_dm,total,2.59537660753282,666,nvss,Deaths,age-adjusted rate
1992,A,Black or African American,45,54,All Origins,666,37,t2_dm,total,3.85265249493459,666,nvss,Deaths,age-adjusted rate
1992,A,Black or African American,55,64,All Origins,666,37,t2_dm,total,7.96882335905694,666,nvss,Deaths,age-adjusted rate
1992,A,Black or African American,65,74,All Origins,666,37,t2_dm,total,11.0802789216155,666,nvss,Deaths,age-adjusted rate
1992,A,Black or African American,75,84,All Origins,666,37,t2_dm,total,12.0751830842398,666,nvss,Deaths,age-adjusted rate
1992,A,Black or African American,85,150,All Origins,666,37,t2_dm,total,7.19946530942619,666,nvss,Deaths,age-adjusted rate
1992,A,Black or African American,25,34,All Origins,666,38,all-cause,overall,17.9331919001854,666,nvss,Deaths,age-adjusted rate
1992,A,Black or African American,55,64,All Origins,666,38,all-cause,overall,229.602587205402,666,nvss,Deaths,age-adjusted rate
1992,A,Black or African American,85,150,All Origins,666,38,all-cause,overall,516.952083144036,666,nvss,Deaths,age-adjusted rate
1992,A,Black or African American,55,64,All Origins,666,38,ncd_lri,total,229.602587205402,666,nvss,Deaths,age-adjusted rate
1992,A,Black or African American,85,150,All Origins,666,38,ncd_lri,total,516.952083144036,666,nvss,Deaths,age-adjusted rate
1992,A,Black or African American,25,34,All Origins,666,39,all-cause,overall,30.0997374310202,666,nvss,Deaths,age-adjusted rate
1992,A,Black or African American,35,44,All Origins,666,39,all-cause,overall,62.6750135574354,666,nvss,Deaths,age-adjusted rate
1992,A,Black or African American,45,54,All Origins,666,39,all-cause,overall,109.902086161143,666,nvss,Deaths,age-adjusted rate
1992,A,Black or African American,55,64,All Origins,666,39,all-cause,overall,149.5242027323,666,nvss,Deaths,age-adjusted rate
1992,A,Black or African American,65,74,All Origins,666,39,all-cause,overall,240.075265613355,666,nvss,Deaths,age-adjusted rate
1992,A,Black or African American,75,84,All Origins,666,39,all-cause,overall,302.440873330306,666,nvss,Deaths,age-adjusted rate
1992,A,Black or African American,85,150,All Origins,666,39,all-cause,overall,222.424816597019,666,nvss,Deaths,age-adjusted rate
1992,A,Black or African American,25,34,All Origins,666,39,cvd_ihd,total,0.209025954382085,666,nvss,Deaths,age-adjusted rate
1992,A,Black or African American,35,44,All Origins,666,39,cvd_ihd,total,2.8446931482877,666,nvss,Deaths,age-adjusted rate
1992,A,Black or African American,45,54,All Origins,666,39,cvd_ihd,total,10.6676968508559,666,nvss,Deaths,age-adjusted rate
1992,A,Black or African American,55,64,All Origins,666,39,cvd_ihd,total,17.1507482221459,666,nvss,Deaths,age-adjusted rate
1992,A,Black or African American,65,74,All Origins,666,39,cvd_ihd,total,30.7040159238735,666,nvss,Deaths,age-adjusted rate
1992,A,Black or African American,75,84,All Origins,666,39,cvd_ihd,total,38.4051902641659,666,nvss,Deaths,age-adjusted rate
1992,A,Black or African American,85,150,All Origins,666,39,cvd_ihd,total,33.8813542912244,666,nvss,Deaths,age-adjusted rate
1992,A,Black or African American,25,34,All Origins,666,39,cvd_stroke,total,0.627077863146254,666,nvss,Deaths,age-adjusted rate
1992,A,Black or African American,35,44,All Origins,666,39,cvd_stroke,total,1.46822872169688,666,nvss,Deaths,age-adjusted rate
1992,A,Black or African American,45,54,All Origins,666,39,cvd_stroke,total,2.48085973275718,666,nvss,Deaths,age-adjusted rate
1992,A,Black or African American,55,64,All Origins,666,39,cvd_stroke,total,1.61084375567117,666,nvss,Deaths,age-adjusted rate
1992,A,Black or African American,65,74,All Origins,666,39,cvd_stroke,total,1.97786605644584,666,nvss,Deaths,age-adjusted rate
1992,A,Black or African American,75,84,All Origins,666,39,cvd_stroke,total,3.15471205741363,666,nvss,Deaths,age-adjusted rate
1992,A,Black or African American,85,150,All Origins,666,39,cvd_stroke,total,2.82344619093536,666,nvss,Deaths,age-adjusted rate
1992,A,Black or African American,25,34,All Origins,666,39,ncd_lri,total,13.9350636254723,666,nvss,Deaths,age-adjusted rate
1992,A,Black or African American,35,44,All Origins,666,39,ncd_lri,total,42.8539258145275,666,nvss,Deaths,age-adjusted rate
1992,A,Black or African American,45,54,All Origins,666,39,ncd_lri,total,95.3890567245137,666,nvss,Deaths,age-adjusted rate
1992,A,Black or African American,55,64,All Origins,666,39,ncd_lri,total,139.385362623076,666,nvss,Deaths,age-adjusted rate
1992,A,Black or African American,65,74,All Origins,666,39,ncd_lri,total,226.606939609938,666,nvss,Deaths,age-adjusted rate
1992,A,Black or African American,75,84,All Origins,666,39,ncd_lri,total,280.495050322211,666,nvss,Deaths,age-adjusted rate
1992,A,Black or African American,85,150,All Origins,666,39,ncd_lri,total,200.621537678129,666,nvss,Deaths,age-adjusted rate
1992,A,Black or African American,35,44,All Origins,666,39,neo_lung,total,2.38587167275742,666,nvss,Deaths,age-adjusted rate
1992,A,Black or African American,45,54,All Origins,666,39,neo_lung,total,8.31088010473657,666,nvss,Deaths,age-adjusted rate
1992,A,Black or African American,55,64,All Origins,666,39,neo_lung,total,18.8563474928566,666,nvss,Deaths,age-adjusted rate
1992,A,Black or African American,65,74,All Origins,666,39,neo_lung,total,27.0308361047598,666,nvss,Deaths,age-adjusted rate
1992,A,Black or African American,75,84,All Origins,666,39,neo_lung,total,21.534338826693,666,nvss,Deaths,age-adjusted rate
1992,A,Black or African American,85,150,All Origins,666,39,neo_lung,total,4.54888552984031,666,nvss,Deaths,age-adjusted rate
1992,A,Black or African American,25,34,All Origins,666,39,resp_copd,total,0.278701272509446,666,nvss,Deaths,age-adjusted rate
1992,A,Black or African American,35,44,All Origins,666,39,resp_copd,total,0.734114360848438,666,nvss,Deaths,age-adjusted rate
1992,A,Black or African American,45,54,All Origins,666,39,resp_copd,total,2.10873077284361,666,nvss,Deaths,age-adjusted rate
1992,A,Black or African American,55,64,All Origins,666,39,resp_copd,total,3.79022060157921,666,nvss,Deaths,age-adjusted rate
1992,A,Black or African American,65,74,All Origins,666,39,resp_copd,total,8.19401651956134,666,nvss,Deaths,age-adjusted rate
1992,A,Black or African American,75,84,All Origins,666,39,resp_copd,total,12.3445254420533,666,nvss,Deaths,age-adjusted rate
1992,A,Black or African American,85,150,All Origins,666,39,resp_copd,total,7.05861547733841,666,nvss,Deaths,age-adjusted rate
1992,A,Black or African American,25,34,All Origins,666,39,t2_dm,total,0.696753181273615,666,nvss,Deaths,age-adjusted rate
1992,A,Black or African American,35,44,All Origins,666,39,t2_dm,total,1.55999301680293,666,nvss,Deaths,age-adjusted rate
1992,A,Black or African American,45,54,All Origins,666,39,t2_dm,total,3.10107466594648,666,nvss,Deaths,age-adjusted rate
1992,A,Black or African American,55,64,All Origins,666,39,t2_dm,total,6.63288605276362,666,nvss,Deaths,age-adjusted rate
1992,A,Black or African American,65,74,All Origins,666,39,t2_dm,total,11.6788281428231,666,nvss,Deaths,age-adjusted rate
1992,A,Black or African American,75,84,All Origins,666,39,t2_dm,total,13.7161393800592,666,nvss,Deaths,age-adjusted rate
1992,A,Black or African American,85,150,All Origins,666,39,t2_dm,total,7.68604796421293,666,nvss,Deaths,age-adjusted rate
1992,A,Black or African American,25,34,All Origins,666,40,all-cause,overall,24.7575526939617,666,nvss,Deaths,age-adjusted rate
1992,A,Black or African American,35,44,All Origins,666,40,all-cause,overall,58.0249316445179,666,nvss,Deaths,age-adjusted rate
1992,A,Black or African American,45,54,All Origins,666,40,all-cause,overall,100.16907246776,666,nvss,Deaths,age-adjusted rate
1992,A,Black or African American,55,64,All Origins,666,40,all-cause,overall,154.92100934065,666,nvss,Deaths,age-adjusted rate
1992,A,Black or African American,65,74,All Origins,666,40,all-cause,overall,253.745603712928,666,nvss,Deaths,age-adjusted rate
1992,A,Black or African American,75,84,All Origins,666,40,all-cause,overall,312.050844462478,666,nvss,Deaths,age-adjusted rate
1992,A,Black or African American,85,150,All Origins,666,40,all-cause,overall,229.047638749726,666,nvss,Deaths,age-adjusted rate
1992,A,Black or African American,25,34,All Origins,666,40,cvd_ihd,total,0.321526658363139,666,nvss,Deaths,age-adjusted rate
1992,A,Black or African American,35,44,All Origins,666,40,cvd_ihd,total,2.87726933774469,666,nvss,Deaths,age-adjusted rate
1992,A,Black or African American,45,54,All Origins,666,40,cvd_ihd,total,10.7324006215457,666,nvss,Deaths,age-adjusted rate
1992,A,Black or African American,55,64,All Origins,666,40,cvd_ihd,total,9.48495975555001,666,nvss,Deaths,age-adjusted rate
1992,A,Black or African American,65,74,All Origins,666,40,cvd_ihd,total,22.1182608563327,666,nvss,Deaths,age-adjusted rate
1992,A,Black or African American,75,84,All Origins,666,40,cvd_ihd,total,29.8846020309277,666,nvss,Deaths,age-adjusted rate
1992,A,Black or African American,85,150,All Origins,666,40,cvd_ihd,total,32.1037121697729,666,nvss,Deaths,age-adjusted rate
1992,A,Black or African American,25,34,All Origins,666,40,cvd_stroke,total,0.321526658363139,666,nvss,Deaths,age-adjusted rate
1992,A,Black or African American,35,44,All Origins,666,40,cvd_stroke,total,1.43863466887235,666,nvss,Deaths,age-adjusted rate
1992,A,Black or African American,45,54,All Origins,666,40,cvd_stroke,total,2.14648012430915,666,nvss,Deaths,age-adjusted rate
1992,A,Black or African American,55,64,All Origins,666,40,cvd_stroke,total,0.632330650370001,666,nvss,Deaths,age-adjusted rate
1992,A,Black or African American,65,74,All Origins,666,40,cvd_stroke,total,1.84318840469439,666,nvss,Deaths,age-adjusted rate
1992,A,Black or African American,75,84,All Origins,666,40,cvd_stroke,total,4.16994446943177,666,nvss,Deaths,age-adjusted rate
1992,A,Black or African American,25,34,All Origins,666,40,ncd_lri,total,13.825646309615,666,nvss,Deaths,age-adjusted rate
1992,A,Black or African American,35,44,All Origins,666,40,ncd_lri,total,39.3226809491774,666,nvss,Deaths,age-adjusted rate
1992,A,Black or African American,45,54,All Origins,666,40,ncd_lri,total,85.1437115975962,666,nvss,Deaths,age-adjusted rate
1992,A,Black or African American,55,64,All Origins,666,40,ncd_lri,total,147.33304153621,666,nvss,Deaths,age-adjusted rate
1992,A,Black or African American,65,74,All Origins,666,40,ncd_lri,total,235.928115800882,666,nvss,Deaths,age-adjusted rate
1992,A,Black or African American,75,84,All Origins,666,40,ncd_lri,total,287.726168390792,666,nvss,Deaths,age-adjusted rate
1992,A,Black or African American,85,150,All Origins,666,40,ncd_lri,total,203.73509646202,666,nvss,Deaths,age-adjusted rate
1992,A,Black or African American,35,44,All Origins,666,40,neo_lung,total,2.39772444812058,666,nvss,Deaths,age-adjusted rate
1992,A,Black or African American,45,54,All Origins,666,40,neo_lung,total,15.025360870164,666,nvss,Deaths,age-adjusted rate
1992,A,Black or African American,55,64,All Origins,666,40,neo_lung,total,15.80826625925,666,nvss,Deaths,age-adjusted rate
1992,A,Black or African American,65,74,All Origins,666,40,neo_lung,total,28.8766183402121,666,nvss,Deaths,age-adjusted rate
1992,A,Black or African American,75,84,All Origins,666,40,neo_lung,total,17.3747686226324,666,nvss,Deaths,age-adjusted rate
1992,A,Black or African American,85,150,All Origins,666,40,neo_lung,total,6.79116988206735,666,nvss,Deaths,age-adjusted rate
1992,A,Black or African American,25,34,All Origins,666,40,resp_copd,total,0.643053316726278,666,nvss,Deaths,age-adjusted rate
1992,A,Black or African American,35,44,All Origins,666,40,resp_copd,total,0.479544889624115,666,nvss,Deaths,age-adjusted rate
1992,A,Black or African American,45,54,All Origins,666,40,resp_copd,total,2.86197349907886,666,nvss,Deaths,age-adjusted rate
1992,A,Black or African American,55,64,All Origins,666,40,resp_copd,total,3.16165325185,666,nvss,Deaths,age-adjusted rate
1992,A,Black or African American,65,74,All Origins,666,40,resp_copd,total,9.83033815837008,666,nvss,Deaths,age-adjusted rate
1992,A,Black or African American,75,84,All Origins,666,40,resp_copd,total,6.25491670414766,666,nvss,Deaths,age-adjusted rate
1992,A,Black or African American,85,150,All Origins,666,40,resp_copd,total,2.46951632075176,666,nvss,Deaths,age-adjusted rate
1992,A,Black or African American,25,34,All Origins,666,40,t2_dm,total,0.964579975089418,666,nvss,Deaths,age-adjusted rate
1992,A,Black or African American,45,54,All Origins,666,40,t2_dm,total,3.57746687384858,666,nvss,Deaths,age-adjusted rate
1992,A,Black or African American,55,64,All Origins,666,40,t2_dm,total,10.74962105629,666,nvss,Deaths,age-adjusted rate
1992,A,Black or African American,65,74,All Origins,666,40,t2_dm,total,8.60154588857382,666,nvss,Deaths,age-adjusted rate
1992,A,Black or African American,75,84,All Origins,666,40,t2_dm,total,11.1198519184847,666,nvss,Deaths,age-adjusted rate
1992,A,Black or African American,85,150,All Origins,666,40,t2_dm,total,1.23475816037588,666,nvss,Deaths,age-adjusted rate
1992,A,Black or African American,25,34,All Origins,666,41,all-cause,overall,12.5343747385093,666,nvss,Deaths,age-adjusted rate
1992,A,Black or African American,35,44,All Origins,666,41,all-cause,overall,73.5253980730388,666,nvss,Deaths,age-adjusted rate
1992,A,Black or African American,45,54,All Origins,666,41,all-cause,overall,128.349689530647,666,nvss,Deaths,age-adjusted rate
1992,A,Black or African American,55,64,All Origins,666,41,all-cause,overall,123.828629693439,666,nvss,Deaths,age-adjusted rate
1992,A,Black or African American,65,74,All Origins,666,41,all-cause,overall,207.169557894435,666,nvss,Deaths,age-adjusted rate
1992,A,Black or African American,75,84,All Origins,666,41,all-cause,overall,367.694583462575,666,nvss,Deaths,age-adjusted rate
1992,A,Black or African American,85,150,All Origins,666,41,all-cause,overall,204.22798346431,666,nvss,Deaths,age-adjusted rate
1992,A,Black or African American,35,44,All Origins,666,41,cvd_ihd,total,4.08474433739104,666,nvss,Deaths,age-adjusted rate
1992,A,Black or African American,45,54,All Origins,666,41,cvd_ihd,total,20.2657404522074,666,nvss,Deaths,age-adjusted rate
1992,A,Black or African American,55,64,All Origins,666,41,cvd_ihd,total,13.3868788857772,666,nvss,Deaths,age-adjusted rate
1992,A,Black or African American,65,74,All Origins,666,41,cvd_ihd,total,19.4221460526032,666,nvss,Deaths,age-adjusted rate
1992,A,Black or African American,75,84,All Origins,666,41,cvd_ihd,total,49.3248831474186,666,nvss,Deaths,age-adjusted rate
1992,A,Black or African American,85,150,All Origins,666,41,cvd_ihd,total,44.6748713828179,666,nvss,Deaths,age-adjusted rate
1992,A,Black or African American,35,44,All Origins,666,41,cvd_stroke,total,2.04237216869552,666,nvss,Deaths,age-adjusted rate
1992,A,Black or African American,45,54,All Origins,666,41,cvd_stroke,total,3.37762340870123,666,nvss,Deaths,age-adjusted rate
1992,A,Black or African American,85,150,All Origins,666,41,cvd_stroke,total,6.3821244832597,666,nvss,Deaths,age-adjusted rate
1992,A,Black or African American,25,34,All Origins,666,41,ncd_lri,total,3.13359368462733,666,nvss,Deaths,age-adjusted rate
1992,A,Black or African American,35,44,All Origins,666,41,ncd_lri,total,38.8050712052149,666,nvss,Deaths,age-adjusted rate
1992,A,Black or African American,45,54,All Origins,666,41,ncd_lri,total,111.46157248714,666,nvss,Deaths,age-adjusted rate
1992,A,Black or African American,55,64,All Origins,666,41,ncd_lri,total,110.441750807662,666,nvss,Deaths,age-adjusted rate
1992,A,Black or African American,65,74,All Origins,666,41,ncd_lri,total,187.747411841831,666,nvss,Deaths,age-adjusted rate
1992,A,Black or African American,75,84,All Origins,666,41,ncd_lri,total,318.369700315157,666,nvss,Deaths,age-adjusted rate
1992,A,Black or African American,85,150,All Origins,666,41,ncd_lri,total,185.081610014531,666,nvss,Deaths,age-adjusted rate
1992,A,Black or African American,35,44,All Origins,666,41,neo_lung,total,6.12711650608656,666,nvss,Deaths,age-adjusted rate
1992,A,Black or African American,45,54,All Origins,666,41,neo_lung,total,13.5104936348049,666,nvss,Deaths,age-adjusted rate
1992,A,Black or African American,55,64,All Origins,666,41,neo_lung,total,30.1204774929986,666,nvss,Deaths,age-adjusted rate
1992,A,Black or African American,65,74,All Origins,666,41,neo_lung,total,19.4221460526032,666,nvss,Deaths,age-adjusted rate
1992,A,Black or African American,75,84,All Origins,666,41,neo_lung,total,31.3885620029028,666,nvss,Deaths,age-adjusted rate
1992,A,Black or African American,45,54,All Origins,666,41,resp_copd,total,6.75524681740245,666,nvss,Deaths,age-adjusted rate
1992,A,Black or African American,65,74,All Origins,666,41,resp_copd,total,9.71107302630162,666,nvss,Deaths,age-adjusted rate
1992,A,Black or African American,75,84,All Origins,666,41,resp_copd,total,13.4522408583869,666,nvss,Deaths,age-adjusted rate
1992,A,Black or African American,85,150,All Origins,666,41,resp_copd,total,6.3821244832597,666,nvss,Deaths,age-adjusted rate
1992,A,Black or African American,45,54,All Origins,666,41,t2_dm,total,3.37762340870123,666,nvss,Deaths,age-adjusted rate
1992,A,Black or African American,65,74,All Origins,666,41,t2_dm,total,9.71107302630162,666,nvss,Deaths,age-adjusted rate
1992,A,Black or African American,75,84,All Origins,666,41,t2_dm,total,31.3885620029028,666,nvss,Deaths,age-adjusted rate
1992,A,Black or African American,85,150,All Origins,666,41,t2_dm,total,6.3821244832597,666,nvss,Deaths,age-adjusted rate
1992,A,Black or African American,25,34,All Origins,666,42,all-cause,overall,42.954660333119,666,nvss,Deaths,age-adjusted rate
1992,A,Black or African American,35,44,All Origins,666,42,all-cause,overall,86.5574724079271,666,nvss,Deaths,age-adjusted rate
1992,A,Black or African American,45,54,All Origins,666,42,all-cause,overall,132.085273893068,666,nvss,Deaths,age-adjusted rate
1992,A,Black or African American,55,64,All Origins,666,42,all-cause,overall,175.740475292597,666,nvss,Deaths,age-adjusted rate
1992,A,Black or African American,65,74,All Origins,666,42,all-cause,overall,250.432528075269,666,nvss,Deaths,age-adjusted rate
1992,A,Black or African American,75,84,All Origins,666,42,all-cause,overall,296.760316109699,666,nvss,Deaths,age-adjusted rate
1992,A,Black or African American,85,150,All Origins,666,42,all-cause,overall,214.154656598364,666,nvss,Deaths,age-adjusted rate
1992,A,Black or African American,25,34,All Origins,666,42,cvd_ihd,total,0.0715911005551983,666,nvss,Deaths,age-adjusted rate
1992,A,Black or African American,35,44,All Origins,666,42,cvd_ihd,total,2.03550607006323,666,nvss,Deaths,age-adjusted rate
1992,A,Black or African American,45,54,All Origins,666,42,cvd_ihd,total,3.29579378236063,666,nvss,Deaths,age-adjusted rate
1992,A,Black or African American,55,64,All Origins,666,42,cvd_ihd,total,8.44906131214409,666,nvss,Deaths,age-adjusted rate
1992,A,Black or African American,65,74,All Origins,666,42,cvd_ihd,total,16.1451007110796,666,nvss,Deaths,age-adjusted rate
1992,A,Black or African American,75,84,All Origins,666,42,cvd_ihd,total,19.1458268457871,666,nvss,Deaths,age-adjusted rate
1992,A,Black or African American,85,150,All Origins,666,42,cvd_ihd,total,19.268035724166,666,nvss,Deaths,age-adjusted rate
1992,A,Black or African American,25,34,All Origins,666,42,cvd_stroke,total,0.286364402220793,666,nvss,Deaths,age-adjusted rate
1992,A,Black or African American,35,44,All Origins,666,42,cvd_stroke,total,1.35700404670882,666,nvss,Deaths,age-adjusted rate
1992,A,Black or African American,45,54,All Origins,666,42,cvd_stroke,total,2.15494208846656,666,nvss,Deaths,age-adjusted rate
1992,A,Black or African American,55,64,All Origins,666,42,cvd_stroke,total,2.18681586902553,666,nvss,Deaths,age-adjusted rate
1992,A,Black or African American,65,74,All Origins,666,42,cvd_stroke,total,2.47680522272244,666,nvss,Deaths,age-adjusted rate
1992,A,Black or African American,75,84,All Origins,666,42,cvd_stroke,total,3.44624883224167,666,nvss,Deaths,age-adjusted rate
1992,A,Black or African American,85,150,All Origins,666,42,cvd_stroke,total,3.23585332772253,666,nvss,Deaths,age-adjusted rate
1992,A,Black or African American,85,150,All Origins,666,42,lri,total,0.294168484338412,666,nvss,Deaths,age-adjusted rate
1992,A,Black or African American,25,34,All Origins,666,42,ncd_lri,total,21.0477835632283,666,nvss,Deaths,age-adjusted rate
1992,A,Black or African American,35,44,All Origins,666,42,ncd_lri,total,59.9989646366258,666,nvss,Deaths,age-adjusted rate
1992,A,Black or African American,45,54,All Origins,666,42,ncd_lri,total,114.718975886014,666,nvss,Deaths,age-adjusted rate
1992,A,Black or African American,55,64,All Origins,666,42,ncd_lri,total,161.327370701293,666,nvss,Deaths,age-adjusted rate
1992,A,Black or African American,65,74,All Origins,666,42,ncd_lri,total,235.663430265702,666,nvss,Deaths,age-adjusted rate
1992,A,Black or African American,75,84,All Origins,666,42,ncd_lri,total,274.678795814225,666,nvss,Deaths,age-adjusted rate
1992,A,Black or African American,85,150,All Origins,666,42,ncd_lri,total,191.797851788645,666,nvss,Deaths,age-adjusted rate
1992,A,Black or African American,25,34,All Origins,666,42,neo_lung,total,0.214773301665595,666,nvss,Deaths,age-adjusted rate
1992,A,Black or African American,35,44,All Origins,666,42,neo_lung,total,3.19865239581365,666,nvss,Deaths,age-adjusted rate
1992,A,Black or African American,45,54,All Origins,666,42,neo_lung,total,11.7888008369053,666,nvss,Deaths,age-adjusted rate
1992,A,Black or African American,55,64,All Origins,666,42,neo_lung,total,22.1663608542133,666,nvss,Deaths,age-adjusted rate
1992,A,Black or African American,65,74,All Origins,666,42,neo_lung,total,27.1531239231794,666,nvss,Deaths,age-adjusted rate
1992,A,Black or African American,75,84,All Origins,666,42,neo_lung,total,17.6141606981241,666,nvss,Deaths,age-adjusted rate
1992,A,Black or African American,85,150,All Origins,666,42,neo_lung,total,4.41252726507618,666,nvss,Deaths,age-adjusted rate
1992,A,Black or African American,25,34,All Origins,666,42,resp_copd,total,0.286364402220793,666,nvss,Deaths,age-adjusted rate
1992,A,Black or African American,35,44,All Origins,666,42,resp_copd,total,0.872359744312815,666,nvss,Deaths,age-adjusted rate
1992,A,Black or African American,45,54,All Origins,666,42,resp_copd,total,2.40846468710969,666,nvss,Deaths,age-adjusted rate
1992,A,Black or African American,55,64,All Origins,666,42,resp_copd,total,4.77123462332843,666,nvss,Deaths,age-adjusted rate
1992,A,Black or African American,65,74,All Origins,666,42,resp_copd,total,9.26508620351729,666,nvss,Deaths,age-adjusted rate
1992,A,Black or African American,75,84,All Origins,666,42,resp_copd,total,7.91360842959198,666,nvss,Deaths,age-adjusted rate
1992,A,Black or African American,85,150,All Origins,666,42,resp_copd,total,4.11835878073777,666,nvss,Deaths,age-adjusted rate
1992,A,Black or African American,25,34,All Origins,666,42,t2_dm,total,0.286364402220793,666,nvss,Deaths,age-adjusted rate
1992,A,Black or African American,35,44,All Origins,666,42,t2_dm,total,1.55086176766723,666,nvss,Deaths,age-adjusted rate
1992,A,Black or African American,45,54,All Origins,666,42,t2_dm,total,4.43664547625469,666,nvss,Deaths,age-adjusted rate
1992,A,Black or African American,55,64,All Origins,666,42,t2_dm,total,6.16284472179922,666,nvss,Deaths,age-adjusted rate
1992,A,Black or African American,65,74,All Origins,666,42,t2_dm,total,7.52214919493483,666,nvss,Deaths,age-adjusted rate
1992,A,Black or African American,75,84,All Origins,666,42,t2_dm,total,10.0834688054478,666,nvss,Deaths,age-adjusted rate
1992,A,Black or African American,85,150,All Origins,666,42,t2_dm,total,5.88336968676824,666,nvss,Deaths,age-adjusted rate
1992,A,Black or African American,25,34,All Origins,666,44,all-cause,overall,36.1491236680296,666,nvss,Deaths,age-adjusted rate
1992,A,Black or African American,35,44,All Origins,666,44,all-cause,overall,71.5729190455711,666,nvss,Deaths,age-adjusted rate
1992,A,Black or African American,45,54,All Origins,666,44,all-cause,overall,102.840045616795,666,nvss,Deaths,age-adjusted rate
1992,A,Black or African American,55,64,All Origins,666,44,all-cause,overall,170.797356877102,666,nvss,Deaths,age-adjusted rate
1992,A,Black or African American,65,74,All Origins,666,44,all-cause,overall,184.582403443451,666,nvss,Deaths,age-adjusted rate
1992,A,Black or African American,75,84,All Origins,666,44,all-cause,overall,214.165028591234,666,nvss,Deaths,age-adjusted rate
1992,A,Black or African American,85,150,All Origins,666,44,all-cause,overall,217.409754593286,666,nvss,Deaths,age-adjusted rate
1992,A,Black or African American,45,54,All Origins,666,44,cvd_ihd,total,7.6177811567996,666,nvss,Deaths,age-adjusted rate
1992,A,Black or African American,55,64,All Origins,666,44,cvd_ihd,total,24.9079478779106,666,nvss,Deaths,age-adjusted rate
1992,A,Black or African American,65,74,All Origins,666,44,cvd_ihd,total,22.6019269522593,666,nvss,Deaths,age-adjusted rate
1992,A,Black or African American,75,84,All Origins,666,44,cvd_ihd,total,6.69265714347607,666,nvss,Deaths,age-adjusted rate
1992,A,Black or African American,85,150,All Origins,666,44,cvd_ihd,total,43.4819509186572,666,nvss,Deaths,age-adjusted rate
1992,A,Black or African American,25,34,All Origins,666,44,cvd_stroke,total,1.57170102904476,666,nvss,Deaths,age-adjusted rate
1992,A,Black or African American,25,34,All Origins,666,44,ncd_lri,total,17.2887113194924,666,nvss,Deaths,age-adjusted rate
1992,A,Black or African American,35,44,All Origins,666,44,ncd_lri,total,47.715279363714,666,nvss,Deaths,age-adjusted rate
1992,A,Black or African American,45,54,All Origins,666,44,ncd_lri,total,99.0311550383948,666,nvss,Deaths,age-adjusted rate
1992,A,Black or African American,55,64,All Origins,666,44,ncd_lri,total,156.56424380401,666,nvss,Deaths,age-adjusted rate
1992,A,Black or African American,65,74,All Origins,666,44,ncd_lri,total,177.048427792698,666,nvss,Deaths,age-adjusted rate
1992,A,Black or African American,75,84,All Origins,666,44,ncd_lri,total,207.472371447758,666,nvss,Deaths,age-adjusted rate
1992,A,Black or African American,85,150,All Origins,666,44,ncd_lri,total,188.421787314181,666,nvss,Deaths,age-adjusted rate
1992,A,Black or African American,45,54,All Origins,666,44,neo_lung,total,11.4266717351994,666,nvss,Deaths,age-adjusted rate
1992,A,Black or African American,55,64,All Origins,666,44,neo_lung,total,28.4662261461836,666,nvss,Deaths,age-adjusted rate
1992,A,Black or African American,65,74,All Origins,666,44,neo_lung,total,22.6019269522593,666,nvss,Deaths,age-adjusted rate
1992,A,Black or African American,75,84,All Origins,666,44,neo_lung,total,40.1559428608564,666,nvss,Deaths,age-adjusted rate
1992,A,Black or African American,55,64,All Origins,666,44,resp_copd,total,7.1165565365459,666,nvss,Deaths,age-adjusted rate
1992,A,Black or African American,75,84,All Origins,666,44,resp_copd,total,6.69265714347607,666,nvss,Deaths,age-adjusted rate
1992,A,Black or African American,45,54,All Origins,666,44,t2_dm,total,11.4266717351994,666,nvss,Deaths,age-adjusted rate
1992,A,Black or African American,55,64,All Origins,666,44,t2_dm,total,3.55827826827295,666,nvss,Deaths,age-adjusted rate
1992,A,Black or African American,65,74,All Origins,666,44,t2_dm,total,15.0679513015062,666,nvss,Deaths,age-adjusted rate
1992,A,Black or African American,25,34,All Origins,666,45,all-cause,overall,35.1784432396165,666,nvss,Deaths,age-adjusted rate
1992,A,Black or African American,35,44,All Origins,666,45,all-cause,overall,74.0685476032129,666,nvss,Deaths,age-adjusted rate
1992,A,Black or African American,45,54,All Origins,666,45,all-cause,overall,120.644189084587,666,nvss,Deaths,age-adjusted rate
1992,A,Black or African American,55,64,All Origins,666,45,all-cause,overall,178.069782991263,666,nvss,Deaths,age-adjusted rate
1992,A,Black or African American,65,74,All Origins,666,45,all-cause,overall,253.725219482063,666,nvss,Deaths,age-adjusted rate
1992,A,Black or African American,75,84,All Origins,666,45,all-cause,overall,319.935523095161,666,nvss,Deaths,age-adjusted rate
1992,A,Black or African American,85,150,All Origins,666,45,all-cause,overall,188.265424783434,666,nvss,Deaths,age-adjusted rate
1992,A,Black or African American,25,34,All Origins,666,45,cvd_ihd,total,0.0774855577965121,666,nvss,Deaths,age-adjusted rate
1992,A,Black or African American,35,44,All Origins,666,45,cvd_ihd,total,1.81145904464379,666,nvss,Deaths,age-adjusted rate
1992,A,Black or African American,45,54,All Origins,666,45,cvd_ihd,total,3.62077398213047,666,nvss,Deaths,age-adjusted rate
1992,A,Black or African American,55,64,All Origins,666,45,cvd_ihd,total,7.81579149925075,666,nvss,Deaths,age-adjusted rate
1992,A,Black or African American,65,74,All Origins,666,45,cvd_ihd,total,13.8081752099082,666,nvss,Deaths,age-adjusted rate
1992,A,Black or African American,75,84,All Origins,666,45,cvd_ihd,total,20.2249666455026,666,nvss,Deaths,age-adjusted rate
1992,A,Black or African American,85,150,All Origins,666,45,cvd_ihd,total,16.2024500281347,666,nvss,Deaths,age-adjusted rate
1992,A,Black or African American,25,34,All Origins,666,45,cvd_stroke,total,0.0774855577965121,666,nvss,Deaths,age-adjusted rate
1992,A,Black or African American,35,44,All Origins,666,45,cvd_stroke,total,2.11336888541776,666,nvss,Deaths,age-adjusted rate
1992,A,Black or African American,45,54,All Origins,666,45,cvd_stroke,total,1.44830959285219,666,nvss,Deaths,age-adjusted rate
1992,A,Black or African American,55,64,All Origins,666,45,cvd_stroke,total,2.99605340804612,666,nvss,Deaths,age-adjusted rate
1992,A,Black or African American,65,74,All Origins,666,45,cvd_stroke,total,4.83286132346787,666,nvss,Deaths,age-adjusted rate
1992,A,Black or African American,75,84,All Origins,666,45,cvd_stroke,total,6.8882132778161,666,nvss,Deaths,age-adjusted rate
1992,A,Black or African American,85,150,All Origins,666,45,cvd_stroke,total,4.226726094296,666,nvss,Deaths,age-adjusted rate
1992,A,Black or African American,45,54,All Origins,666,45,lri,total,0.144830959285219,666,nvss,Deaths,age-adjusted rate
1992,A,Black or African American,65,74,All Origins,666,45,lri,total,0.115068126749235,666,nvss,Deaths,age-adjusted rate
1992,A,Black or African American,75,84,All Origins,666,45,lri,total,0.439673187945709,666,nvss,Deaths,age-adjusted rate
1992,A,Black or African American,25,34,All Origins,666,45,ncd_lri,total,18.2865916399769,666,nvss,Deaths,age-adjusted rate
1992,A,Black or African American,35,44,All Origins,666,45,ncd_lri,total,53.2367685898093,666,nvss,Deaths,age-adjusted rate
1992,A,Black or African American,45,54,All Origins,666,45,ncd_lri,total,104.712783563213,666,nvss,Deaths,age-adjusted rate
1992,A,Black or African American,55,64,All Origins,666,45,ncd_lri,total,161.656620842836,666,nvss,Deaths,age-adjusted rate
1992,A,Black or African American,65,74,All Origins,666,45,ncd_lri,total,237.385545483672,666,nvss,Deaths,age-adjusted rate
1992,A,Black or African American,75,84,All Origins,666,45,ncd_lri,total,295.313824570201,666,nvss,Deaths,age-adjusted rate
1992,A,Black or African American,85,150,All Origins,666,45,ncd_lri,total,170.477952469939,666,nvss,Deaths,age-adjusted rate
1992,A,Black or African American,25,34,All Origins,666,45,neo_lung,total,0.387427788982561,666,nvss,Deaths,age-adjusted rate
1992,A,Black or African American,35,44,All Origins,666,45,neo_lung,total,1.91209565823512,666,nvss,Deaths,age-adjusted rate
1992,A,Black or African American,45,54,All Origins,666,45,neo_lung,total,6.9518860456905,666,nvss,Deaths,age-adjusted rate
1992,A,Black or African American,55,64,All Origins,666,45,neo_lung,total,17.8460572566226,666,nvss,Deaths,age-adjusted rate
1992,A,Black or African American,65,74,All Origins,666,45,neo_lung,total,17.605423392633,666,nvss,Deaths,age-adjusted rate
1992,A,Black or African American,75,84,All Origins,666,45,neo_lung,total,14.2160997435779,666,nvss,Deaths,age-adjusted rate
1992,A,Black or African American,85,150,All Origins,666,45,neo_lung,total,2.81781739619733,666,nvss,Deaths,age-adjusted rate
1992,A,Black or African American,25,34,All Origins,666,45,resp_copd,total,0.154971115593024,666,nvss,Deaths,age-adjusted rate
1992,A,Black or African American,35,44,All Origins,666,45,resp_copd,total,0.402546454365287,666,nvss,Deaths,age-adjusted rate
1992,A,Black or African American,45,54,All Origins,666,45,resp_copd,total,1.15864767428175,666,nvss,Deaths,age-adjusted rate
1992,A,Black or African American,55,64,All Origins,666,45,resp_copd,total,5.47105404947553,666,nvss,Deaths,age-adjusted rate
1992,A,Black or African American,65,74,All Origins,666,45,resp_copd,total,6.5588832247064,666,nvss,Deaths,age-adjusted rate
1992,A,Black or African American,75,84,All Origins,666,45,resp_copd,total,6.8882132778161,666,nvss,Deaths,age-adjusted rate
1992,A,Black or African American,85,150,All Origins,666,45,resp_copd,total,2.81781739619733,666,nvss,Deaths,age-adjusted rate
1992,A,Black or African American,25,34,All Origins,666,45,t2_dm,total,0.232456673389536,666,nvss,Deaths,age-adjusted rate
1992,A,Black or African American,35,44,All Origins,666,45,t2_dm,total,1.61018581746115,666,nvss,Deaths,age-adjusted rate
1992,A,Black or African American,45,54,All Origins,666,45,t2_dm,total,5.50357645283831,666,nvss,Deaths,age-adjusted rate
1992,A,Black or African American,55,64,All Origins,666,45,t2_dm,total,8.98816022413837,666,nvss,Deaths,age-adjusted rate
1992,A,Black or African American,65,74,All Origins,666,45,t2_dm,total,10.7013357876789,666,nvss,Deaths,age-adjusted rate
1992,A,Black or African American,75,84,All Origins,666,45,t2_dm,total,14.2160997435779,666,nvss,Deaths,age-adjusted rate
1992,A,Black or African American,85,150,All Origins,666,45,t2_dm,total,4.93118044334533,666,nvss,Deaths,age-adjusted rate
1992,A,Black or African American,25,34,All Origins,666,46,all-cause,overall,18.1735832125203,666,nvss,Deaths,age-adjusted rate
1992,A,Black or African American,35,44,All Origins,666,46,all-cause,overall,36.7904235455967,666,nvss,Deaths,age-adjusted rate
1992,A,Black or African American,75,84,All Origins,666,46,all-cause,overall,527.538857191643,666,nvss,Deaths,age-adjusted rate
1992,A,Black or African American,75,84,All Origins,666,46,cvd_ihd,total,263.769428595822,666,nvss,Deaths,age-adjusted rate
1992,A,Black or African American,35,44,All Origins,666,46,cvd_stroke,total,36.7904235455967,666,nvss,Deaths,age-adjusted rate
1992,A,Black or African American,35,44,All Origins,666,46,ncd_lri,total,36.7904235455967,666,nvss,Deaths,age-adjusted rate
1992,A,Black or African American,75,84,All Origins,666,46,ncd_lri,total,527.538857191643,666,nvss,Deaths,age-adjusted rate
1992,A,Black or African American,25,34,All Origins,666,47,all-cause,overall,34.1538120069203,666,nvss,Deaths,age-adjusted rate
1992,A,Black or African American,35,44,All Origins,666,47,all-cause,overall,66.9494524586157,666,nvss,Deaths,age-adjusted rate
1992,A,Black or African American,45,54,All Origins,666,47,all-cause,overall,117.293309769482,666,nvss,Deaths,age-adjusted rate
1992,A,Black or African American,55,64,All Origins,666,47,all-cause,overall,184.132440738847,666,nvss,Deaths,age-adjusted rate
1992,A,Black or African American,65,74,All Origins,666,47,all-cause,overall,258.183114443628,666,nvss,Deaths,age-adjusted rate
1992,A,Black or African American,75,84,All Origins,666,47,all-cause,overall,314.239411514278,666,nvss,Deaths,age-adjusted rate
1992,A,Black or African American,85,150,All Origins,666,47,all-cause,overall,230.401163776361,666,nvss,Deaths,age-adjusted rate
1992,A,Black or African American,25,34,All Origins,666,47,cvd_ihd,total,0.0981431379509203,666,nvss,Deaths,age-adjusted rate
1992,A,Black or African American,35,44,All Origins,666,47,cvd_ihd,total,2.27173790777738,666,nvss,Deaths,age-adjusted rate
1992,A,Black or African American,45,54,All Origins,666,47,cvd_ihd,total,6.47135502176455,666,nvss,Deaths,age-adjusted rate
1992,A,Black or African American,55,64,All Origins,666,47,cvd_ihd,total,10.7396155463862,666,nvss,Deaths,age-adjusted rate
1992,A,Black or African American,65,74,All Origins,666,47,cvd_ihd,total,20.0204027949464,666,nvss,Deaths,age-adjusted rate
1992,A,Black or African American,75,84,All Origins,666,47,cvd_ihd,total,25.0375512638397,666,nvss,Deaths,age-adjusted rate
1992,A,Black or African American,85,150,All Origins,666,47,cvd_ihd,total,22.8342339404679,666,nvss,Deaths,age-adjusted rate
1992,A,Black or African American,25,34,All Origins,666,47,cvd_stroke,total,0.392572551803681,666,nvss,Deaths,age-adjusted rate
1992,A,Black or African American,35,44,All Origins,666,47,cvd_stroke,total,1.20268477470567,666,nvss,Deaths,age-adjusted rate
1992,A,Black or African American,45,54,All Origins,666,47,cvd_stroke,total,3.03344766645213,666,nvss,Deaths,age-adjusted rate
1992,A,Black or African American,55,64,All Origins,666,47,cvd_stroke,total,2.42507447821624,666,nvss,Deaths,age-adjusted rate
1992,A,Black or African American,65,74,All Origins,666,47,cvd_stroke,total,4.00408055898927,666,nvss,Deaths,age-adjusted rate
1992,A,Black or African American,75,84,All Origins,666,47,cvd_stroke,total,3.81006214884517,666,nvss,Deaths,age-adjusted rate
1992,A,Black or African American,85,150,All Origins,666,47,cvd_stroke,total,3.18181948350782,666,nvss,Deaths,age-adjusted rate
1992,A,Black or African American,45,54,All Origins,666,47,lri,total,0.202229844430142,666,nvss,Deaths,age-adjusted rate
1992,A,Black or African American,55,64,All Origins,666,47,lri,total,0.173219605586874,666,nvss,Deaths,age-adjusted rate
1992,A,Black or African American,65,74,All Origins,666,47,lri,total,0.160163222359571,666,nvss,Deaths,age-adjusted rate
1992,A,Black or African American,85,150,All Origins,666,47,lri,total,0.187165851971048,666,nvss,Deaths,age-adjusted rate
1992,A,Black or African American,25,34,All Origins,666,47,ncd_lri,total,15.3103295203436,666,nvss,Deaths,age-adjusted rate
1992,A,Black or African American,35,44,All Origins,666,47,ncd_lri,total,48.9091808380306,666,nvss,Deaths,age-adjusted rate
1992,A,Black or African American,45,54,All Origins,666,47,ncd_lri,total,101.721611748361,666,nvss,Deaths,age-adjusted rate
1992,A,Black or African American,55,64,All Origins,666,47,ncd_lri,total,168.196237024855,666,nvss,Deaths,age-adjusted rate
1992,A,Black or African American,65,74,All Origins,666,47,ncd_lri,total,237.041569092165,666,nvss,Deaths,age-adjusted rate
1992,A,Black or African American,75,84,All Origins,666,47,ncd_lri,total,282.851756669029,666,nvss,Deaths,age-adjusted rate
1992,A,Black or African American,85,150,All Origins,666,47,ncd_lri,total,198.957300645224,666,nvss,Deaths,age-adjusted rate
1992,A,Black or African American,25,34,All Origins,666,47,neo_lung,total,0.392572551803681,666,nvss,Deaths,age-adjusted rate
1992,A,Black or African American,35,44,All Origins,666,47,neo_lung,total,1.73721134124152,666,nvss,Deaths,age-adjusted rate
1992,A,Black or African American,45,54,All Origins,666,47,neo_lung,total,14.3583189545401,666,nvss,Deaths,age-adjusted rate
1992,A,Black or African American,55,64,All Origins,666,47,neo_lung,total,23.2114271486412,666,nvss,Deaths,age-adjusted rate
1992,A,Black or African American,65,74,All Origins,666,47,neo_lung,total,27.227747801127,666,nvss,Deaths,age-adjusted rate
1992,A,Black or African American,75,84,All Origins,666,47,neo_lung,total,18.5060161515337,666,nvss,Deaths,age-adjusted rate
1992,A,Black or African American,85,150,All Origins,666,47,neo_lung,total,2.62032192759468,666,nvss,Deaths,age-adjusted rate
1992,A,Black or African American,25,34,All Origins,666,47,resp_copd,total,0.392572551803681,666,nvss,Deaths,age-adjusted rate
1992,A,Black or African American,35,44,All Origins,666,47,resp_copd,total,1.06905313307171,666,nvss,Deaths,age-adjusted rate
1992,A,Black or African American,45,54,All Origins,666,47,resp_copd,total,2.4267581331617,666,nvss,Deaths,age-adjusted rate
1992,A,Black or African American,55,64,All Origins,666,47,resp_copd,total,5.19658816760623,666,nvss,Deaths,age-adjusted rate
1992,A,Black or African American,65,74,All Origins,666,47,resp_copd,total,8.00816111797854,666,nvss,Deaths,age-adjusted rate
1992,A,Black or African American,75,84,All Origins,666,47,resp_copd,total,8.89014501397206,666,nvss,Deaths,age-adjusted rate
1992,A,Black or African American,85,150,All Origins,666,47,resp_copd,total,2.62032192759468,666,nvss,Deaths,age-adjusted rate
1992,A,Black or African American,25,34,All Origins,666,47,t2_dm,total,0.392572551803681,666,nvss,Deaths,age-adjusted rate
1992,A,Black or African American,35,44,All Origins,666,47,t2_dm,total,1.60357969960756,666,nvss,Deaths,age-adjusted rate
1992,A,Black or African American,45,54,All Origins,666,47,t2_dm,total,4.44905657746313,666,nvss,Deaths,age-adjusted rate
1992,A,Black or African American,55,64,All Origins,666,47,t2_dm,total,7.44844304023559,666,nvss,Deaths,age-adjusted rate
1992,A,Black or African American,65,74,All Origins,666,47,t2_dm,total,9.44963011921468,666,nvss,Deaths,age-adjusted rate
1992,A,Black or African American,75,84,All Origins,666,47,t2_dm,total,8.89014501397206,666,nvss,Deaths,age-adjusted rate
1992,A,Black or African American,85,150,All Origins,666,47,t2_dm,total,7.11230237489984,666,nvss,Deaths,age-adjusted rate
1992,A,Black or African American,25,34,All Origins,666,48,all-cause,overall,35.3850972811965,666,nvss,Deaths,age-adjusted rate
1992,A,Black or African American,35,44,All Origins,666,48,all-cause,overall,68.2251142265145,666,nvss,Deaths,age-adjusted rate
1992,A,Black or African American,45,54,All Origins,666,48,all-cause,overall,119.867118750571,666,nvss,Deaths,age-adjusted rate
1992,A,Black or African American,55,64,All Origins,666,48,all-cause,overall,171.611305285785,666,nvss,Deaths,age-adjusted rate
1992,A,Black or African American,65,74,All Origins,666,48,all-cause,overall,238.244095913582,666,nvss,Deaths,age-adjusted rate
1992,A,Black or African American,75,84,All Origins,666,48,all-cause,overall,304.49682160857,666,nvss,Deaths,age-adjusted rate
1992,A,Black or African American,85,150,All Origins,666,48,all-cause,overall,206.580575118045,666,nvss,Deaths,age-adjusted rate
1992,A,Black or African American,25,34,All Origins,666,48,cvd_ihd,total,0.344883989095482,666,nvss,Deaths,age-adjusted rate
1992,A,Black or African American,35,44,All Origins,666,48,cvd_ihd,total,2.63769958347863,666,nvss,Deaths,age-adjusted rate
1992,A,Black or African American,45,54,All Origins,666,48,cvd_ihd,total,8.77639790466606,666,nvss,Deaths,age-adjusted rate
1992,A,Black or African American,55,64,All Origins,666,48,cvd_ihd,total,11.7400088123072,666,nvss,Deaths,age-adjusted rate
1992,A,Black or African American,65,74,All Origins,666,48,cvd_ihd,total,18.5570595978224,666,nvss,Deaths,age-adjusted rate
1992,A,Black or African American,75,84,All Origins,666,48,cvd_ihd,total,30.7483807163876,666,nvss,Deaths,age-adjusted rate
1992,A,Black or African American,85,150,All Origins,666,48,cvd_ihd,total,25.7474750874174,666,nvss,Deaths,age-adjusted rate
1992,A,Black or African American,25,34,All Origins,666,48,cvd_stroke,total,0.275907191276386,666,nvss,Deaths,age-adjusted rate
1992,A,Black or African American,35,44,All Origins,666,48,cvd_stroke,total,1.21739980775937,666,nvss,Deaths,age-adjusted rate
1992,A,Black or African American,45,54,All Origins,666,48,cvd_stroke,total,2.15560650290044,666,nvss,Deaths,age-adjusted rate
1992,A,Black or African American,55,64,All Origins,666,48,cvd_stroke,total,1.51929525806329,666,nvss,Deaths,age-adjusted rate
1992,A,Black or African American,65,74,All Origins,666,48,cvd_stroke,total,2.99767885810977,666,nvss,Deaths,age-adjusted rate
1992,A,Black or African American,75,84,All Origins,666,48,cvd_stroke,total,3.86551071863158,666,nvss,Deaths,age-adjusted rate
1992,A,Black or African American,85,150,All Origins,666,48,cvd_stroke,total,3.77629634615455,666,nvss,Deaths,age-adjusted rate
1992,A,Black or African American,55,64,All Origins,666,48,lri,total,0.0690588753665131,666,nvss,Deaths,age-adjusted rate
1992,A,Black or African American,65,74,All Origins,666,48,lri,total,0.0713733061454708,666,nvss,Deaths,age-adjusted rate
1992,A,Black or African American,25,34,All Origins,666,48,ncd_lri,total,18.2098746242415,666,nvss,Deaths,age-adjusted rate
1992,A,Black or African American,35,44,All Origins,666,48,ncd_lri,total,48.8481672863446,666,nvss,Deaths,age-adjusted rate
1992,A,Black or African American,45,54,All Origins,666,48,ncd_lri,total,104.623901337203,666,nvss,Deaths,age-adjusted rate
1992,A,Black or African American,55,64,All Origins,666,48,ncd_lri,total,159.111648844446,666,nvss,Deaths,age-adjusted rate
1992,A,Black or African American,65,74,All Origins,666,48,ncd_lri,total,225.396900807397,666,nvss,Deaths,age-adjusted rate
1992,A,Black or African American,75,84,All Origins,666,48,ncd_lri,total,282.094429943773,666,nvss,Deaths,age-adjusted rate
1992,A,Black or African American,85,150,All Origins,666,48,ncd_lri,total,189.673066477308,666,nvss,Deaths,age-adjusted rate
1992,A,Black or African American,25,34,All Origins,666,48,neo_lung,total,0.172441994547741,666,nvss,Deaths,age-adjusted rate
1992,A,Black or African American,35,44,All Origins,666,48,neo_lung,total,2.23189964755884,666,nvss,Deaths,age-adjusted rate
1992,A,Black or African American,45,54,All Origins,666,48,neo_lung,total,10.8550184610343,666,nvss,Deaths,age-adjusted rate
1992,A,Black or African American,55,64,All Origins,666,48,neo_lung,total,20.3033093577549,666,nvss,Deaths,age-adjusted rate
1992,A,Black or African American,65,74,All Origins,666,48,neo_lung,total,26.5508698861151,666,nvss,Deaths,age-adjusted rate
1992,A,Black or African American,75,84,All Origins,666,48,neo_lung,total,18.0097658481699,666,nvss,Deaths,age-adjusted rate
1992,A,Black or African American,85,150,All Origins,666,48,neo_lung,total,4.37707076486096,666,nvss,Deaths,age-adjusted rate
1992,A,Black or African American,25,34,All Origins,666,48,resp_copd,total,0.137953595638193,666,nvss,Deaths,age-adjusted rate
1992,A,Black or African American,35,44,All Origins,666,48,resp_copd,total,0.507249919899736,666,nvss,Deaths,age-adjusted rate
1992,A,Black or African American,45,54,All Origins,666,48,resp_copd,total,1.46273298411101,666,nvss,Deaths,age-adjusted rate
1992,A,Black or African American,55,64,All Origins,666,48,resp_copd,total,4.28165027272382,666,nvss,Deaths,age-adjusted rate
1992,A,Black or African American,65,74,All Origins,666,48,resp_copd,total,8.0651835944382,666,nvss,Deaths,age-adjusted rate
1992,A,Black or African American,75,84,All Origins,666,48,resp_copd,total,9.66377679657895,666,nvss,Deaths,age-adjusted rate
1992,A,Black or African American,85,150,All Origins,666,48,resp_copd,total,3.17552192744814,666,nvss,Deaths,age-adjusted rate
1992,A,Black or African American,25,34,All Origins,666,48,t2_dm,total,0.344883989095482,666,nvss,Deaths,age-adjusted rate
1992,A,Black or African American,35,44,All Origins,666,48,t2_dm,total,1.77537471964908,666,nvss,Deaths,age-adjusted rate
1992,A,Black or African American,45,54,All Origins,666,48,t2_dm,total,4.85011463152598,666,nvss,Deaths,age-adjusted rate
1992,A,Black or African American,55,64,All Origins,666,48,t2_dm,total,8.90859492228019,666,nvss,Deaths,age-adjusted rate
1992,A,Black or African American,65,74,All Origins,666,48,t2_dm,total,12.3475819631665,666,nvss,Deaths,age-adjusted rate
1992,A,Black or African American,75,84,All Origins,666,48,t2_dm,total,12.9143199008828,666,nvss,Deaths,age-adjusted rate
1992,A,Black or African American,85,150,All Origins,666,48,t2_dm,total,6.9518182736027,666,nvss,Deaths,age-adjusted rate
1992,A,Black or African American,25,34,All Origins,666,49,all-cause,overall,25.6770702207199,666,nvss,Deaths,age-adjusted rate
1992,A,Black or African American,35,44,All Origins,666,49,all-cause,overall,43.5494569018579,666,nvss,Deaths,age-adjusted rate
1992,A,Black or African American,45,54,All Origins,666,49,all-cause,overall,67.501740413193,666,nvss,Deaths,age-adjusted rate
1992,A,Black or African American,55,64,All Origins,666,49,all-cause,overall,108.159896452131,666,nvss,Deaths,age-adjusted rate
1992,A,Black or African American,65,74,All Origins,666,49,all-cause,overall,165.917830600128,666,nvss,Deaths,age-adjusted rate
1992,A,Black or African American,75,84,All Origins,666,49,all-cause,overall,280.25501788306,666,nvss,Deaths,age-adjusted rate
1992,A,Black or African American,85,150,All Origins,666,49,all-cause,overall,140.986931766555,666,nvss,Deaths,age-adjusted rate
1992,A,Black or African American,55,64,All Origins,666,49,cvd_ihd,total,18.0266494086886,666,nvss,Deaths,age-adjusted rate
1992,A,Black or African American,75,84,All Origins,666,49,cvd_stroke,total,46.7091696471767,666,nvss,Deaths,age-adjusted rate
1992,A,Black or African American,25,34,All Origins,666,49,ncd_lri,total,5.13541404414399,666,nvss,Deaths,age-adjusted rate
1992,A,Black or African American,35,44,All Origins,666,49,ncd_lri,total,17.4197827607432,666,nvss,Deaths,age-adjusted rate
1992,A,Black or African American,45,54,All Origins,666,49,ncd_lri,total,67.501740413193,666,nvss,Deaths,age-adjusted rate
1992,A,Black or African American,55,64,All Origins,666,49,ncd_lri,total,90.1332470434429,666,nvss,Deaths,age-adjusted rate
1992,A,Black or African American,65,74,All Origins,666,49,ncd_lri,total,165.917830600128,666,nvss,Deaths,age-adjusted rate
1992,A,Black or African American,75,84,All Origins,666,49,ncd_lri,total,233.545848235884,666,nvss,Deaths,age-adjusted rate
1992,A,Black or African American,85,150,All Origins,666,49,ncd_lri,total,112.789545413244,666,nvss,Deaths,age-adjusted rate
1992,A,Black or African American,65,74,All Origins,666,49,neo_lung,total,16.5917830600128,666,nvss,Deaths,age-adjusted rate
1992,A,Black or African American,85,150,All Origins,666,49,neo_lung,total,28.197386353311,666,nvss,Deaths,age-adjusted rate
1992,A,Black or African American,55,64,All Origins,666,49,resp_copd,total,18.0266494086886,666,nvss,Deaths,age-adjusted rate
1992,A,Black or African American,45,54,All Origins,666,49,t2_dm,total,16.8754351032982,666,nvss,Deaths,age-adjusted rate
1992,A,Black or African American,65,74,All Origins,666,49,t2_dm,total,16.5917830600128,666,nvss,Deaths,age-adjusted rate
1992,A,Black or African American,55,64,All Origins,666,50,all-cause,overall,101.45230597448,666,nvss,Deaths,age-adjusted rate
1992,A,Black or African American,85,150,All Origins,666,50,all-cause,overall,258.476041572018,666,nvss,Deaths,age-adjusted rate
1992,A,Black or African American,85,150,All Origins,666,50,ncd_lri,total,258.476041572018,666,nvss,Deaths,age-adjusted rate
1992,A,Black or African American,25,34,All Origins,666,51,all-cause,overall,27.2874669330792,666,nvss,Deaths,age-adjusted rate
1992,A,Black or African American,35,44,All Origins,666,51,all-cause,overall,59.9093542997091,666,nvss,Deaths,age-adjusted rate
1992,A,Black or African American,45,54,All Origins,666,51,all-cause,overall,109.807717523192,666,nvss,Deaths,age-adjusted rate
1992,A,Black or African American,55,64,All Origins,666,51,all-cause,overall,159.599859837855,666,nvss,Deaths,age-adjusted rate
1992,A,Black or African American,65,74,All Origins,666,51,all-cause,overall,259.077663864477,666,nvss,Deaths,age-adjusted rate
1992,A,Black or African American,75,84,All Origins,666,51,all-cause,overall,305.324036919505,666,nvss,Deaths,age-adjusted rate
1992,A,Black or African American,85,150,All Origins,666,51,all-cause,overall,240.178244714283,666,nvss,Deaths,age-adjusted rate
1992,A,Black or African American,25,34,All Origins,666,51,cvd_ihd,total,0.119944909595953,666,nvss,Deaths,age-adjusted rate
1992,A,Black or African American,35,44,All Origins,666,51,cvd_ihd,total,1.45494146156436,666,nvss,Deaths,age-adjusted rate
1992,A,Black or African American,45,54,All Origins,666,51,cvd_ihd,total,5.06995092167891,666,nvss,Deaths,age-adjusted rate
1992,A,Black or African American,55,64,All Origins,666,51,cvd_ihd,total,10.9155282624828,666,nvss,Deaths,age-adjusted rate
1992,A,Black or African American,65,74,All Origins,666,51,cvd_ihd,total,20.7537536353092,666,nvss,Deaths,age-adjusted rate
1992,A,Black or African American,75,84,All Origins,666,51,cvd_ihd,total,23.8473319488986,666,nvss,Deaths,age-adjusted rate
1992,A,Black or African American,85,150,All Origins,666,51,cvd_ihd,total,22.1775589421833,666,nvss,Deaths,age-adjusted rate
1992,A,Black or African American,25,34,All Origins,666,51,cvd_stroke,total,0.299862273989882,666,nvss,Deaths,age-adjusted rate
1992,A,Black or African American,35,44,All Origins,666,51,cvd_stroke,total,1.36935666970764,666,nvss,Deaths,age-adjusted rate
1992,A,Black or African American,45,54,All Origins,666,51,cvd_stroke,total,1.60754541419088,666,nvss,Deaths,age-adjusted rate
1992,A,Black or African American,55,64,All Origins,666,51,cvd_stroke,total,1.8015920433224,666,nvss,Deaths,age-adjusted rate
1992,A,Black or African American,65,74,All Origins,666,51,cvd_stroke,total,3.24584772495358,666,nvss,Deaths,age-adjusted rate
1992,A,Black or African American,75,84,All Origins,666,51,cvd_stroke,total,4.69127841617677,666,nvss,Deaths,age-adjusted rate
1992,A,Black or African American,85,150,All Origins,666,51,cvd_stroke,total,4.40405425802221,666,nvss,Deaths,age-adjusted rate
1992,A,Black or African American,55,64,All Origins,666,51,lri,total,0.105976002548376,666,nvss,Deaths,age-adjusted rate
1992,A,Black or African American,65,74,All Origins,666,51,lri,total,0.295077065904871,666,nvss,Deaths,age-adjusted rate
1992,A,Black or African American,75,84,All Origins,666,51,lri,total,0.130313289338244,666,nvss,Deaths,age-adjusted rate
1992,A,Black or African American,25,34,All Origins,666,51,ncd_lri,total,14.1534993323224,666,nvss,Deaths,age-adjusted rate
1992,A,Black or African American,35,44,All Origins,666,51,ncd_lri,total,41.6797936342262,666,nvss,Deaths,age-adjusted rate
1992,A,Black or African American,45,54,All Origins,666,51,ncd_lri,total,96.5763821910056,666,nvss,Deaths,age-adjusted rate
1992,A,Black or African American,55,64,All Origins,666,51,ncd_lri,total,147.624571549888,666,nvss,Deaths,age-adjusted rate
1992,A,Black or African American,65,74,All Origins,666,51,ncd_lri,total,241.668116976089,666,nvss,Deaths,age-adjusted rate
1992,A,Black or African American,75,84,All Origins,666,51,ncd_lri,total,282.128271417298,666,nvss,Deaths,age-adjusted rate
1992,A,Black or African American,85,150,All Origins,666,51,ncd_lri,total,216.270521599305,666,nvss,Deaths,age-adjusted rate
1992,A,Black or African American,25,34,All Origins,666,51,neo_lung,total,0.239889819191905,666,nvss,Deaths,age-adjusted rate
1992,A,Black or African American,35,44,All Origins,666,51,neo_lung,total,1.36935666970764,666,nvss,Deaths,age-adjusted rate
1992,A,Black or African American,45,54,All Origins,666,51,neo_lung,total,10.0162445038047,666,nvss,Deaths,age-adjusted rate
1992,A,Black or African American,55,64,All Origins,666,51,neo_lung,total,20.4533684918366,666,nvss,Deaths,age-adjusted rate
1992,A,Black or African American,65,74,All Origins,666,51,neo_lung,total,26.6552949534067,666,nvss,Deaths,age-adjusted rate
1992,A,Black or African American,75,84,All Origins,666,51,neo_lung,total,18.7651136647071,666,nvss,Deaths,age-adjusted rate
1992,A,Black or African American,85,150,All Origins,666,51,neo_lung,total,5.19049251838332,666,nvss,Deaths,age-adjusted rate
1992,A,Black or African American,25,34,All Origins,666,51,resp_copd,total,0.239889819191905,666,nvss,Deaths,age-adjusted rate
1992,A,Black or African American,35,44,All Origins,666,51,resp_copd,total,0.427923959283636,666,nvss,Deaths,age-adjusted rate
1992,A,Black or African American,45,54,All Origins,666,51,resp_copd,total,1.97851743285031,666,nvss,Deaths,age-adjusted rate
1992,A,Black or African American,55,64,All Origins,666,51,resp_copd,total,5.19282412487044,666,nvss,Deaths,age-adjusted rate
1992,A,Black or African American,65,74,All Origins,666,51,resp_copd,total,7.57364469155835,666,nvss,Deaths,age-adjusted rate
1992,A,Black or African American,75,84,All Origins,666,51,resp_copd,total,9.90380998970652,666,nvss,Deaths,age-adjusted rate
1992,A,Black or African American,85,150,All Origins,666,51,resp_copd,total,6.60608138703332,666,nvss,Deaths,age-adjusted rate
1992,A,Black or African American,25,34,All Origins,666,51,t2_dm,total,0.179917364393929,666,nvss,Deaths,age-adjusted rate
1992,A,Black or African American,35,44,All Origins,666,51,t2_dm,total,0.855847918567272,666,nvss,Deaths,age-adjusted rate
1992,A,Black or African American,45,54,All Origins,666,51,t2_dm,total,2.84411880972232,666,nvss,Deaths,age-adjusted rate
1992,A,Black or African American,55,64,All Origins,666,51,t2_dm,total,6.57051215799933,666,nvss,Deaths,age-adjusted rate
1992,A,Black or African American,65,74,All Origins,666,51,t2_dm,total,9.14738904305099,666,nvss,Deaths,age-adjusted rate
1992,A,Black or African American,75,84,All Origins,666,51,t2_dm,total,10.8160030150742,666,nvss,Deaths,age-adjusted rate
1992,A,Black or African American,85,150,All Origins,666,51,t2_dm,total,4.40405425802221,666,nvss,Deaths,age-adjusted rate
1992,A,Black or African American,25,34,All Origins,666,53,all-cause,overall,23.9187874982318,666,nvss,Deaths,age-adjusted rate
1992,A,Black or African American,35,44,All Origins,666,53,all-cause,overall,56.9379936463613,666,nvss,Deaths,age-adjusted rate
1992,A,Black or African American,45,54,All Origins,666,53,all-cause,overall,78.727944613869,666,nvss,Deaths,age-adjusted rate
1992,A,Black or African American,55,64,All Origins,666,53,all-cause,overall,139.633835582302,666,nvss,Deaths,age-adjusted rate
1992,A,Black or African American,65,74,All Origins,666,53,all-cause,overall,249.080504639526,666,nvss,Deaths,age-adjusted rate
1992,A,Black or African American,75,84,All Origins,666,53,all-cause,overall,234.340155973559,666,nvss,Deaths,age-adjusted rate
1992,A,Black or African American,85,150,All Origins,666,53,all-cause,overall,243.926065721937,666,nvss,Deaths,age-adjusted rate
1992,A,Black or African American,25,34,All Origins,666,53,cvd_ihd,total,0.405403177936132,666,nvss,Deaths,age-adjusted rate
1992,A,Black or African American,35,44,All Origins,666,53,cvd_ihd,total,1.85667370585961,666,nvss,Deaths,age-adjusted rate
1992,A,Black or African American,45,54,All Origins,666,53,cvd_ihd,total,1.04970592818492,666,nvss,Deaths,age-adjusted rate
1992,A,Black or African American,55,64,All Origins,666,53,cvd_ihd,total,7.75743531012789,666,nvss,Deaths,age-adjusted rate
1992,A,Black or African American,65,74,All Origins,666,53,cvd_ihd,total,12.7436537257432,666,nvss,Deaths,age-adjusted rate
1992,A,Black or African American,75,84,All Origins,666,53,cvd_ihd,total,16.7385825695399,666,nvss,Deaths,age-adjusted rate
1992,A,Black or African American,85,150,All Origins,666,53,cvd_ihd,total,38.5146419560954,666,nvss,Deaths,age-adjusted rate
1992,A,Black or African American,35,44,All Origins,666,53,cvd_stroke,total,0.618891235286536,666,nvss,Deaths,age-adjusted rate
1992,A,Black or African American,45,54,All Origins,666,53,cvd_stroke,total,1.04970592818492,666,nvss,Deaths,age-adjusted rate
1992,A,Black or African American,55,64,All Origins,666,53,cvd_stroke,total,1.10820504430398,666,nvss,Deaths,age-adjusted rate
1992,A,Black or African American,65,74,All Origins,666,53,cvd_stroke,total,4.63405590027025,666,nvss,Deaths,age-adjusted rate
1992,A,Black or African American,75,84,All Origins,666,53,cvd_stroke,total,1.85984250772666,666,nvss,Deaths,age-adjusted rate
1992,A,Black or African American,85,150,All Origins,666,53,cvd_stroke,total,5.13528559414605,666,nvss,Deaths,age-adjusted rate
1992,A,Black or African American,25,34,All Origins,666,53,ncd_lri,total,11.7566921601478,666,nvss,Deaths,age-adjusted rate
1992,A,Black or African American,35,44,All Origins,666,53,ncd_lri,total,36.5145828819056,666,nvss,Deaths,age-adjusted rate
1992,A,Black or African American,45,54,All Origins,666,53,ncd_lri,total,65.081767547465,666,nvss,Deaths,age-adjusted rate
1992,A,Black or African American,55,64,All Origins,666,53,ncd_lri,total,131.876400272174,666,nvss,Deaths,age-adjusted rate
1992,A,Black or African American,65,74,All Origins,666,53,ncd_lri,total,238.653878863918,666,nvss,Deaths,age-adjusted rate
1992,A,Black or African American,75,84,All Origins,666,53,ncd_lri,total,217.601573404019,666,nvss,Deaths,age-adjusted rate
1992,A,Black or African American,85,150,All Origins,666,53,ncd_lri,total,220.81728054828,666,nvss,Deaths,age-adjusted rate
1992,A,Black or African American,35,44,All Origins,666,53,neo_lung,total,2.47556494114615,666,nvss,Deaths,age-adjusted rate
1992,A,Black or African American,45,54,All Origins,666,53,neo_lung,total,13.646177066404,666,nvss,Deaths,age-adjusted rate
1992,A,Black or African American,55,64,All Origins,666,53,neo_lung,total,21.0558958417757,666,nvss,Deaths,age-adjusted rate
1992,A,Black or African American,65,74,All Origins,666,53,neo_lung,total,24.3287934764188,666,nvss,Deaths,age-adjusted rate
1992,A,Black or African American,75,84,All Origins,666,53,neo_lung,total,9.29921253863328,666,nvss,Deaths,age-adjusted rate
1992,A,Black or African American,85,150,All Origins,666,53,neo_lung,total,2.56764279707303,666,nvss,Deaths,age-adjusted rate
1992,A,Black or African American,25,34,All Origins,666,53,resp_copd,total,0.405403177936132,666,nvss,Deaths,age-adjusted rate
1992,A,Black or African American,35,44,All Origins,666,53,resp_copd,total,1.23778247057307,666,nvss,Deaths,age-adjusted rate
1992,A,Black or African American,45,54,All Origins,666,53,resp_copd,total,1.04970592818492,666,nvss,Deaths,age-adjusted rate
1992,A,Black or African American,55,64,All Origins,666,53,resp_copd,total,5.54102522151992,666,nvss,Deaths,age-adjusted rate
1992,A,Black or African American,65,74,All Origins,666,53,resp_copd,total,12.7436537257432,666,nvss,Deaths,age-adjusted rate
1992,A,Black or African American,75,84,All Origins,666,53,resp_copd,total,16.7385825695399,666,nvss,Deaths,age-adjusted rate
1992,A,Black or African American,85,150,All Origins,666,53,resp_copd,total,7.70292839121908,666,nvss,Deaths,age-adjusted rate
1992,A,Black or African American,35,44,All Origins,666,53,t2_dm,total,0.618891235286536,666,nvss,Deaths,age-adjusted rate
1992,A,Black or African American,45,54,All Origins,666,53,t2_dm,total,3.14911778455476,666,nvss,Deaths,age-adjusted rate
1992,A,Black or African American,55,64,All Origins,666,53,t2_dm,total,14.4066655759518,666,nvss,Deaths,age-adjusted rate
1992,A,Black or African American,65,74,All Origins,666,53,t2_dm,total,20.8532515512161,666,nvss,Deaths,age-adjusted rate
1992,A,Black or African American,75,84,All Origins,666,53,t2_dm,total,5.57952752317997,666,nvss,Deaths,age-adjusted rate
1992,A,Black or African American,85,150,All Origins,666,53,t2_dm,total,10.2705711882921,666,nvss,Deaths,age-adjusted rate
1992,A,Black or African American,25,34,All Origins,666,54,all-cause,overall,40.8411710229762,666,nvss,Deaths,age-adjusted rate
1992,A,Black or African American,35,44,All Origins,666,54,all-cause,overall,68.4071937800939,666,nvss,Deaths,age-adjusted rate
1992,A,Black or African American,45,54,All Origins,666,54,all-cause,overall,131.138991266922,666,nvss,Deaths,age-adjusted rate
1992,A,Black or African American,55,64,All Origins,666,54,all-cause,overall,206.232521648074,666,nvss,Deaths,age-adjusted rate
1992,A,Black or African American,65,74,All Origins,666,54,all-cause,overall,240.972944209481,666,nvss,Deaths,age-adjusted rate
1992,A,Black or African American,75,84,All Origins,666,54,all-cause,overall,303.790901530262,666,nvss,Deaths,age-adjusted rate
1992,A,Black or African American,85,150,All Origins,666,54,all-cause,overall,221.321781201273,666,nvss,Deaths,age-adjusted rate
1992,A,Black or African American,35,44,All Origins,666,54,cvd_ihd,total,3.90898250171965,666,nvss,Deaths,age-adjusted rate
1992,A,Black or African American,45,54,All Origins,666,54,cvd_ihd,total,2.98043161970276,666,nvss,Deaths,age-adjusted rate
1992,A,Black or African American,55,64,All Origins,666,54,cvd_ihd,total,8.41765394481936,666,nvss,Deaths,age-adjusted rate
1992,A,Black or African American,65,74,All Origins,666,54,cvd_ihd,total,24.6779521178384,666,nvss,Deaths,age-adjusted rate
1992,A,Black or African American,75,84,All Origins,666,54,cvd_ihd,total,37.9738626912827,666,nvss,Deaths,age-adjusted rate
1992,A,Black or African American,85,150,All Origins,666,54,cvd_ihd,total,22.4529343247668,666,nvss,Deaths,age-adjusted rate
1992,A,Black or African American,25,34,All Origins,666,54,cvd_stroke,total,1.77570308795549,666,nvss,Deaths,age-adjusted rate
1992,A,Black or African American,45,54,All Origins,666,54,cvd_stroke,total,2.98043161970276,666,nvss,Deaths,age-adjusted rate
1992,A,Black or African American,55,64,All Origins,666,54,cvd_stroke,total,2.10441348620484,666,nvss,Deaths,age-adjusted rate
1992,A,Black or African American,65,74,All Origins,666,54,cvd_stroke,total,2.90328848445157,666,nvss,Deaths,age-adjusted rate
1992,A,Black or African American,75,84,All Origins,666,54,cvd_stroke,total,1.58224427880345,666,nvss,Deaths,age-adjusted rate
1992,A,Black or African American,85,150,All Origins,666,54,cvd_stroke,total,1.60378102319763,666,nvss,Deaths,age-adjusted rate
1992,A,Black or African American,25,34,All Origins,666,54,ncd_lri,total,19.5327339675103,666,nvss,Deaths,age-adjusted rate
1992,A,Black or African American,35,44,All Origins,666,54,ncd_lri,total,50.8167725223554,666,nvss,Deaths,age-adjusted rate
1992,A,Black or African American,45,54,All Origins,666,54,ncd_lri,total,113.256401548705,666,nvss,Deaths,age-adjusted rate
1992,A,Black or African American,55,64,All Origins,666,54,ncd_lri,total,195.71045421705,666,nvss,Deaths,age-adjusted rate
1992,A,Black or African American,65,74,All Origins,666,54,ncd_lri,total,223.553213302771,666,nvss,Deaths,age-adjusted rate
1992,A,Black or African American,75,84,All Origins,666,54,ncd_lri,total,278.474993069407,666,nvss,Deaths,age-adjusted rate
1992,A,Black or African American,85,150,All Origins,666,54,ncd_lri,total,195.661284830111,666,nvss,Deaths,age-adjusted rate
1992,A,Black or African American,35,44,All Origins,666,54,neo_lung,total,1.95449125085982,666,nvss,Deaths,age-adjusted rate
1992,A,Black or African American,45,54,All Origins,666,54,neo_lung,total,2.98043161970276,666,nvss,Deaths,age-adjusted rate
1992,A,Black or African American,55,64,All Origins,666,54,neo_lung,total,29.4617888068678,666,nvss,Deaths,age-adjusted rate
1992,A,Black or African American,65,74,All Origins,666,54,neo_lung,total,27.58124060229,666,nvss,Deaths,age-adjusted rate
1992,A,Black or African American,75,84,All Origins,666,54,neo_lung,total,14.240198509231,666,nvss,Deaths,age-adjusted rate
1992,A,Black or African American,85,150,All Origins,666,54,neo_lung,total,1.60378102319763,666,nvss,Deaths,age-adjusted rate
1992,A,Black or African American,25,34,All Origins,666,54,resp_copd,total,1.77570308795549,666,nvss,Deaths,age-adjusted rate
1992,A,Black or African American,45,54,All Origins,666,54,resp_copd,total,2.98043161970276,666,nvss,Deaths,age-adjusted rate
1992,A,Black or African American,55,64,All Origins,666,54,resp_copd,total,4.20882697240968,666,nvss,Deaths,age-adjusted rate
1992,A,Black or African American,65,74,All Origins,666,54,resp_copd,total,11.6131539378063,666,nvss,Deaths,age-adjusted rate
1992,A,Black or African American,75,84,All Origins,666,54,resp_copd,total,4.74673283641034,666,nvss,Deaths,age-adjusted rate
1992,A,Black or African American,85,150,All Origins,666,54,resp_copd,total,8.01890511598815,666,nvss,Deaths,age-adjusted rate
1992,A,Black or African American,35,44,All Origins,666,54,t2_dm,total,3.90898250171965,666,nvss,Deaths,age-adjusted rate
1992,A,Black or African American,45,54,All Origins,666,54,t2_dm,total,8.94129485910828,666,nvss,Deaths,age-adjusted rate
1992,A,Black or African American,55,64,All Origins,666,54,t2_dm,total,18.9397213758436,666,nvss,Deaths,age-adjusted rate
1992,A,Black or African American,65,74,All Origins,666,54,t2_dm,total,14.5164424222579,666,nvss,Deaths,age-adjusted rate
1992,A,Black or African American,75,84,All Origins,666,54,t2_dm,total,17.4046870668379,666,nvss,Deaths,age-adjusted rate
1992,A,Black or African American,85,150,All Origins,666,54,t2_dm,total,11.2264671623834,666,nvss,Deaths,age-adjusted rate
1992,A,Black or African American,25,34,All Origins,666,55,all-cause,overall,31.7159070723802,666,nvss,Deaths,age-adjusted rate
1992,A,Black or African American,35,44,All Origins,666,55,all-cause,overall,54.394790504298,666,nvss,Deaths,age-adjusted rate
1992,A,Black or African American,45,54,All Origins,666,55,all-cause,overall,116.351637962825,666,nvss,Deaths,age-adjusted rate
1992,A,Black or African American,55,64,All Origins,666,55,all-cause,overall,129.311786212057,666,nvss,Deaths,age-adjusted rate
1992,A,Black or African American,65,74,All Origins,666,55,all-cause,overall,226.297312646649,666,nvss,Deaths,age-adjusted rate
1992,A,Black or African American,75,84,All Origins,666,55,all-cause,overall,311.157662440508,666,nvss,Deaths,age-adjusted rate
1992,A,Black or African American,85,150,All Origins,666,55,all-cause,overall,177.96711059057,666,nvss,Deaths,age-adjusted rate
1992,A,Black or African American,25,34,All Origins,666,55,cvd_ihd,total,1.20822503132877,666,nvss,Deaths,age-adjusted rate
1992,A,Black or African American,35,44,All Origins,666,55,cvd_ihd,total,1.78343575423928,666,nvss,Deaths,age-adjusted rate
1992,A,Black or African American,45,54,All Origins,666,55,cvd_ihd,total,5.60730785363011,666,nvss,Deaths,age-adjusted rate
1992,A,Black or African American,55,64,All Origins,666,55,cvd_ihd,total,11.2733352082306,666,nvss,Deaths,age-adjusted rate
1992,A,Black or African American,65,74,All Origins,666,55,cvd_ihd,total,31.3334740587668,666,nvss,Deaths,age-adjusted rate
1992,A,Black or African American,75,84,All Origins,666,55,cvd_ihd,total,36.9410923445352,666,nvss,Deaths,age-adjusted rate
1992,A,Black or African American,85,150,All Origins,666,55,cvd_ihd,total,35.5934221181139,666,nvss,Deaths,age-adjusted rate
1992,A,Black or African American,25,34,All Origins,666,55,cvd_stroke,total,0.604112515664385,666,nvss,Deaths,age-adjusted rate
1992,A,Black or African American,35,44,All Origins,666,55,cvd_stroke,total,1.33757681567946,666,nvss,Deaths,age-adjusted rate
1992,A,Black or African American,45,54,All Origins,666,55,cvd_stroke,total,0.700913481703763,666,nvss,Deaths,age-adjusted rate
1992,A,Black or African American,55,64,All Origins,666,55,cvd_stroke,total,0.663137365190034,666,nvss,Deaths,age-adjusted rate
1992,A,Black or African American,65,74,All Origins,666,55,cvd_stroke,total,3.48149711764076,666,nvss,Deaths,age-adjusted rate
1992,A,Black or African American,75,84,All Origins,666,55,cvd_stroke,total,4.26243373206176,666,nvss,Deaths,age-adjusted rate
1992,A,Black or African American,25,34,All Origins,666,55,ncd_lri,total,15.4048691494418,666,nvss,Deaths,age-adjusted rate
1992,A,Black or African American,35,44,All Origins,666,55,ncd_lri,total,40.5731634089436,666,nvss,Deaths,age-adjusted rate
1992,A,Black or African American,45,54,All Origins,666,55,ncd_lri,total,96.0251469934156,666,nvss,Deaths,age-adjusted rate
1992,A,Black or African American,55,64,All Origins,666,55,ncd_lri,total,119.364725734206,666,nvss,Deaths,age-adjusted rate
1992,A,Black or African American,65,74,All Origins,666,55,ncd_lri,total,211.500949896676,666,nvss,Deaths,age-adjusted rate
1992,A,Black or African American,75,84,All Origins,666,55,ncd_lri,total,291.26630502422,666,nvss,Deaths,age-adjusted rate
1992,A,Black or African American,85,150,All Origins,666,55,ncd_lri,total,166.102636551198,666,nvss,Deaths,age-adjusted rate
1992,A,Black or African American,35,44,All Origins,666,55,neo_lung,total,3.12101256991874,666,nvss,Deaths,age-adjusted rate
1992,A,Black or African American,45,54,All Origins,666,55,neo_lung,total,13.3173561523715,666,nvss,Deaths,age-adjusted rate
1992,A,Black or African American,55,64,All Origins,666,55,neo_lung,total,19.230983590511,666,nvss,Deaths,age-adjusted rate
1992,A,Black or African American,65,74,All Origins,666,55,neo_lung,total,21.7593569852547,666,nvss,Deaths,age-adjusted rate
1992,A,Black or African American,75,84,All Origins,666,55,neo_lung,total,21.3121686603088,666,nvss,Deaths,age-adjusted rate
1992,A,Black or African American,85,150,All Origins,666,55,neo_lung,total,1.69492486276733,666,nvss,Deaths,age-adjusted rate
1992,A,Black or African American,25,34,All Origins,666,55,resp_copd,total,0.302056257832193,666,nvss,Deaths,age-adjusted rate
1992,A,Black or African American,35,44,All Origins,666,55,resp_copd,total,2.2292946927991,666,nvss,Deaths,age-adjusted rate
1992,A,Black or African American,45,54,All Origins,666,55,resp_copd,total,1.40182696340753,666,nvss,Deaths,age-adjusted rate
1992,A,Black or African American,55,64,All Origins,666,55,resp_copd,total,3.9788241911402,666,nvss,Deaths,age-adjusted rate
1992,A,Black or African American,65,74,All Origins,666,55,resp_copd,total,9.57411707351208,666,nvss,Deaths,age-adjusted rate
1992,A,Black or African American,75,84,All Origins,666,55,resp_copd,total,15.6289236842264,666,nvss,Deaths,age-adjusted rate
1992,A,Black or African American,85,150,All Origins,666,55,resp_copd,total,5.08477458830199,666,nvss,Deaths,age-adjusted rate
1992,A,Black or African American,25,34,All Origins,666,55,t2_dm,total,0.302056257832193,666,nvss,Deaths,age-adjusted rate
1992,A,Black or African American,35,44,All Origins,666,55,t2_dm,total,0.44585893855982,666,nvss,Deaths,age-adjusted rate
1992,A,Black or African American,45,54,All Origins,666,55,t2_dm,total,2.10274044511129,666,nvss,Deaths,age-adjusted rate
1992,A,Black or African American,55,64,All Origins,666,55,t2_dm,total,3.9788241911402,666,nvss,Deaths,age-adjusted rate
1992,A,Black or African American,65,74,All Origins,666,55,t2_dm,total,12.1852399117426,666,nvss,Deaths,age-adjusted rate
1992,A,Black or African American,75,84,All Origins,666,55,t2_dm,total,15.6289236842264,666,nvss,Deaths,age-adjusted rate
1992,A,Black or African American,85,150,All Origins,666,55,t2_dm,total,8.47462431383665,666,nvss,Deaths,age-adjusted rate
1992,A,Black or African American,25,34,All Origins,666,56,all-cause,overall,35.2142677312731,666,nvss,Deaths,age-adjusted rate
1992,A,Black or African American,35,44,All Origins,666,56,all-cause,overall,70.0921000308351,666,nvss,Deaths,age-adjusted rate
1992,A,Black or African American,55,64,All Origins,666,56,all-cause,overall,234.54027725283,666,nvss,Deaths,age-adjusted rate
1992,A,Black or African American,65,74,All Origins,666,56,all-cause,overall,152.389145951195,666,nvss,Deaths,age-adjusted rate
1992,A,Black or African American,75,84,All Origins,666,56,all-cause,overall,560.510035766121,666,nvss,Deaths,age-adjusted rate
1992,A,Black or African American,85,150,All Origins,666,56,all-cause,overall,310.171249886421,666,nvss,Deaths,age-adjusted rate
1992,A,Black or African American,55,64,All Origins,666,56,cvd_ihd,total,46.908055450566,666,nvss,Deaths,age-adjusted rate
1992,A,Black or African American,75,84,All Origins,666,56,cvd_ihd,total,93.4183392943535,666,nvss,Deaths,age-adjusted rate
1992,A,Black or African American,75,84,All Origins,666,56,cvd_stroke,total,93.4183392943535,666,nvss,Deaths,age-adjusted rate
1992,A,Black or African American,25,34,All Origins,666,56,ncd_lri,total,17.6071338656365,666,nvss,Deaths,age-adjusted rate
1992,A,Black or African American,35,44,All Origins,666,56,ncd_lri,total,70.0921000308351,666,nvss,Deaths,age-adjusted rate
1992,A,Black or African American,55,64,All Origins,666,56,ncd_lri,total,234.54027725283,666,nvss,Deaths,age-adjusted rate
1992,A,Black or African American,65,74,All Origins,666,56,ncd_lri,total,152.389145951195,666,nvss,Deaths,age-adjusted rate
1992,A,Black or African American,75,84,All Origins,666,56,ncd_lri,total,467.091696471767,666,nvss,Deaths,age-adjusted rate
1992,A,Black or African American,85,150,All Origins,666,56,ncd_lri,total,310.171249886421,666,nvss,Deaths,age-adjusted rate
1992,A,Black or African American,25,34,All Origins,666,56,resp_copd,total,17.6071338656365,666,nvss,Deaths,age-adjusted rate
1992,A,Black or African American,55,64,All Origins,666,56,t2_dm,total,46.908055450566,666,nvss,Deaths,age-adjusted rate
1992,A,Black or African American,85,150,All Origins,666,56,t2_dm,total,103.390416628807,666,nvss,Deaths,age-adjusted rate
1992,A,White,25,34,All Origins,1,29,all-cause,overall,181.241243864695,666,nvss,Deaths,age-adjusted rate
1992,A,White,35,44,All Origins,1,29,all-cause,overall,318.045594571904,666,nvss,Deaths,age-adjusted rate
1992,A,White,45,54,All Origins,1,29,all-cause,overall,483.574710757758,666,nvss,Deaths,age-adjusted rate
1992,A,White,55,64,All Origins,1,29,all-cause,overall,867.466795050762,666,nvss,Deaths,age-adjusted rate
1992,A,White,65,74,All Origins,1,29,all-cause,overall,1631.22942584837,666,nvss,Deaths,age-adjusted rate
1992,A,White,75,84,All Origins,1,29,all-cause,overall,2316.33493859179,666,nvss,Deaths,age-adjusted rate
1992,A,White,85,150,All Origins,1,29,all-cause,overall,1978.28981307613,666,nvss,Deaths,age-adjusted rate
1992,A,White,25,34,All Origins,1,29,cvd_ihd,total,2.70509319201037,666,nvss,Deaths,age-adjusted rate
1992,A,White,35,44,All Origins,1,29,cvd_ihd,total,25.3759782903115,666,nvss,Deaths,age-adjusted rate
1992,A,White,45,54,All Origins,1,29,cvd_ihd,total,70.2629921613837,666,nvss,Deaths,age-adjusted rate
1992,A,White,55,64,All Origins,1,29,cvd_ihd,total,134.699812896081,666,nvss,Deaths,age-adjusted rate
1992,A,White,65,74,All Origins,1,29,cvd_ihd,total,225.508003371571,666,nvss,Deaths,age-adjusted rate
1992,A,White,75,84,All Origins,1,29,cvd_ihd,total,354.487867571437,666,nvss,Deaths,age-adjusted rate
1992,A,White,85,150,All Origins,1,29,cvd_ihd,total,322.765473015544,666,nvss,Deaths,age-adjusted rate
1992,A,White,35,44,All Origins,1,29,cvd_stroke,total,3.38346377204153,666,nvss,Deaths,age-adjusted rate
1992,A,White,45,54,All Origins,1,29,cvd_stroke,total,4.13311718596375,666,nvss,Deaths,age-adjusted rate
1992,A,White,55,64,All Origins,1,29,cvd_stroke,total,10.7759850316865,666,nvss,Deaths,age-adjusted rate
1992,A,White,65,74,All Origins,1,29,cvd_stroke,total,13.1683505618436,666,nvss,Deaths,age-adjusted rate
1992,A,White,75,84,All Origins,1,29,cvd_stroke,total,24.3275987549025,666,nvss,Deaths,age-adjusted rate
1992,A,White,85,150,All Origins,1,29,cvd_stroke,total,29.3423157286858,666,nvss,Deaths,age-adjusted rate
1992,A,White,25,34,All Origins,1,29,lri,total,2.70509319201037,666,nvss,Deaths,age-adjusted rate
1992,A,White,55,64,All Origins,1,29,lri,total,1.79599750528108,666,nvss,Deaths,age-adjusted rate
1992,A,White,65,74,All Origins,1,29,lri,total,1.64604382023045,666,nvss,Deaths,age-adjusted rate
1992,A,White,25,34,All Origins,1,29,ncd_lri,total,100.088448104384,666,nvss,Deaths,age-adjusted rate
1992,A,White,35,44,All Origins,1,29,ncd_lri,total,228.383804612803,666,nvss,Deaths,age-adjusted rate
1992,A,White,45,54,All Origins,1,29,ncd_lri,total,423.644511561284,666,nvss,Deaths,age-adjusted rate
1992,A,White,55,64,All Origins,1,29,ncd_lri,total,804.606882365924,666,nvss,Deaths,age-adjusted rate
1992,A,White,65,74,All Origins,1,29,ncd_lri,total,1525.88262135362,666,nvss,Deaths,age-adjusted rate
1992,A,White,75,84,All Origins,1,29,ncd_lri,total,2140.82869043142,666,nvss,Deaths,age-adjusted rate
1992,A,White,85,150,All Origins,1,29,ncd_lri,total,1726.56363077214,666,nvss,Deaths,age-adjusted rate
1992,A,White,35,44,All Origins,1,29,neo_lung,total,10.1503913161246,666,nvss,Deaths,age-adjusted rate
1992,A,White,45,54,All Origins,1,29,neo_lung,total,51.6639648245468,666,nvss,Deaths,age-adjusted rate
1992,A,White,55,64,All Origins,1,29,neo_lung,total,152.659787948892,666,nvss,Deaths,age-adjusted rate
1992,A,White,65,74,All Origins,1,29,neo_lung,total,187.648995506271,666,nvss,Deaths,age-adjusted rate
1992,A,White,75,84,All Origins,1,29,neo_lung,total,137.277164402664,666,nvss,Deaths,age-adjusted rate
1992,A,White,85,150,All Origins,1,29,neo_lung,total,44.7856397964152,666,nvss,Deaths,age-adjusted rate
1992,A,White,35,44,All Origins,1,29,resp_copd,total,1.69173188602076,666,nvss,Deaths,age-adjusted rate
1992,A,White,45,54,All Origins,1,29,resp_copd,total,12.3993515578912,666,nvss,Deaths,age-adjusted rate
1992,A,White,55,64,All Origins,1,29,resp_copd,total,44.899937632027,666,nvss,Deaths,age-adjusted rate
1992,A,White,65,74,All Origins,1,29,resp_copd,total,108.638892135209,666,nvss,Deaths,age-adjusted rate
1992,A,White,75,84,All Origins,1,29,resp_copd,total,130.326421901263,666,nvss,Deaths,age-adjusted rate
1992,A,White,85,150,All Origins,1,29,resp_copd,total,50.9629694235069,666,nvss,Deaths,age-adjusted rate
1992,A,White,25,34,All Origins,1,29,t2_dm,total,4.05763978801556,666,nvss,Deaths,age-adjusted rate
1992,A,White,35,44,All Origins,1,29,t2_dm,total,6.76692754408305,666,nvss,Deaths,age-adjusted rate
1992,A,White,45,54,All Origins,1,29,t2_dm,total,10.3327929649094,666,nvss,Deaths,age-adjusted rate
1992,A,White,55,64,All Origins,1,29,t2_dm,total,17.9599750528108,666,nvss,Deaths,age-adjusted rate
1992,A,White,65,74,All Origins,1,29,t2_dm,total,34.5669202248394,666,nvss,Deaths,age-adjusted rate
1992,A,White,75,84,All Origins,1,29,t2_dm,total,43.4421406337545,666,nvss,Deaths,age-adjusted rate
1992,A,White,85,150,All Origins,1,29,t2_dm,total,23.1649861015941,666,nvss,Deaths,age-adjusted rate
1992,A,White,25,34,All Origins,1,37,all-cause,overall,996.421001479822,666,nvss,Deaths,age-adjusted rate
1992,A,White,35,44,All Origins,1,37,all-cause,overall,1578.96935106281,666,nvss,Deaths,age-adjusted rate
1992,A,White,45,54,All Origins,1,37,all-cause,overall,2604.36599969827,666,nvss,Deaths,age-adjusted rate
1992,A,White,55,64,All Origins,1,37,all-cause,overall,3809.18724422297,666,nvss,Deaths,age-adjusted rate
1992,A,White,65,74,All Origins,1,37,all-cause,overall,5957.3887497194,666,nvss,Deaths,age-adjusted rate
1992,A,White,75,84,All Origins,1,37,all-cause,overall,9388.19299532223,666,nvss,Deaths,age-adjusted rate
1992,A,White,85,150,All Origins,1,37,all-cause,overall,8883.42262794416,666,nvss,Deaths,age-adjusted rate
1992,A,White,25,34,All Origins,1,37,cvd_ihd,total,13.1108026510503,666,nvss,Deaths,age-adjusted rate
1992,A,White,35,44,All Origins,1,37,cvd_ihd,total,73.7836145356455,666,nvss,Deaths,age-adjusted rate
1992,A,White,45,54,All Origins,1,37,cvd_ihd,total,184.92539642828,666,nvss,Deaths,age-adjusted rate
1992,A,White,55,64,All Origins,1,37,cvd_ihd,total,421.292598439407,666,nvss,Deaths,age-adjusted rate
1992,A,White,65,74,All Origins,1,37,cvd_ihd,total,630.544956574873,666,nvss,Deaths,age-adjusted rate
1992,A,White,75,84,All Origins,1,37,cvd_ihd,total,1103.7718740418,666,nvss,Deaths,age-adjusted rate
1992,A,White,85,150,All Origins,1,37,cvd_ihd,total,1073.82031766358,666,nvss,Deaths,age-adjusted rate
1992,A,White,25,34,All Origins,1,37,cvd_stroke,total,6.55540132552515,666,nvss,Deaths,age-adjusted rate
1992,A,White,35,44,All Origins,1,37,cvd_stroke,total,14.7567229071291,666,nvss,Deaths,age-adjusted rate
1992,A,White,45,54,All Origins,1,37,cvd_stroke,total,46.2313491070699,666,nvss,Deaths,age-adjusted rate
1992,A,White,55,64,All Origins,1,37,cvd_stroke,total,29.256430447181,666,nvss,Deaths,age-adjusted rate
1992,A,White,65,74,All Origins,1,37,cvd_stroke,total,65.5766754837868,666,nvss,Deaths,age-adjusted rate
1992,A,White,75,84,All Origins,1,37,cvd_stroke,total,73.5847916027869,666,nvss,Deaths,age-adjusted rate
1992,A,White,85,150,All Origins,1,37,cvd_stroke,total,132.484324906546,666,nvss,Deaths,age-adjusted rate
1992,A,White,45,54,All Origins,1,37,lri,total,7.70522485117832,666,nvss,Deaths,age-adjusted rate
1992,A,White,55,64,All Origins,1,37,lri,total,5.85128608943621,666,nvss,Deaths,age-adjusted rate
1992,A,White,65,74,All Origins,1,37,lri,total,5.04435965259899,666,nvss,Deaths,age-adjusted rate
1992,A,White,75,84,All Origins,1,37,lri,total,6.13206596689891,666,nvss,Deaths,age-adjusted rate
1992,A,White,85,150,All Origins,1,37,lri,total,13.9457184112153,666,nvss,Deaths,age-adjusted rate
1992,A,White,25,34,All Origins,1,37,ncd_lri,total,544.098310018587,666,nvss,Deaths,age-adjusted rate
1992,A,White,35,44,All Origins,1,37,ncd_lri,total,1158.40274820963,666,nvss,Deaths,age-adjusted rate
1992,A,White,45,54,All Origins,1,37,ncd_lri,total,2211.39953228818,666,nvss,Deaths,age-adjusted rate
1992,A,White,55,64,All Origins,1,37,ncd_lri,total,3545.87937019834,666,nvss,Deaths,age-adjusted rate
1992,A,White,65,74,All Origins,1,37,ncd_lri,total,5619.41665299527,666,nvss,Deaths,age-adjusted rate
1992,A,White,75,84,All Origins,1,37,ncd_lri,total,8646.21301332747,666,nvss,Deaths,age-adjusted rate
1992,A,White,85,150,All Origins,1,37,ncd_lri,total,7802.62945107498,666,nvss,Deaths,age-adjusted rate
1992,A,White,35,44,All Origins,1,37,neo_lung,total,29.5134458142582,666,nvss,Deaths,age-adjusted rate
1992,A,White,45,54,All Origins,1,37,neo_lung,total,208.041070981815,666,nvss,Deaths,age-adjusted rate
1992,A,White,55,64,All Origins,1,37,neo_lung,total,567.574750675312,666,nvss,Deaths,age-adjusted rate
1992,A,White,65,74,All Origins,1,37,neo_lung,total,756.653947889848,666,nvss,Deaths,age-adjusted rate
1992,A,White,75,84,All Origins,1,37,neo_lung,total,662.263124425082,666,nvss,Deaths,age-adjusted rate
1992,A,White,85,150,All Origins,1,37,neo_lung,total,153.402902523369,666,nvss,Deaths,age-adjusted rate
1992,A,White,45,54,All Origins,1,37,resp_copd,total,46.2313491070699,666,nvss,Deaths,age-adjusted rate
1992,A,White,55,64,All Origins,1,37,resp_copd,total,234.051443577448,666,nvss,Deaths,age-adjusted rate
1992,A,White,65,74,All Origins,1,37,resp_copd,total,368.238254639726,666,nvss,Deaths,age-adjusted rate
1992,A,White,75,84,All Origins,1,37,resp_copd,total,582.546266855397,666,nvss,Deaths,age-adjusted rate
1992,A,White,85,150,All Origins,1,37,resp_copd,total,292.860086635522,666,nvss,Deaths,age-adjusted rate
1992,A,White,25,34,All Origins,1,37,t2_dm,total,39.3324079531509,666,nvss,Deaths,age-adjusted rate
1992,A,White,35,44,All Origins,1,37,t2_dm,total,7.37836145356455,666,nvss,Deaths,age-adjusted rate
1992,A,White,45,54,All Origins,1,37,t2_dm,total,69.3470236606049,666,nvss,Deaths,age-adjusted rate
1992,A,White,55,64,All Origins,1,37,t2_dm,total,70.2154330732345,666,nvss,Deaths,age-adjusted rate
1992,A,White,65,74,All Origins,1,37,t2_dm,total,146.286429925371,666,nvss,Deaths,age-adjusted rate
1992,A,White,75,84,All Origins,1,37,t2_dm,total,263.678836576653,666,nvss,Deaths,age-adjusted rate
1992,A,White,85,150,All Origins,1,37,t2_dm,total,104.592888084115,666,nvss,Deaths,age-adjusted rate
1992,A,White,25,34,All Origins,1,48,all-cause,overall,24257.3408562885,666,nvss,Deaths,age-adjusted rate
1992,A,White,35,44,All Origins,1,48,all-cause,overall,40299.9100895193,666,nvss,Deaths,age-adjusted rate
1992,A,White,45,54,All Origins,1,48,all-cause,overall,49833.6350151433,666,nvss,Deaths,age-adjusted rate
1992,A,White,55,64,All Origins,1,48,all-cause,overall,58907.5236230995,666,nvss,Deaths,age-adjusted rate
1992,A,White,65,74,All Origins,1,48,all-cause,overall,86145.620302,666,nvss,Deaths,age-adjusted rate
1992,A,White,75,84,All Origins,1,48,all-cause,overall,130993.159446292,666,nvss,Deaths,age-adjusted rate
1992,A,White,85,150,All Origins,1,48,all-cause,overall,109699.130756993,666,nvss,Deaths,age-adjusted rate
1992,A,White,25,34,All Origins,1,48,cvd_ihd,total,125.555594494247,666,nvss,Deaths,age-adjusted rate
1992,A,White,35,44,All Origins,1,48,cvd_ihd,total,1564.46086200448,666,nvss,Deaths,age-adjusted rate
1992,A,White,45,54,All Origins,1,48,cvd_ihd,total,4093.98134685313,666,nvss,Deaths,age-adjusted rate
1992,A,White,55,64,All Origins,1,48,cvd_ihd,total,5817.34041821772,666,nvss,Deaths,age-adjusted rate
1992,A,White,65,74,All Origins,1,48,cvd_ihd,total,8608.00533408046,666,nvss,Deaths,age-adjusted rate
1992,A,White,75,84,All Origins,1,48,cvd_ihd,total,16848.5388695452,666,nvss,Deaths,age-adjusted rate
1992,A,White,85,150,All Origins,1,48,cvd_ihd,total,19223.8859067896,666,nvss,Deaths,age-adjusted rate
1992,A,White,25,34,All Origins,1,48,cvd_stroke,total,238.555629539069,666,nvss,Deaths,age-adjusted rate
1992,A,White,35,44,All Origins,1,48,cvd_stroke,total,421.201001308899,666,nvss,Deaths,age-adjusted rate
1992,A,White,45,54,All Origins,1,48,cvd_stroke,total,549.001330037776,666,nvss,Deaths,age-adjusted rate
1992,A,White,55,64,All Origins,1,48,cvd_stroke,total,634.012244432907,666,nvss,Deaths,age-adjusted rate
1992,A,White,65,74,All Origins,1,48,cvd_stroke,total,805.536951829074,666,nvss,Deaths,age-adjusted rate
1992,A,White,75,84,All Origins,1,48,cvd_stroke,total,1655.84635948902,666,nvss,Deaths,age-adjusted rate
1992,A,White,85,150,All Origins,1,48,cvd_stroke,total,1695.84448066629,666,nvss,Deaths,age-adjusted rate
1992,A,White,25,34,All Origins,1,48,lri,total,12.5555594494247,666,nvss,Deaths,age-adjusted rate
1992,A,White,35,44,All Origins,1,48,lri,total,30.0857858077785,666,nvss,Deaths,age-adjusted rate
1992,A,White,45,54,All Origins,1,48,lri,total,15.6857522867936,666,nvss,Deaths,age-adjusted rate
1992,A,White,55,64,All Origins,1,48,lri,total,33.3690654964688,666,nvss,Deaths,age-adjusted rate
1992,A,White,65,74,All Origins,1,48,lri,total,9.36670874219854,666,nvss,Deaths,age-adjusted rate
1992,A,White,75,84,All Origins,1,48,lri,total,48.3458791091686,666,nvss,Deaths,age-adjusted rate
1992,A,White,85,150,All Origins,1,48,lri,total,64.7268885750492,666,nvss,Deaths,age-adjusted rate
1992,A,White,25,34,All Origins,1,48,ncd_lri,total,11613.8924907178,666,nvss,Deaths,age-adjusted rate
1992,A,White,35,44,All Origins,1,48,ncd_lri,total,27678.9229431562,666,nvss,Deaths,age-adjusted rate
1992,A,White,45,54,All Origins,1,48,ncd_lri,total,42429.9599357767,666,nvss,Deaths,age-adjusted rate
1992,A,White,55,64,All Origins,1,48,ncd_lri,total,54636.2832395515,666,nvss,Deaths,age-adjusted rate
1992,A,White,65,74,All Origins,1,48,ncd_lri,total,81068.8641637284,666,nvss,Deaths,age-adjusted rate
1992,A,White,75,84,All Origins,1,48,ncd_lri,total,122351.333555528,666,nvss,Deaths,age-adjusted rate
1992,A,White,85,150,All Origins,1,48,ncd_lri,total,98203.6353460646,666,nvss,Deaths,age-adjusted rate
1992,A,White,25,34,All Origins,1,48,neo_lung,total,113.000035044822,666,nvss,Deaths,age-adjusted rate
1992,A,White,35,44,All Origins,1,48,neo_lung,total,932.659360041134,666,nvss,Deaths,age-adjusted rate
1992,A,White,45,54,All Origins,1,48,neo_lung,total,4564.55391545694,666,nvss,Deaths,age-adjusted rate
1992,A,White,55,64,All Origins,1,48,neo_lung,total,8431.25054877444,666,nvss,Deaths,age-adjusted rate
1992,A,White,65,74,All Origins,1,48,neo_lung,total,11052.7163157943,666,nvss,Deaths,age-adjusted rate
1992,A,White,75,84,All Origins,1,48,neo_lung,total,8593.48001165471,666,nvss,Deaths,age-adjusted rate
1992,A,White,85,150,All Origins,1,48,neo_lung,total,2110.0965675466,666,nvss,Deaths,age-adjusted rate
1992,A,White,25,34,All Origins,1,48,resp_copd,total,25.1111188988493,666,nvss,Deaths,age-adjusted rate
1992,A,White,35,44,All Origins,1,48,resp_copd,total,165.471821942782,666,nvss,Deaths,age-adjusted rate
1992,A,White,45,54,All Origins,1,48,resp_copd,total,705.858852905713,666,nvss,Deaths,age-adjusted rate
1992,A,White,55,64,All Origins,1,48,resp_copd,total,2224.60436643125,666,nvss,Deaths,age-adjusted rate
1992,A,White,65,74,All Origins,1,48,resp_copd,total,5938.49334255387,666,nvss,Deaths,age-adjusted rate
1992,A,White,75,84,All Origins,1,48,resp_copd,total,8206.71297878136,666,nvss,Deaths,age-adjusted rate
1992,A,White,85,150,All Origins,1,48,resp_copd,total,3534.08811619768,666,nvss,Deaths,age-adjusted rate
1992,A,White,25,34,All Origins,1,48,t2_dm,total,200.888951190795,666,nvss,Deaths,age-adjusted rate
1992,A,White,35,44,All Origins,1,48,t2_dm,total,676.930180675016,666,nvss,Deaths,age-adjusted rate
1992,A,White,45,54,All Origins,1,48,t2_dm,total,1239.1744306567,666,nvss,Deaths,age-adjusted rate
1992,A,White,55,64,All Origins,1,48,t2_dm,total,2224.60436643125,666,nvss,Deaths,age-adjusted rate
1992,A,White,65,74,All Origins,1,48,t2_dm,total,3044.18034121453,666,nvss,Deaths,age-adjusted rate
1992,A,White,75,84,All Origins,1,48,t2_dm,total,3879.75679851078,666,nvss,Deaths,age-adjusted rate
1992,A,White,85,150,All Origins,1,48,t2_dm,total,1773.51674695635,666,nvss,Deaths,age-adjusted rate
1992,A,White,25,34,All Origins,1,51,all-cause,overall,492.960781516574,666,nvss,Deaths,age-adjusted rate
1992,A,White,35,44,All Origins,1,51,all-cause,overall,877.346153839284,666,nvss,Deaths,age-adjusted rate
1992,A,White,45,54,All Origins,1,51,all-cause,overall,1071.4487673278,666,nvss,Deaths,age-adjusted rate
1992,A,White,55,64,All Origins,1,51,all-cause,overall,1721.95116611483,666,nvss,Deaths,age-adjusted rate
1992,A,White,65,74,All Origins,1,51,all-cause,overall,3610.2485991388,666,nvss,Deaths,age-adjusted rate
1992,A,White,75,84,All Origins,1,51,all-cause,overall,4665.37052844261,666,nvss,Deaths,age-adjusted rate
1992,A,White,85,150,All Origins,1,51,all-cause,overall,4765.81592803797,666,nvss,Deaths,age-adjusted rate
1992,A,White,25,34,All Origins,1,51,cvd_ihd,total,10.7165387286212,666,nvss,Deaths,age-adjusted rate
1992,A,White,35,44,All Origins,1,51,cvd_ihd,total,30.4634081194196,666,nvss,Deaths,age-adjusted rate
1992,A,White,45,54,All Origins,1,51,cvd_ihd,total,70.9996171120829,666,nvss,Deaths,age-adjusted rate
1992,A,White,55,64,All Origins,1,51,cvd_ihd,total,119.291797652534,666,nvss,Deaths,age-adjusted rate
1992,A,White,65,74,All Origins,1,51,cvd_ihd,total,275.710627888121,666,nvss,Deaths,age-adjusted rate
1992,A,White,75,84,All Origins,1,51,cvd_ihd,total,513.444310874798,666,nvss,Deaths,age-adjusted rate
1992,A,White,85,150,All Origins,1,51,cvd_ihd,total,613.421852123699,666,nvss,Deaths,age-adjusted rate
1992,A,White,25,34,All Origins,1,51,cvd_stroke,total,5.35826936431058,666,nvss,Deaths,age-adjusted rate
1992,A,White,35,44,All Origins,1,51,cvd_stroke,total,6.09268162388391,666,nvss,Deaths,age-adjusted rate
1992,A,White,45,54,All Origins,1,51,cvd_stroke,total,12.909021293106,666,nvss,Deaths,age-adjusted rate
1992,A,White,65,74,All Origins,1,51,cvd_stroke,total,15.6062619559314,666,nvss,Deaths,age-adjusted rate
1992,A,White,75,84,All Origins,1,51,cvd_stroke,total,31.6940932638764,666,nvss,Deaths,age-adjusted rate
1992,A,White,85,150,All Origins,1,51,cvd_stroke,total,39.321913597673,666,nvss,Deaths,age-adjusted rate
1992,A,White,75,84,All Origins,1,51,lri,total,6.33881865277528,666,nvss,Deaths,age-adjusted rate
1992,A,White,25,34,All Origins,1,51,ncd_lri,total,241.122121393976,666,nvss,Deaths,age-adjusted rate
1992,A,White,35,44,All Origins,1,51,ncd_lri,total,572.712072645088,666,nvss,Deaths,age-adjusted rate
1992,A,White,45,54,All Origins,1,51,ncd_lri,total,968.176596982948,666,nvss,Deaths,age-adjusted rate
1992,A,White,55,64,All Origins,1,51,ncd_lri,total,1644.15216764579,666,nvss,Deaths,age-adjusted rate
1992,A,White,65,74,All Origins,1,51,ncd_lri,total,3370.95258248118,666,nvss,Deaths,age-adjusted rate
1992,A,White,75,84,All Origins,1,51,ncd_lri,total,4310.39668388719,666,nvss,Deaths,age-adjusted rate
1992,A,White,85,150,All Origins,1,51,ncd_lri,total,4246.76666854869,666,nvss,Deaths,age-adjusted rate
1992,A,White,35,44,All Origins,1,51,neo_lung,total,6.09268162388391,666,nvss,Deaths,age-adjusted rate
1992,A,White,45,54,All Origins,1,51,neo_lung,total,135.544723577613,666,nvss,Deaths,age-adjusted rate
1992,A,White,55,64,All Origins,1,51,neo_lung,total,321.569193672047,666,nvss,Deaths,age-adjusted rate
1992,A,White,65,74,All Origins,1,51,neo_lung,total,488.996207952517,666,nvss,Deaths,age-adjusted rate
1992,A,White,75,84,All Origins,1,51,neo_lung,total,316.940932638764,666,nvss,Deaths,age-adjusted rate
1992,A,White,85,150,All Origins,1,51,neo_lung,total,125.830123512554,666,nvss,Deaths,age-adjusted rate
1992,A,White,45,54,All Origins,1,51,resp_copd,total,51.6360851724239,666,nvss,Deaths,age-adjusted rate
1992,A,White,55,64,All Origins,1,51,resp_copd,total,103.731997958725,666,nvss,Deaths,age-adjusted rate
1992,A,White,65,74,All Origins,1,51,resp_copd,total,187.275143471177,666,nvss,Deaths,age-adjusted rate
1992,A,White,75,84,All Origins,1,51,resp_copd,total,291.585658027663,666,nvss,Deaths,age-adjusted rate
1992,A,White,85,150,All Origins,1,51,resp_copd,total,125.830123512554,666,nvss,Deaths,age-adjusted rate
1992,A,White,25,34,All Origins,1,51,t2_dm,total,10.7165387286212,666,nvss,Deaths,age-adjusted rate
1992,A,White,35,44,All Origins,1,51,t2_dm,total,30.4634081194196,666,nvss,Deaths,age-adjusted rate
1992,A,White,45,54,All Origins,1,51,t2_dm,total,12.909021293106,666,nvss,Deaths,age-adjusted rate
1992,A,White,55,64,All Origins,1,51,t2_dm,total,51.8659989793624,666,nvss,Deaths,age-adjusted rate
1992,A,White,65,74,All Origins,1,51,t2_dm,total,104.041746372876,666,nvss,Deaths,age-adjusted rate
1992,A,White,75,84,All Origins,1,51,t2_dm,total,82.4046424860787,666,nvss,Deaths,age-adjusted rate
1992,A,White,85,150,All Origins,1,51,t2_dm,total,70.7794444758115,666,nvss,Deaths,age-adjusted rate
1992,A,White,25,34,All Origins,1,55,all-cause,overall,1260.33597192191,666,nvss,Deaths,age-adjusted rate
1992,A,White,35,44,All Origins,1,55,all-cause,overall,2090.65390319019,666,nvss,Deaths,age-adjusted rate
1992,A,White,45,54,All Origins,1,55,all-cause,overall,3648.1444237876,666,nvss,Deaths,age-adjusted rate
1992,A,White,55,64,All Origins,1,55,all-cause,overall,5521.15783246923,666,nvss,Deaths,age-adjusted rate
1992,A,White,65,74,All Origins,1,55,all-cause,overall,9986.41532994452,666,nvss,Deaths,age-adjusted rate
1992,A,White,75,84,All Origins,1,55,all-cause,overall,15631.2730004549,666,nvss,Deaths,age-adjusted rate
1992,A,White,85,150,All Origins,1,55,all-cause,overall,19173.725547896,666,nvss,Deaths,age-adjusted rate
1992,A,White,25,34,All Origins,1,55,cvd_ihd,total,33.8345227361587,666,nvss,Deaths,age-adjusted rate
1992,A,White,35,44,All Origins,1,55,cvd_ihd,total,89.8327849027036,666,nvss,Deaths,age-adjusted rate
1992,A,White,45,54,All Origins,1,55,cvd_ihd,total,327.729286297704,666,nvss,Deaths,age-adjusted rate
1992,A,White,55,64,All Origins,1,55,cvd_ihd,total,826.337369604596,666,nvss,Deaths,age-adjusted rate
1992,A,White,65,74,All Origins,1,55,cvd_ihd,total,1491.41217843773,666,nvss,Deaths,age-adjusted rate
1992,A,White,75,84,All Origins,1,55,cvd_ihd,total,2588.58501485531,666,nvss,Deaths,age-adjusted rate
1992,A,White,85,150,All Origins,1,55,cvd_ihd,total,3726.70485863171,666,nvss,Deaths,age-adjusted rate
1992,A,White,25,34,All Origins,1,55,cvd_stroke,total,25.375892052119,666,nvss,Deaths,age-adjusted rate
1992,A,White,35,44,All Origins,1,55,cvd_stroke,total,32.6664672373467,666,nvss,Deaths,age-adjusted rate
1992,A,White,45,54,All Origins,1,55,cvd_stroke,total,94.8690039282828,666,nvss,Deaths,age-adjusted rate
1992,A,White,55,64,All Origins,1,55,cvd_stroke,total,67.3311930788931,666,nvss,Deaths,age-adjusted rate
1992,A,White,65,74,All Origins,1,55,cvd_stroke,total,120.925311765221,666,nvss,Deaths,age-adjusted rate
1992,A,White,75,84,All Origins,1,55,cvd_stroke,total,241.531258992585,666,nvss,Deaths,age-adjusted rate
1992,A,White,85,150,All Origins,1,55,cvd_stroke,total,314.547566049649,666,nvss,Deaths,age-adjusted rate
1992,A,White,25,34,All Origins,1,55,ncd_lri,total,583.645517198737,666,nvss,Deaths,age-adjusted rate
1992,A,White,35,44,All Origins,1,55,ncd_lri,total,1502.65749291795,666,nvss,Deaths,age-adjusted rate
1992,A,White,45,54,All Origins,1,55,ncd_lri,total,3191.04831395133,666,nvss,Deaths,age-adjusted rate
1992,A,White,55,64,All Origins,1,55,ncd_lri,total,5202.86491973264,666,nvss,Deaths,age-adjusted rate
1992,A,White,65,74,All Origins,1,55,ncd_lri,total,9401.94298974595,666,nvss,Deaths,age-adjusted rate
1992,A,White,75,84,All Origins,1,55,ncd_lri,total,14281.8483578224,666,nvss,Deaths,age-adjusted rate
1992,A,White,85,150,All Origins,1,55,ncd_lri,total,16712.0489440292,666,nvss,Deaths,age-adjusted rate
1992,A,White,35,44,All Origins,1,55,neo_lung,total,40.8330840466834,666,nvss,Deaths,age-adjusted rate
1992,A,White,45,54,All Origins,1,55,neo_lung,total,448.4716549337,666,nvss,Deaths,age-adjusted rate
1992,A,White,55,64,All Origins,1,55,neo_lung,total,752.885158973077,666,nvss,Deaths,age-adjusted rate
1992,A,White,65,74,All Origins,1,55,neo_lung,total,1012.74948603373,666,nvss,Deaths,age-adjusted rate
1992,A,White,75,84,All Origins,1,55,neo_lung,total,829.607367844096,666,nvss,Deaths,age-adjusted rate
1992,A,White,85,150,All Origins,1,55,neo_lung,total,335.061537748539,666,nvss,Deaths,age-adjusted rate
1992,A,White,45,54,All Origins,1,55,resp_copd,total,43.1222745128558,666,nvss,Deaths,age-adjusted rate
1992,A,White,55,64,All Origins,1,55,resp_copd,total,183.630526578799,666,nvss,Deaths,age-adjusted rate
1992,A,White,65,74,All Origins,1,55,resp_copd,total,549.20245760038,666,nvss,Deaths,age-adjusted rate
1992,A,White,75,84,All Origins,1,55,resp_copd,total,745.596495151023,666,nvss,Deaths,age-adjusted rate
1992,A,White,85,150,All Origins,1,55,resp_copd,total,533.363264171144,666,nvss,Deaths,age-adjusted rate
1992,A,White,25,34,All Origins,1,55,t2_dm,total,8.45863068403967,666,nvss,Deaths,age-adjusted rate
1992,A,White,35,44,All Origins,1,55,t2_dm,total,57.1663176653568,666,nvss,Deaths,age-adjusted rate
1992,A,White,45,54,All Origins,1,55,t2_dm,total,103.493458830854,666,nvss,Deaths,age-adjusted rate
1992,A,White,55,64,All Origins,1,55,t2_dm,total,134.662386157786,666,nvss,Deaths,age-adjusted rate
1992,A,White,65,74,All Origins,1,55,t2_dm,total,267.043396814863,666,nvss,Deaths,age-adjusted rate
1992,A,White,75,84,All Origins,1,55,t2_dm,total,299.288733969073,666,nvss,Deaths,age-adjusted rate
1992,A,White,85,150,All Origins,1,55,t2_dm,total,294.033594350759,666,nvss,Deaths,age-adjusted rate
1992,A,White,25,34,All Origins,2,8,all-cause,overall,2646.87362681358,666,nvss,Deaths,age-adjusted rate
1992,A,White,35,44,All Origins,2,8,all-cause,overall,5171.95921695582,666,nvss,Deaths,age-adjusted rate
1992,A,White,45,54,All Origins,2,8,all-cause,overall,5317.75867621058,666,nvss,Deaths,age-adjusted rate
1992,A,White,55,64,All Origins,2,8,all-cause,overall,9254.64700820793,666,nvss,Deaths,age-adjusted rate
1992,A,White,65,74,All Origins,2,8,all-cause,overall,18543.5558398422,666,nvss,Deaths,age-adjusted rate
1992,A,White,75,84,All Origins,2,8,all-cause,overall,24912.7932992541,666,nvss,Deaths,age-adjusted rate
1992,A,White,85,150,All Origins,2,8,all-cause,overall,19218.8899911054,666,nvss,Deaths,age-adjusted rate
1992,A,White,25,34,All Origins,2,8,cvd_ihd,total,34.3749821664101,666,nvss,Deaths,age-adjusted rate
1992,A,White,35,44,All Origins,2,8,cvd_ihd,total,131.319276993019,666,nvss,Deaths,age-adjusted rate
1992,A,White,45,54,All Origins,2,8,cvd_ihd,total,307.248279069945,666,nvss,Deaths,age-adjusted rate
1992,A,White,55,64,All Origins,2,8,cvd_ihd,total,776.539346665723,666,nvss,Deaths,age-adjusted rate
1992,A,White,65,74,All Origins,2,8,cvd_ihd,total,1528.79849450657,666,nvss,Deaths,age-adjusted rate
1992,A,White,75,84,All Origins,2,8,cvd_ihd,total,2993.09575591753,666,nvss,Deaths,age-adjusted rate
1992,A,White,85,150,All Origins,2,8,cvd_ihd,total,2770.10828909147,666,nvss,Deaths,age-adjusted rate
1992,A,White,25,34,All Origins,2,8,cvd_stroke,total,17.1874910832051,666,nvss,Deaths,age-adjusted rate
1992,A,White,35,44,All Origins,2,8,cvd_stroke,total,50.5074142280842,666,nvss,Deaths,age-adjusted rate
1992,A,White,45,54,All Origins,2,8,cvd_stroke,total,59.0862075134509,666,nvss,Deaths,age-adjusted rate
1992,A,White,55,64,All Origins,2,8,cvd_stroke,total,138.287828858279,666,nvss,Deaths,age-adjusted rate
1992,A,White,65,74,All Origins,2,8,cvd_stroke,total,241.968107044205,666,nvss,Deaths,age-adjusted rate
1992,A,White,75,84,All Origins,2,8,cvd_stroke,total,200.281500395968,666,nvss,Deaths,age-adjusted rate
1992,A,White,85,150,All Origins,2,8,cvd_stroke,total,202.197685335144,666,nvss,Deaths,age-adjusted rate
1992,A,White,75,84,All Origins,2,8,lri,total,11.1267500219982,666,nvss,Deaths,age-adjusted rate
1992,A,White,85,150,All Origins,2,8,lri,total,10.1098842667572,666,nvss,Deaths,age-adjusted rate
1992,A,White,25,34,All Origins,2,8,ncd_lri,total,1374.99928665641,666,nvss,Deaths,age-adjusted rate
1992,A,White,35,44,All Origins,2,8,ncd_lri,total,3272.88044197986,666,nvss,Deaths,age-adjusted rate
1992,A,White,45,54,All Origins,2,8,ncd_lri,total,4466.91728801689,666,nvss,Deaths,age-adjusted rate
1992,A,White,55,64,All Origins,2,8,ncd_lri,total,8222.80705441923,666,nvss,Deaths,age-adjusted rate
1992,A,White,65,74,All Origins,2,8,ncd_lri,total,17377.709505902,666,nvss,Deaths,age-adjusted rate
1992,A,White,75,84,All Origins,2,8,ncd_lri,total,22131.1057937545,666,nvss,Deaths,age-adjusted rate
1992,A,White,85,150,All Origins,2,8,ncd_lri,total,16590.3200817485,666,nvss,Deaths,age-adjusted rate
1992,A,White,25,34,All Origins,2,8,neo_lung,total,8.59374554160253,666,nvss,Deaths,age-adjusted rate
1992,A,White,35,44,All Origins,2,8,neo_lung,total,40.4059313824674,666,nvss,Deaths,age-adjusted rate
1992,A,White,45,54,All Origins,2,8,neo_lung,total,401.786211091466,666,nvss,Deaths,age-adjusted rate
1992,A,White,55,64,All Origins,2,8,neo_lung,total,1127.57768145982,666,nvss,Deaths,age-adjusted rate
1992,A,White,65,74,All Origins,2,8,neo_lung,total,1715.77384994981,666,nvss,Deaths,age-adjusted rate
1992,A,White,75,84,All Origins,2,8,neo_lung,total,1357.46350268379,666,nvss,Deaths,age-adjusted rate
1992,A,White,85,150,All Origins,2,8,neo_lung,total,293.186643735958,666,nvss,Deaths,age-adjusted rate
1992,A,White,25,34,All Origins,2,8,resp_copd,total,8.59374554160253,666,nvss,Deaths,age-adjusted rate
1992,A,White,35,44,All Origins,2,8,resp_copd,total,40.4059313824674,666,nvss,Deaths,age-adjusted rate
1992,A,White,45,54,All Origins,2,8,resp_copd,total,106.355173524212,666,nvss,Deaths,age-adjusted rate
1992,A,White,55,64,All Origins,2,8,resp_copd,total,585.06389132349,666,nvss,Deaths,age-adjusted rate
1992,A,White,65,74,All Origins,2,8,resp_copd,total,1946.74340667383,666,nvss,Deaths,age-adjusted rate
1992,A,White,75,84,All Origins,2,8,resp_copd,total,2203.09650435565,666,nvss,Deaths,age-adjusted rate
1992,A,White,85,150,All Origins,2,8,resp_copd,total,839.120394140846,666,nvss,Deaths,age-adjusted rate
1992,A,White,25,34,All Origins,2,8,t2_dm,total,17.1874910832051,666,nvss,Deaths,age-adjusted rate
1992,A,White,35,44,All Origins,2,8,t2_dm,total,101.014828456168,666,nvss,Deaths,age-adjusted rate
1992,A,White,45,54,All Origins,2,8,t2_dm,total,59.0862075134509,666,nvss,Deaths,age-adjusted rate
1992,A,White,55,64,All Origins,2,8,t2_dm,total,287.21318301335,666,nvss,Deaths,age-adjusted rate
1992,A,White,65,74,All Origins,2,8,t2_dm,total,604.920267610512,666,nvss,Deaths,age-adjusted rate
1992,A,White,75,84,All Origins,2,8,t2_dm,total,511.830501011919,666,nvss,Deaths,age-adjusted rate
1992,A,White,85,150,All Origins,2,8,t2_dm,total,252.74710666893,666,nvss,Deaths,age-adjusted rate
1992,A,White,25,34,All Origins,2,12,all-cause,overall,2073.16213222852,666,nvss,Deaths,age-adjusted rate
1992,A,White,35,44,All Origins,2,12,all-cause,overall,13000.2363233859,666,nvss,Deaths,age-adjusted rate
1992,A,White,45,54,All Origins,2,12,all-cause,overall,31806.8510907508,666,nvss,Deaths,age-adjusted rate
1992,A,White,55,64,All Origins,2,12,all-cause,overall,54590.872194451,666,nvss,Deaths,age-adjusted rate
1992,A,White,65,74,All Origins,2,12,all-cause,overall,161877.269253552,666,nvss,Deaths,age-adjusted rate
1992,A,White,75,84,All Origins,2,12,all-cause,overall,293132.207866876,666,nvss,Deaths,age-adjusted rate
1992,A,White,85,150,All Origins,2,12,all-cause,overall,157819.732509352,666,nvss,Deaths,age-adjusted rate
1992,A,White,25,34,All Origins,2,12,cvd_ihd,total,48.2130728425237,666,nvss,Deaths,age-adjusted rate
1992,A,White,35,44,All Origins,2,12,cvd_ihd,total,517.708526152536,666,nvss,Deaths,age-adjusted rate
1992,A,White,45,54,All Origins,2,12,cvd_ihd,total,3885.49601392695,666,nvss,Deaths,age-adjusted rate
1992,A,White,55,64,All Origins,2,12,cvd_ihd,total,5912.66123174321,666,nvss,Deaths,age-adjusted rate
1992,A,White,65,74,All Origins,2,12,cvd_ihd,total,22243.8412338998,666,nvss,Deaths,age-adjusted rate
1992,A,White,75,84,All Origins,2,12,cvd_ihd,total,53149.8781307796,666,nvss,Deaths,age-adjusted rate
1992,A,White,85,150,All Origins,2,12,cvd_ihd,total,40636.8926076148,666,nvss,Deaths,age-adjusted rate
1992,A,White,25,34,All Origins,2,12,cvd_stroke,total,16.0710242808412,666,nvss,Deaths,age-adjusted rate
1992,A,White,35,44,All Origins,2,12,cvd_stroke,total,57.523169572504,666,nvss,Deaths,age-adjusted rate
1992,A,White,45,54,All Origins,2,12,cvd_stroke,total,722.882979335246,666,nvss,Deaths,age-adjusted rate
1992,A,White,55,64,All Origins,2,12,cvd_stroke,total,485.972156033689,666,nvss,Deaths,age-adjusted rate
1992,A,White,65,74,All Origins,2,12,cvd_stroke,total,914.130461667115,666,nvss,Deaths,age-adjusted rate
1992,A,White,75,84,All Origins,2,12,cvd_stroke,total,1870.87571020344,666,nvss,Deaths,age-adjusted rate
1992,A,White,85,150,All Origins,2,12,cvd_stroke,total,2532.77031487904,666,nvss,Deaths,age-adjusted rate
1992,A,White,75,84,All Origins,2,12,lri,total,85.0398050092474,666,nvss,Deaths,age-adjusted rate
1992,A,White,25,34,All Origins,2,12,ncd_lri,total,1028.54555397384,666,nvss,Deaths,age-adjusted rate
1992,A,White,35,44,All Origins,2,12,ncd_lri,total,8685.9986054481,666,nvss,Deaths,age-adjusted rate
1992,A,White,45,54,All Origins,2,12,ncd_lri,total,26746.6702354041,666,nvss,Deaths,age-adjusted rate
1992,A,White,55,64,All Origins,2,12,ncd_lri,total,50622.0995868426,666,nvss,Deaths,age-adjusted rate
1992,A,White,65,74,All Origins,2,12,ncd_lri,total,153193.029867714,666,nvss,Deaths,age-adjusted rate
1992,A,White,75,84,All Origins,2,12,ncd_lri,total,276294.326475045,666,nvss,Deaths,age-adjusted rate
1992,A,White,85,150,All Origins,2,12,ncd_lri,total,146900.678262984,666,nvss,Deaths,age-adjusted rate
1992,A,White,25,34,All Origins,2,12,neo_lung,total,16.0710242808412,666,nvss,Deaths,age-adjusted rate
1992,A,White,35,44,All Origins,2,12,neo_lung,total,345.139017435024,666,nvss,Deaths,age-adjusted rate
1992,A,White,45,54,All Origins,2,12,neo_lung,total,3252.97340700861,666,nvss,Deaths,age-adjusted rate
1992,A,White,55,64,All Origins,2,12,neo_lung,total,7694.55913720007,666,nvss,Deaths,age-adjusted rate
1992,A,White,65,74,All Origins,2,12,neo_lung,total,21177.3556952882,666,nvss,Deaths,age-adjusted rate
1992,A,White,75,84,All Origins,2,12,neo_lung,total,21344.9910573211,666,nvss,Deaths,age-adjusted rate
1992,A,White,85,150,All Origins,2,12,neo_lung,total,5065.54062975808,666,nvss,Deaths,age-adjusted rate
1992,A,White,25,34,All Origins,2,12,resp_copd,total,16.0710242808412,666,nvss,Deaths,age-adjusted rate
1992,A,White,45,54,All Origins,2,12,resp_copd,total,451.801862084529,666,nvss,Deaths,age-adjusted rate
1992,A,White,55,64,All Origins,2,12,resp_copd,total,2024.8839834737,666,nvss,Deaths,age-adjusted rate
1992,A,White,65,74,All Origins,2,12,resp_copd,total,9674.54738597696,666,nvss,Deaths,age-adjusted rate
1992,A,White,75,84,All Origins,2,12,resp_copd,total,15562.2843166923,666,nvss,Deaths,age-adjusted rate
1992,A,White,85,150,All Origins,2,12,resp_copd,total,5065.54062975808,666,nvss,Deaths,age-adjusted rate
1992,A,White,25,34,All Origins,2,12,t2_dm,total,32.1420485616825,666,nvss,Deaths,age-adjusted rate
1992,A,White,45,54,All Origins,2,12,t2_dm,total,813.243351752152,666,nvss,Deaths,age-adjusted rate
1992,A,White,55,64,All Origins,2,12,t2_dm,total,1295.92574942317,666,nvss,Deaths,age-adjusted rate
1992,A,White,65,74,All Origins,2,12,t2_dm,total,3427.98923125168,666,nvss,Deaths,age-adjusted rate
1992,A,White,75,84,All Origins,2,12,t2_dm,total,5782.70674062882,666,nvss,Deaths,age-adjusted rate
1992,A,White,85,150,All Origins,2,12,t2_dm,total,1294.52704982706,666,nvss,Deaths,age-adjusted rate
1992,A,White,25,34,All Origins,2,13,all-cause,overall,200.381935103028,666,nvss,Deaths,age-adjusted rate
1992,A,White,35,44,All Origins,2,13,all-cause,overall,375.675178246278,666,nvss,Deaths,age-adjusted rate
1992,A,White,45,54,All Origins,2,13,all-cause,overall,664.177361197382,666,nvss,Deaths,age-adjusted rate
1992,A,White,55,64,All Origins,2,13,all-cause,overall,971.145214416212,666,nvss,Deaths,age-adjusted rate
1992,A,White,65,74,All Origins,2,13,all-cause,overall,1522.57988390014,666,nvss,Deaths,age-adjusted rate
1992,A,White,75,84,All Origins,2,13,all-cause,overall,2086.40508564638,666,nvss,Deaths,age-adjusted rate
1992,A,White,85,150,All Origins,2,13,all-cause,overall,1851.16562719058,666,nvss,Deaths,age-adjusted rate
1992,A,White,25,34,All Origins,2,13,cvd_ihd,total,1.2071200909821,666,nvss,Deaths,age-adjusted rate
1992,A,White,35,44,All Origins,2,13,cvd_ihd,total,12.7347518049586,666,nvss,Deaths,age-adjusted rate
1992,A,White,45,54,All Origins,2,13,cvd_ihd,total,52.9928745636209,666,nvss,Deaths,age-adjusted rate
1992,A,White,55,64,All Origins,2,13,cvd_ihd,total,79.6522888795631,666,nvss,Deaths,age-adjusted rate
1992,A,White,65,74,All Origins,2,13,cvd_ihd,total,174.053931115258,666,nvss,Deaths,age-adjusted rate
1992,A,White,75,84,All Origins,2,13,cvd_ihd,total,255.356979173039,666,nvss,Deaths,age-adjusted rate
1992,A,White,85,150,All Origins,2,13,cvd_ihd,total,207.123426818527,666,nvss,Deaths,age-adjusted rate
1992,A,White,25,34,All Origins,2,13,cvd_stroke,total,1.2071200909821,666,nvss,Deaths,age-adjusted rate
1992,A,White,35,44,All Origins,2,13,cvd_stroke,total,6.3673759024793,666,nvss,Deaths,age-adjusted rate
1992,A,White,45,54,All Origins,2,13,cvd_stroke,total,8.83214576060349,666,nvss,Deaths,age-adjusted rate
1992,A,White,55,64,All Origins,2,13,cvd_stroke,total,9.19064871687267,666,nvss,Deaths,age-adjusted rate
1992,A,White,65,74,All Origins,2,13,cvd_stroke,total,10.9763740342955,666,nvss,Deaths,age-adjusted rate
1992,A,White,75,84,All Origins,2,13,cvd_stroke,total,25.7336490639496,666,nvss,Deaths,age-adjusted rate
1992,A,White,85,150,All Origins,2,13,cvd_stroke,total,23.3013855170843,666,nvss,Deaths,age-adjusted rate
1992,A,White,55,64,All Origins,2,13,lri,total,1.53177478614544,666,nvss,Deaths,age-adjusted rate
1992,A,White,65,74,All Origins,2,13,lri,total,1.56805343347079,666,nvss,Deaths,age-adjusted rate
1992,A,White,85,150,All Origins,2,13,lri,total,2.58904283523159,666,nvss,Deaths,age-adjusted rate
1992,A,White,25,34,All Origins,2,13,ncd_lri,total,106.226568006425,666,nvss,Deaths,age-adjusted rate
1992,A,White,35,44,All Origins,2,13,ncd_lri,total,270.61347585537,666,nvss,Deaths,age-adjusted rate
1992,A,White,45,54,All Origins,2,13,ncd_lri,total,559.958041222261,666,nvss,Deaths,age-adjusted rate
1992,A,White,55,64,All Origins,2,13,ncd_lri,total,889.961150750503,666,nvss,Deaths,age-adjusted rate
1992,A,White,65,74,All Origins,2,13,ncd_lri,total,1425.36057102495,666,nvss,Deaths,age-adjusted rate
1992,A,White,75,84,All Origins,2,13,ncd_lri,total,1904.29003073227,666,nvss,Deaths,age-adjusted rate
1992,A,White,85,150,All Origins,2,13,ncd_lri,total,1615.56272918451,666,nvss,Deaths,age-adjusted rate
1992,A,White,35,44,All Origins,2,13,neo_lung,total,14.3265957805784,666,nvss,Deaths,age-adjusted rate
1992,A,White,45,54,All Origins,2,13,neo_lung,total,63.5914494763451,666,nvss,Deaths,age-adjusted rate
1992,A,White,55,64,All Origins,2,13,neo_lung,total,134.796181180799,666,nvss,Deaths,age-adjusted rate
1992,A,White,65,74,All Origins,2,13,neo_lung,total,203.846946351203,666,nvss,Deaths,age-adjusted rate
1992,A,White,75,84,All Origins,2,13,neo_lung,total,136.586291185579,666,nvss,Deaths,age-adjusted rate
1992,A,White,85,150,All Origins,2,13,neo_lung,total,41.4246853637054,666,nvss,Deaths,age-adjusted rate
1992,A,White,35,44,All Origins,2,13,resp_copd,total,3.18368795123965,666,nvss,Deaths,age-adjusted rate
1992,A,White,45,54,All Origins,2,13,resp_copd,total,14.1314332169656,666,nvss,Deaths,age-adjusted rate
1992,A,White,55,64,All Origins,2,13,resp_copd,total,45.9532435843633,666,nvss,Deaths,age-adjusted rate
1992,A,White,65,74,All Origins,2,13,resp_copd,total,119.17206094378,666,nvss,Deaths,age-adjusted rate
1992,A,White,75,84,All Origins,2,13,resp_copd,total,150.442871450782,666,nvss,Deaths,age-adjusted rate
1992,A,White,85,150,All Origins,2,13,resp_copd,total,59.5479852103265,666,nvss,Deaths,age-adjusted rate
1992,A,White,25,34,All Origins,2,13,t2_dm,total,4.8284803639284,666,nvss,Deaths,age-adjusted rate
1992,A,White,35,44,All Origins,2,13,t2_dm,total,7.95921987809912,666,nvss,Deaths,age-adjusted rate
1992,A,White,45,54,All Origins,2,13,t2_dm,total,10.5985749127242,666,nvss,Deaths,age-adjusted rate
1992,A,White,55,64,All Origins,2,13,t2_dm,total,21.4448470060362,666,nvss,Deaths,age-adjusted rate
1992,A,White,65,74,All Origins,2,13,t2_dm,total,20.3846946351203,666,nvss,Deaths,age-adjusted rate
1992,A,White,75,84,All Origins,2,13,t2_dm,total,41.5697407956109,666,nvss,Deaths,age-adjusted rate
1992,A,White,85,150,All Origins,2,13,t2_dm,total,20.7123426818527,666,nvss,Deaths,age-adjusted rate
1992,A,White,25,34,All Origins,2,17,all-cause,overall,609.358246410491,666,nvss,Deaths,age-adjusted rate
1992,A,White,35,44,All Origins,2,17,all-cause,overall,1044.46509959193,666,nvss,Deaths,age-adjusted rate
1992,A,White,45,54,All Origins,2,17,all-cause,overall,2119.14835938086,666,nvss,Deaths,age-adjusted rate
1992,A,White,55,64,All Origins,2,17,all-cause,overall,2839.64840504889,666,nvss,Deaths,age-adjusted rate
1992,A,White,65,74,All Origins,2,17,all-cause,overall,4655.4940785645,666,nvss,Deaths,age-adjusted rate
1992,A,White,75,84,All Origins,2,17,all-cause,overall,5700.06855280293,666,nvss,Deaths,age-adjusted rate
1992,A,White,85,150,All Origins,2,17,all-cause,overall,4685.83399311588,666,nvss,Deaths,age-adjusted rate
1992,A,White,35,44,All Origins,2,17,cvd_ihd,total,46.1277961964891,666,nvss,Deaths,age-adjusted rate
1992,A,White,45,54,All Origins,2,17,cvd_ihd,total,117.923149294516,666,nvss,Deaths,age-adjusted rate
1992,A,White,55,64,All Origins,2,17,cvd_ihd,total,257.44065210608,666,nvss,Deaths,age-adjusted rate
1992,A,White,65,74,All Origins,2,17,cvd_ihd,total,492.771033497224,666,nvss,Deaths,age-adjusted rate
1992,A,White,75,84,All Origins,2,17,cvd_ihd,total,808.700897391828,666,nvss,Deaths,age-adjusted rate
1992,A,White,85,150,All Origins,2,17,cvd_ihd,total,1049.58093113856,666,nvss,Deaths,age-adjusted rate
1992,A,White,25,34,All Origins,2,17,cvd_stroke,total,2.91558969574398,666,nvss,Deaths,age-adjusted rate
1992,A,White,35,44,All Origins,2,17,cvd_stroke,total,16.4742129273176,666,nvss,Deaths,age-adjusted rate
1992,A,White,45,54,All Origins,2,17,cvd_stroke,total,41.6199350451232,666,nvss,Deaths,age-adjusted rate
1992,A,White,55,64,All Origins,2,17,cvd_stroke,total,52.0082125466829,666,nvss,Deaths,age-adjusted rate
1992,A,White,65,74,All Origins,2,17,cvd_stroke,total,47.6875193706991,666,nvss,Deaths,age-adjusted rate
1992,A,White,75,84,All Origins,2,17,cvd_stroke,total,113.570586074397,666,nvss,Deaths,age-adjusted rate
1992,A,White,85,150,All Origins,2,17,cvd_stroke,total,66.9131741163018,666,nvss,Deaths,age-adjusted rate
1992,A,White,55,64,All Origins,2,17,lri,total,2.60041062733414,666,nvss,Deaths,age-adjusted rate
1992,A,White,75,84,All Origins,2,17,lri,total,1.95811355300685,666,nvss,Deaths,age-adjusted rate
1992,A,White,25,34,All Origins,2,17,ncd_lri,total,253.656303529726,666,nvss,Deaths,age-adjusted rate
1992,A,White,35,44,All Origins,2,17,ncd_lri,total,734.749896558363,666,nvss,Deaths,age-adjusted rate
1992,A,White,45,54,All Origins,2,17,ncd_lri,total,1831.27714198542,666,nvss,Deaths,age-adjusted rate
1992,A,White,55,64,All Origins,2,17,ncd_lri,total,2623.81432298015,666,nvss,Deaths,age-adjusted rate
1992,A,White,65,74,All Origins,2,17,ncd_lri,total,4397.18668197321,666,nvss,Deaths,age-adjusted rate
1992,A,White,75,84,All Origins,2,17,ncd_lri,total,5235.99564074031,666,nvss,Deaths,age-adjusted rate
1992,A,White,85,150,All Origins,2,17,ncd_lri,total,4244.20704394828,666,nvss,Deaths,age-adjusted rate
1992,A,White,25,34,All Origins,2,17,neo_lung,total,8.74676908723193,666,nvss,Deaths,age-adjusted rate
1992,A,White,35,44,All Origins,2,17,neo_lung,total,36.2432684400986,666,nvss,Deaths,age-adjusted rate
1992,A,White,45,54,All Origins,2,17,neo_lung,total,190.758035623481,666,nvss,Deaths,age-adjusted rate
1992,A,White,55,64,All Origins,2,17,neo_lung,total,400.463236609458,666,nvss,Deaths,age-adjusted rate
1992,A,White,65,74,All Origins,2,17,neo_lung,total,540.458552867923,666,nvss,Deaths,age-adjusted rate
1992,A,White,75,84,All Origins,2,17,neo_lung,total,332.879304011164,666,nvss,Deaths,age-adjusted rate
1992,A,White,85,150,All Origins,2,17,neo_lung,total,84.1194188890651,666,nvss,Deaths,age-adjusted rate
1992,A,White,25,34,All Origins,2,17,resp_copd,total,5.83117939148795,666,nvss,Deaths,age-adjusted rate
1992,A,White,35,44,All Origins,2,17,resp_copd,total,9.88452775639053,666,nvss,Deaths,age-adjusted rate
1992,A,White,45,54,All Origins,2,17,resp_copd,total,34.6832792042694,666,nvss,Deaths,age-adjusted rate
1992,A,White,55,64,All Origins,2,17,resp_copd,total,104.016425093366,666,nvss,Deaths,age-adjusted rate
1992,A,White,65,74,All Origins,2,17,resp_copd,total,327.851695673556,666,nvss,Deaths,age-adjusted rate
1992,A,White,75,84,All Origins,2,17,resp_copd,total,332.879304011164,666,nvss,Deaths,age-adjusted rate
1992,A,White,85,150,All Origins,2,17,resp_copd,total,149.120788030615,666,nvss,Deaths,age-adjusted rate
1992,A,White,25,34,All Origins,2,17,t2_dm,total,14.5779484787199,666,nvss,Deaths,age-adjusted rate
1992,A,White,35,44,All Origins,2,17,t2_dm,total,16.4742129273176,666,nvss,Deaths,age-adjusted rate
1992,A,White,45,54,All Origins,2,17,t2_dm,total,62.4299025676848,666,nvss,Deaths,age-adjusted rate
1992,A,White,55,64,All Origins,2,17,t2_dm,total,49.4078019193487,666,nvss,Deaths,age-adjusted rate
1992,A,White,65,74,All Origins,2,17,t2_dm,total,172.867257718784,666,nvss,Deaths,age-adjusted rate
1992,A,White,75,84,All Origins,2,17,t2_dm,total,123.361153839431,666,nvss,Deaths,age-adjusted rate
1992,A,White,85,150,All Origins,2,17,t2_dm,total,86.0312238638166,666,nvss,Deaths,age-adjusted rate
1992,A,White,25,34,All Origins,2,26,all-cause,overall,1128.8619722421,666,nvss,Deaths,age-adjusted rate
1992,A,White,35,44,All Origins,2,26,all-cause,overall,2113.90038631095,666,nvss,Deaths,age-adjusted rate
1992,A,White,45,54,All Origins,2,26,all-cause,overall,3549.53988039862,666,nvss,Deaths,age-adjusted rate
1992,A,White,55,64,All Origins,2,26,all-cause,overall,4228.17958379651,666,nvss,Deaths,age-adjusted rate
1992,A,White,65,74,All Origins,2,26,all-cause,overall,7819.70345475175,666,nvss,Deaths,age-adjusted rate
1992,A,White,75,84,All Origins,2,26,all-cause,overall,13193.5875001079,666,nvss,Deaths,age-adjusted rate
1992,A,White,85,150,All Origins,2,26,all-cause,overall,12707.743259468,666,nvss,Deaths,age-adjusted rate
1992,A,White,25,34,All Origins,2,26,cvd_ihd,total,16.2037603671115,666,nvss,Deaths,age-adjusted rate
1992,A,White,35,44,All Origins,2,26,cvd_ihd,total,55.9561866964664,666,nvss,Deaths,age-adjusted rate
1992,A,White,45,54,All Origins,2,26,cvd_ihd,total,178.113112278067,666,nvss,Deaths,age-adjusted rate
1992,A,White,55,64,All Origins,2,26,cvd_ihd,total,360.266237945208,666,nvss,Deaths,age-adjusted rate
1992,A,White,65,74,All Origins,2,26,cvd_ihd,total,741.697194635252,666,nvss,Deaths,age-adjusted rate
1992,A,White,75,84,All Origins,2,26,cvd_ihd,total,1868.7310819825,666,nvss,Deaths,age-adjusted rate
1992,A,White,85,150,All Origins,2,26,cvd_ihd,total,2503.94006592322,666,nvss,Deaths,age-adjusted rate
1992,A,White,25,34,All Origins,2,26,cvd_stroke,total,10.8025069114077,666,nvss,Deaths,age-adjusted rate
1992,A,White,35,44,All Origins,2,26,cvd_stroke,total,49.7388326190813,666,nvss,Deaths,age-adjusted rate
1992,A,White,45,54,All Origins,2,26,cvd_stroke,total,101.778921301753,666,nvss,Deaths,age-adjusted rate
1992,A,White,55,64,All Origins,2,26,cvd_stroke,total,43.548666125245,666,nvss,Deaths,age-adjusted rate
1992,A,White,65,74,All Origins,2,26,cvd_stroke,total,120.81945251977,666,nvss,Deaths,age-adjusted rate
1992,A,White,75,84,All Origins,2,26,cvd_stroke,total,220.614086067378,666,nvss,Deaths,age-adjusted rate
1992,A,White,85,150,All Origins,2,26,cvd_stroke,total,262.270402161918,666,nvss,Deaths,age-adjusted rate
1992,A,White,25,34,All Origins,2,26,lri,total,5.40125345570384,666,nvss,Deaths,age-adjusted rate
1992,A,White,65,74,All Origins,2,26,lri,total,6.71219180665387,666,nvss,Deaths,age-adjusted rate
1992,A,White,75,84,All Origins,2,26,lri,total,8.65153278695601,666,nvss,Deaths,age-adjusted rate
1992,A,White,25,34,All Origins,2,26,ncd_lri,total,577.934119760311,666,nvss,Deaths,age-adjusted rate
1992,A,White,35,44,All Origins,2,26,ncd_lri,total,1467.2955622629,666,nvss,Deaths,age-adjusted rate
1992,A,White,45,54,All Origins,2,26,ncd_lri,total,3136.06301261025,666,nvss,Deaths,age-adjusted rate
1992,A,White,55,64,All Origins,2,26,ncd_lri,total,3986.68243528379,666,nvss,Deaths,age-adjusted rate
1992,A,White,65,74,All Origins,2,26,ncd_lri,total,7363.27441189929,666,nvss,Deaths,age-adjusted rate
1992,A,White,75,84,All Origins,2,26,ncd_lri,total,12337.0857541993,666,nvss,Deaths,age-adjusted rate
1992,A,White,85,150,All Origins,2,26,ncd_lri,total,11549.7946914324,666,nvss,Deaths,age-adjusted rate
1992,A,White,25,34,All Origins,2,26,neo_lung,total,16.2037603671115,666,nvss,Deaths,age-adjusted rate
1992,A,White,35,44,All Origins,2,26,neo_lung,total,74.6082489286219,666,nvss,Deaths,age-adjusted rate
1992,A,White,45,54,All Origins,2,26,neo_lung,total,337.142676812056,666,nvss,Deaths,age-adjusted rate
1992,A,White,55,64,All Origins,2,26,neo_lung,total,621.558234696678,666,nvss,Deaths,age-adjusted rate
1992,A,White,65,74,All Origins,2,26,neo_lung,total,996.760483288099,666,nvss,Deaths,age-adjusted rate
1992,A,White,75,84,All Origins,2,26,neo_lung,total,769.986418039085,666,nvss,Deaths,age-adjusted rate
1992,A,White,85,150,All Origins,2,26,neo_lung,total,252.373405853921,666,nvss,Deaths,age-adjusted rate
1992,A,White,35,44,All Origins,2,26,resp_copd,total,6.21735407738516,666,nvss,Deaths,age-adjusted rate
1992,A,White,45,54,All Origins,2,26,resp_copd,total,50.8894606508763,666,nvss,Deaths,age-adjusted rate
1992,A,White,55,64,All Origins,2,26,resp_copd,total,205.866421682976,666,nvss,Deaths,age-adjusted rate
1992,A,White,65,74,All Origins,2,26,resp_copd,total,402.731508399232,666,nvss,Deaths,age-adjusted rate
1992,A,White,75,84,All Origins,2,26,resp_copd,total,687.796856563003,666,nvss,Deaths,age-adjusted rate
1992,A,White,85,150,All Origins,2,26,resp_copd,total,385.98285601188,666,nvss,Deaths,age-adjusted rate
1992,A,White,25,34,All Origins,2,26,t2_dm,total,27.0062672785192,666,nvss,Deaths,age-adjusted rate
1992,A,White,35,44,All Origins,2,26,t2_dm,total,62.1735407738516,666,nvss,Deaths,age-adjusted rate
1992,A,White,45,54,All Origins,2,26,t2_dm,total,82.695373557674,666,nvss,Deaths,age-adjusted rate
1992,A,White,55,64,All Origins,2,26,t2_dm,total,87.0973322504899,666,nvss,Deaths,age-adjusted rate
1992,A,White,65,74,All Origins,2,26,t2_dm,total,228.214521426231,666,nvss,Deaths,age-adjusted rate
1992,A,White,75,84,All Origins,2,26,t2_dm,total,311.455180330416,666,nvss,Deaths,age-adjusted rate
1992,A,White,85,150,All Origins,2,26,t2_dm,total,158.351940927951,666,nvss,Deaths,age-adjusted rate
1992,A,White,25,34,All Origins,2,27,all-cause,overall,2063.12783960966,666,nvss,Deaths,age-adjusted rate
1992,A,White,35,44,All Origins,2,27,all-cause,overall,3393.34608676916,666,nvss,Deaths,age-adjusted rate
1992,A,White,45,54,All Origins,2,27,all-cause,overall,5930.30997956339,666,nvss,Deaths,age-adjusted rate
1992,A,White,55,64,All Origins,2,27,all-cause,overall,7001.83956438934,666,nvss,Deaths,age-adjusted rate
1992,A,White,65,74,All Origins,2,27,all-cause,overall,9918.46898737172,666,nvss,Deaths,age-adjusted rate
1992,A,White,75,84,All Origins,2,27,all-cause,overall,17286.8168351706,666,nvss,Deaths,age-adjusted rate
1992,A,White,85,150,All Origins,2,27,all-cause,overall,21696.3833641437,666,nvss,Deaths,age-adjusted rate
1992,A,White,25,34,All Origins,2,27,cvd_ihd,total,35.5711696484425,666,nvss,Deaths,age-adjusted rate
1992,A,White,35,44,All Origins,2,27,cvd_ihd,total,299.412890009043,666,nvss,Deaths,age-adjusted rate
1992,A,White,45,54,All Origins,2,27,cvd_ihd,total,500.610582690416,666,nvss,Deaths,age-adjusted rate
1992,A,White,55,64,All Origins,2,27,cvd_ihd,total,1034.63608683416,666,nvss,Deaths,age-adjusted rate
1992,A,White,65,74,All Origins,2,27,cvd_ihd,total,1180.27710288139,666,nvss,Deaths,age-adjusted rate
1992,A,White,75,84,All Origins,2,27,cvd_ihd,total,2901.71568304649,666,nvss,Deaths,age-adjusted rate
1992,A,White,85,150,All Origins,2,27,cvd_ihd,total,3038.44318447526,666,nvss,Deaths,age-adjusted rate
1992,A,White,35,44,All Origins,2,27,cvd_stroke,total,66.5361977797874,666,nvss,Deaths,age-adjusted rate
1992,A,White,45,54,All Origins,2,27,cvd_stroke,total,38.5085063608013,666,nvss,Deaths,age-adjusted rate
1992,A,White,55,64,All Origins,2,27,cvd_stroke,total,48.1226086899611,666,nvss,Deaths,age-adjusted rate
1992,A,White,65,74,All Origins,2,27,cvd_stroke,total,20.7066158400245,666,nvss,Deaths,age-adjusted rate
1992,A,White,75,84,All Origins,2,27,cvd_stroke,total,61.7386315541806,666,nvss,Deaths,age-adjusted rate
1992,A,White,85,150,All Origins,2,27,cvd_stroke,total,237.37837378713,666,nvss,Deaths,age-adjusted rate
1992,A,White,25,34,All Origins,2,27,ncd_lri,total,960.421580507947,666,nvss,Deaths,age-adjusted rate
1992,A,White,35,44,All Origins,2,27,ncd_lri,total,2162.42642784309,666,nvss,Deaths,age-adjusted rate
1992,A,White,45,54,All Origins,2,27,ncd_lri,total,5198.64835870817,666,nvss,Deaths,age-adjusted rate
1992,A,White,55,64,All Origins,2,27,ncd_lri,total,6689.04260790459,666,nvss,Deaths,age-adjusted rate
1992,A,White,65,74,All Origins,2,27,ncd_lri,total,9276.56389633096,666,nvss,Deaths,age-adjusted rate
1992,A,White,75,84,All Origins,2,27,ncd_lri,total,15805.0896778702,666,nvss,Deaths,age-adjusted rate
1992,A,White,85,150,All Origins,2,27,ncd_lri,total,17423.5726359753,666,nvss,Deaths,age-adjusted rate
1992,A,White,35,44,All Origins,2,27,neo_lung,total,99.8042966696811,666,nvss,Deaths,age-adjusted rate
1992,A,White,45,54,All Origins,2,27,neo_lung,total,654.644608133621,666,nvss,Deaths,age-adjusted rate
1992,A,White,55,64,All Origins,2,27,neo_lung,total,794.023043384358,666,nvss,Deaths,age-adjusted rate
1992,A,White,65,74,All Origins,2,27,neo_lung,total,1097.4506395213,666,nvss,Deaths,age-adjusted rate
1992,A,White,75,84,All Origins,2,27,neo_lung,total,1296.51126263779,666,nvss,Deaths,age-adjusted rate
1992,A,White,85,150,All Origins,2,27,neo_lung,total,284.854048544556,666,nvss,Deaths,age-adjusted rate
1992,A,White,55,64,All Origins,2,27,resp_copd,total,360.919565174708,666,nvss,Deaths,age-adjusted rate
1992,A,White,65,74,All Origins,2,27,resp_copd,total,683.318322720807,666,nvss,Deaths,age-adjusted rate
1992,A,White,75,84,All Origins,2,27,resp_copd,total,1173.03399952943,666,nvss,Deaths,age-adjusted rate
1992,A,White,85,150,All Origins,2,27,resp_copd,total,807.086470876242,666,nvss,Deaths,age-adjusted rate
1992,A,White,25,34,All Origins,2,27,t2_dm,total,142.28467859377,666,nvss,Deaths,age-adjusted rate
1992,A,White,35,44,All Origins,2,27,t2_dm,total,133.072395559575,666,nvss,Deaths,age-adjusted rate
1992,A,White,45,54,All Origins,2,27,t2_dm,total,154.034025443205,666,nvss,Deaths,age-adjusted rate
1992,A,White,55,64,All Origins,2,27,t2_dm,total,240.613043449805,666,nvss,Deaths,age-adjusted rate
1992,A,White,65,74,All Origins,2,27,t2_dm,total,289.892621760343,666,nvss,Deaths,age-adjusted rate
1992,A,White,75,84,All Origins,2,27,t2_dm,total,339.562473547993,666,nvss,Deaths,age-adjusted rate
1992,A,White,85,150,All Origins,2,27,t2_dm,total,427.281072816834,666,nvss,Deaths,age-adjusted rate
1992,A,White,25,34,All Origins,2,29,all-cause,overall,1034.08927866945,666,nvss,Deaths,age-adjusted rate
1992,A,White,35,44,All Origins,2,29,all-cause,overall,2010.02432110934,666,nvss,Deaths,age-adjusted rate
1992,A,White,45,54,All Origins,2,29,all-cause,overall,2606.24493886411,666,nvss,Deaths,age-adjusted rate
1992,A,White,55,64,All Origins,2,29,all-cause,overall,4014.16159258995,666,nvss,Deaths,age-adjusted rate
1992,A,White,65,74,All Origins,2,29,all-cause,overall,6926.07645821854,666,nvss,Deaths,age-adjusted rate
1992,A,White,75,84,All Origins,2,29,all-cause,overall,10822.8432524931,666,nvss,Deaths,age-adjusted rate
1992,A,White,85,150,All Origins,2,29,all-cause,overall,10458.1506326427,666,nvss,Deaths,age-adjusted rate
1992,A,White,25,34,All Origins,2,29,cvd_ihd,total,32.7704348874121,666,nvss,Deaths,age-adjusted rate
1992,A,White,35,44,All Origins,2,29,cvd_ihd,total,130.696648681998,666,nvss,Deaths,age-adjusted rate
1992,A,White,45,54,All Origins,2,29,cvd_ihd,total,286.811643989831,666,nvss,Deaths,age-adjusted rate
1992,A,White,55,64,All Origins,2,29,cvd_ihd,total,475.065342540407,666,nvss,Deaths,age-adjusted rate
1992,A,White,65,74,All Origins,2,29,cvd_ihd,total,879.465513329201,666,nvss,Deaths,age-adjusted rate
1992,A,White,75,84,All Origins,2,29,cvd_ihd,total,1667.82459634138,666,nvss,Deaths,age-adjusted rate
1992,A,White,85,150,All Origins,2,29,cvd_ihd,total,2501.29026430437,666,nvss,Deaths,age-adjusted rate
1992,A,White,25,34,All Origins,2,29,cvd_stroke,total,7.28231886386936,666,nvss,Deaths,age-adjusted rate
1992,A,White,35,44,All Origins,2,29,cvd_stroke,total,22.533904945172,666,nvss,Deaths,age-adjusted rate
1992,A,White,45,54,All Origins,2,29,cvd_stroke,total,33.2535239408499,666,nvss,Deaths,age-adjusted rate
1992,A,White,55,64,All Origins,2,29,cvd_stroke,total,39.3545254175485,666,nvss,Deaths,age-adjusted rate
1992,A,White,65,74,All Origins,2,29,cvd_stroke,total,61.6768022334764,666,nvss,Deaths,age-adjusted rate
1992,A,White,75,84,All Origins,2,29,cvd_stroke,total,172.444827090853,666,nvss,Deaths,age-adjusted rate
1992,A,White,85,150,All Origins,2,29,cvd_stroke,total,194.138389467943,666,nvss,Deaths,age-adjusted rate
1992,A,White,65,74,All Origins,2,29,lri,total,2.28432600864727,666,nvss,Deaths,age-adjusted rate
1992,A,White,75,84,All Origins,2,29,lri,total,7.72141016824714,666,nvss,Deaths,age-adjusted rate
1992,A,White,85,150,All Origins,2,29,lri,total,2.8135998473615,666,nvss,Deaths,age-adjusted rate
1992,A,White,25,34,All Origins,2,29,ncd_lri,total,524.326958198594,666,nvss,Deaths,age-adjusted rate
1992,A,White,35,44,All Origins,2,29,ncd_lri,total,1361.04785868839,666,nvss,Deaths,age-adjusted rate
1992,A,White,45,54,All Origins,2,29,ncd_lri,total,2273.70969945561,666,nvss,Deaths,age-adjusted rate
1992,A,White,55,64,All Origins,2,29,ncd_lri,total,3792.08962773378,666,nvss,Deaths,age-adjusted rate
1992,A,White,65,74,All Origins,2,29,ncd_lri,total,6448.65232241126,666,nvss,Deaths,age-adjusted rate
1992,A,White,75,84,All Origins,2,29,ncd_lri,total,9880.83121196692,666,nvss,Deaths,age-adjusted rate
1992,A,White,85,150,All Origins,2,29,ncd_lri,total,9155.45390331431,666,nvss,Deaths,age-adjusted rate
1992,A,White,35,44,All Origins,2,29,neo_lung,total,90.1356197806881,666,nvss,Deaths,age-adjusted rate
1992,A,White,45,54,All Origins,2,29,neo_lung,total,361.632072856743,666,nvss,Deaths,age-adjusted rate
1992,A,White,55,64,All Origins,2,29,neo_lung,total,711.192495045698,666,nvss,Deaths,age-adjusted rate
1992,A,White,65,74,All Origins,2,29,neo_lung,total,831.494667147608,666,nvss,Deaths,age-adjusted rate
1992,A,White,75,84,All Origins,2,29,neo_lung,total,741.255376151725,666,nvss,Deaths,age-adjusted rate
1992,A,White,85,150,All Origins,2,29,neo_lung,total,191.324789620582,666,nvss,Deaths,age-adjusted rate
1992,A,White,25,34,All Origins,2,29,resp_copd,total,3.64115943193468,666,nvss,Deaths,age-adjusted rate
1992,A,White,35,44,All Origins,2,29,resp_copd,total,9.0135619780688,666,nvss,Deaths,age-adjusted rate
1992,A,White,45,54,All Origins,2,29,resp_copd,total,66.5070478816999,666,nvss,Deaths,age-adjusted rate
1992,A,White,55,64,All Origins,2,29,resp_copd,total,224.883002385992,666,nvss,Deaths,age-adjusted rate
1992,A,White,65,74,All Origins,2,29,resp_copd,total,395.188399495979,666,nvss,Deaths,age-adjusted rate
1992,A,White,75,84,All Origins,2,29,resp_copd,total,651.172257522175,666,nvss,Deaths,age-adjusted rate
1992,A,White,85,150,All Origins,2,29,resp_copd,total,284.173584583511,666,nvss,Deaths,age-adjusted rate
1992,A,White,25,34,All Origins,2,29,t2_dm,total,3.64115943193468,666,nvss,Deaths,age-adjusted rate
1992,A,White,35,44,All Origins,2,29,t2_dm,total,27.0406859342064,666,nvss,Deaths,age-adjusted rate
1992,A,White,45,54,All Origins,2,29,t2_dm,total,33.2535239408499,666,nvss,Deaths,age-adjusted rate
1992,A,White,55,64,All Origins,2,29,t2_dm,total,81.5200883649219,666,nvss,Deaths,age-adjusted rate
1992,A,White,65,74,All Origins,2,29,t2_dm,total,217.010970821491,666,nvss,Deaths,age-adjusted rate
1992,A,White,75,84,All Origins,2,29,t2_dm,total,280.544569446313,666,nvss,Deaths,age-adjusted rate
1992,A,White,85,150,All Origins,2,29,t2_dm,total,149.120791910159,666,nvss,Deaths,age-adjusted rate
1992,A,White,25,34,All Origins,2,34,all-cause,overall,207277.919686837,666,nvss,Deaths,age-adjusted rate
1992,A,White,35,44,All Origins,2,34,all-cause,overall,2254701.12518811,666,nvss,Deaths,age-adjusted rate
1992,A,White,45,54,All Origins,2,34,all-cause,overall,2727706.53949046,666,nvss,Deaths,age-adjusted rate
1992,A,White,55,64,All Origins,2,34,all-cause,overall,3458019.99931159,666,nvss,Deaths,age-adjusted rate
1992,A,White,65,74,All Origins,2,34,all-cause,overall,5273914.25486267,666,nvss,Deaths,age-adjusted rate
1992,A,White,75,84,All Origins,2,34,all-cause,overall,2934327.26103777,666,nvss,Deaths,age-adjusted rate
1992,A,White,85,150,All Origins,2,34,all-cause,overall,3222550.08210835,666,nvss,Deaths,age-adjusted rate
1992,A,White,25,34,All Origins,2,34,cvd_ihd,total,978.880376325087,666,nvss,Deaths,age-adjusted rate
1992,A,White,35,44,All Origins,2,34,cvd_ihd,total,68798.0925854901,666,nvss,Deaths,age-adjusted rate
1992,A,White,45,54,All Origins,2,34,cvd_ihd,total,175285.145889155,666,nvss,Deaths,age-adjusted rate
1992,A,White,55,64,All Origins,2,34,cvd_ihd,total,320951.61967028,666,nvss,Deaths,age-adjusted rate
1992,A,White,65,74,All Origins,2,34,cvd_ihd,total,600082.661414863,666,nvss,Deaths,age-adjusted rate
1992,A,White,75,84,All Origins,2,34,cvd_ihd,total,426673.970203918,666,nvss,Deaths,age-adjusted rate
1992,A,White,85,150,All Origins,2,34,cvd_ihd,total,714363.167389368,666,nvss,Deaths,age-adjusted rate
1992,A,White,25,34,All Origins,2,34,cvd_stroke,total,1957.76075265017,666,nvss,Deaths,age-adjusted rate
1992,A,White,35,44,All Origins,2,34,cvd_stroke,total,28144.6742395187,666,nvss,Deaths,age-adjusted rate
1992,A,White,45,54,All Origins,2,34,cvd_stroke,total,32360.3346256901,666,nvss,Deaths,age-adjusted rate
1992,A,White,55,64,All Origins,2,34,cvd_stroke,total,33497.3777811215,666,nvss,Deaths,age-adjusted rate
1992,A,White,65,74,All Origins,2,34,cvd_stroke,total,41403.0831893224,666,nvss,Deaths,age-adjusted rate
1992,A,White,75,84,All Origins,2,34,cvd_stroke,total,32029.1452163799,666,nvss,Deaths,age-adjusted rate
1992,A,White,85,150,All Origins,2,34,cvd_stroke,total,39740.6918086351,666,nvss,Deaths,age-adjusted rate
1992,A,White,35,44,All Origins,2,34,lri,total,1563.59301330659,666,nvss,Deaths,age-adjusted rate
1992,A,White,45,54,All Origins,2,34,lri,total,1348.34727607042,666,nvss,Deaths,age-adjusted rate
1992,A,White,65,74,All Origins,2,34,lri,total,1048.17932124867,666,nvss,Deaths,age-adjusted rate
1992,A,White,75,84,All Origins,2,34,lri,total,686.338826065283,666,nvss,Deaths,age-adjusted rate
1992,A,White,85,150,All Origins,2,34,lri,total,646.190110709515,666,nvss,Deaths,age-adjusted rate
1992,A,White,25,34,All Origins,2,34,ncd_lri,total,113550.12365371,666,nvss,Deaths,age-adjusted rate
1992,A,White,35,44,All Origins,2,34,ncd_lri,total,1668353.74519814,666,nvss,Deaths,age-adjusted rate
1992,A,White,45,54,All Origins,2,34,ncd_lri,total,2398709.80412928,666,nvss,Deaths,age-adjusted rate
1992,A,White,55,64,All Origins,2,34,ncd_lri,total,3261709.7853385,666,nvss,Deaths,age-adjusted rate
1992,A,White,65,74,All Origins,2,34,ncd_lri,total,5029164.38335111,666,nvss,Deaths,age-adjusted rate
1992,A,White,75,84,All Origins,2,34,ncd_lri,total,2739635.81404392,666,nvss,Deaths,age-adjusted rate
1992,A,White,85,150,All Origins,2,34,ncd_lri,total,2903009.07236249,666,nvss,Deaths,age-adjusted rate
1992,A,White,25,34,All Origins,2,34,neo_lung,total,1713.0406585689,666,nvss,Deaths,age-adjusted rate
1992,A,White,35,44,All Origins,2,34,neo_lung,total,103197.138878235,666,nvss,Deaths,age-adjusted rate
1992,A,White,45,54,All Origins,2,34,neo_lung,total,310119.873496197,666,nvss,Deaths,age-adjusted rate
1992,A,White,55,64,All Origins,2,34,neo_lung,total,461173.201079626,666,nvss,Deaths,age-adjusted rate
1992,A,White,65,74,All Origins,2,34,neo_lung,total,607419.916663603,666,nvss,Deaths,age-adjusted rate
1992,A,White,75,84,All Origins,2,34,neo_lung,total,181193.450081235,666,nvss,Deaths,age-adjusted rate
1992,A,White,85,150,All Origins,2,34,neo_lung,total,56218.5396317278,666,nvss,Deaths,age-adjusted rate
1992,A,White,35,44,All Origins,2,34,resp_copd,total,17199.5231463725,666,nvss,Deaths,age-adjusted rate
1992,A,White,45,54,All Origins,2,34,resp_copd,total,36405.3764539014,666,nvss,Deaths,age-adjusted rate
1992,A,White,55,64,All Origins,2,34,resp_copd,total,105945.194842617,666,nvss,Deaths,age-adjusted rate
1992,A,White,65,74,All Origins,2,34,resp_copd,total,249990.768117807,666,nvss,Deaths,age-adjusted rate
1992,A,White,75,84,All Origins,2,34,resp_copd,total,142529.69621289,666,nvss,Deaths,age-adjusted rate
1992,A,White,85,150,All Origins,2,34,resp_copd,total,79804.4786726251,666,nvss,Deaths,age-adjusted rate
1992,A,White,25,34,All Origins,2,34,t2_dm,total,2691.92103489399,666,nvss,Deaths,age-adjusted rate
1992,A,White,35,44,All Origins,2,34,t2_dm,total,51598.5694391176,666,nvss,Deaths,age-adjusted rate
1992,A,White,45,54,All Origins,2,34,t2_dm,total,84945.8783924365,666,nvss,Deaths,age-adjusted rate
1992,A,White,55,64,All Origins,2,34,t2_dm,total,123862.396911589,666,nvss,Deaths,age-adjusted rate
1992,A,White,65,74,All Origins,2,34,t2_dm,total,197057.71239475,666,nvss,Deaths,age-adjusted rate
1992,A,White,75,84,All Origins,2,34,t2_dm,total,86707.4716929141,666,nvss,Deaths,age-adjusted rate
1992,A,White,85,150,All Origins,2,34,t2_dm,total,58157.1099638563,666,nvss,Deaths,age-adjusted rate
1992,A,White,25,34,All Origins,2,37,all-cause,overall,107.277508369277,666,nvss,Deaths,age-adjusted rate
1992,A,White,35,44,All Origins,2,37,all-cause,overall,233.478817304029,666,nvss,Deaths,age-adjusted rate
1992,A,White,45,54,All Origins,2,37,all-cause,overall,379.080514238596,666,nvss,Deaths,age-adjusted rate
1992,A,White,55,64,All Origins,2,37,all-cause,overall,653.71061016406,666,nvss,Deaths,age-adjusted rate
1992,A,White,65,74,All Origins,2,37,all-cause,overall,882.181521730127,666,nvss,Deaths,age-adjusted rate
1992,A,White,75,84,All Origins,2,37,all-cause,overall,1308.49660555157,666,nvss,Deaths,age-adjusted rate
1992,A,White,85,150,All Origins,2,37,all-cause,overall,1174.31482143404,666,nvss,Deaths,age-adjusted rate
1992,A,White,45,54,All Origins,2,37,cvd_ihd,total,37.9080514238596,666,nvss,Deaths,age-adjusted rate
1992,A,White,55,64,All Origins,2,37,cvd_ihd,total,116.079454141282,666,nvss,Deaths,age-adjusted rate
1992,A,White,65,74,All Origins,2,37,cvd_ihd,total,125.644034913079,666,nvss,Deaths,age-adjusted rate
1992,A,White,75,84,All Origins,2,37,cvd_ihd,total,201.553266869802,666,nvss,Deaths,age-adjusted rate
1992,A,White,85,150,All Origins,2,37,cvd_ihd,total,109.349153412887,666,nvss,Deaths,age-adjusted rate
1992,A,White,45,54,All Origins,2,37,cvd_stroke,total,4.21200571376218,666,nvss,Deaths,age-adjusted rate
1992,A,White,55,64,All Origins,2,37,cvd_stroke,total,9.16416743220645,666,nvss,Deaths,age-adjusted rate
1992,A,White,65,74,All Origins,2,37,cvd_stroke,total,5.34655467715229,666,nvss,Deaths,age-adjusted rate
1992,A,White,75,84,All Origins,2,37,cvd_stroke,total,15.9962910214129,666,nvss,Deaths,age-adjusted rate
1992,A,White,85,150,All Origins,2,37,cvd_stroke,total,19.0172440718064,666,nvss,Deaths,age-adjusted rate
1992,A,White,85,150,All Origins,2,37,lri,total,4.75431101795159,666,nvss,Deaths,age-adjusted rate
1992,A,White,25,34,All Origins,2,37,ncd_lri,total,51.6521336592816,666,nvss,Deaths,age-adjusted rate
1992,A,White,35,44,All Origins,2,37,ncd_lri,total,177.270953878985,666,nvss,Deaths,age-adjusted rate
1992,A,White,45,54,All Origins,2,37,ncd_lri,total,332.748451387212,666,nvss,Deaths,age-adjusted rate
1992,A,White,55,64,All Origins,2,37,ncd_lri,total,620.108662912636,666,nvss,Deaths,age-adjusted rate
1992,A,White,65,74,All Origins,2,37,ncd_lri,total,831.38925229718,666,nvss,Deaths,age-adjusted rate
1992,A,White,75,84,All Origins,2,37,ncd_lri,total,1186.92479378884,666,nvss,Deaths,age-adjusted rate
1992,A,White,85,150,All Origins,2,37,ncd_lri,total,1012.66824682369,666,nvss,Deaths,age-adjusted rate
1992,A,White,35,44,All Origins,2,37,neo_lung,total,8.64736360385291,666,nvss,Deaths,age-adjusted rate
1992,A,White,45,54,All Origins,2,37,neo_lung,total,25.2720342825731,666,nvss,Deaths,age-adjusted rate
1992,A,White,55,64,All Origins,2,37,neo_lung,total,106.915286709075,666,nvss,Deaths,age-adjusted rate
1992,A,White,65,74,All Origins,2,37,neo_lung,total,93.564706850165,666,nvss,Deaths,age-adjusted rate
1992,A,White,75,84,All Origins,2,37,neo_lung,total,86.3799715156296,666,nvss,Deaths,age-adjusted rate
1992,A,White,85,150,All Origins,2,37,neo_lung,total,19.0172440718064,666,nvss,Deaths,age-adjusted rate
1992,A,White,45,54,All Origins,2,37,resp_copd,total,8.42401142752436,666,nvss,Deaths,age-adjusted rate
1992,A,White,55,64,All Origins,2,37,resp_copd,total,21.383057341815,666,nvss,Deaths,age-adjusted rate
1992,A,White,65,74,All Origins,2,37,resp_copd,total,80.1983201572843,666,nvss,Deaths,age-adjusted rate
1992,A,White,75,84,All Origins,2,37,resp_copd,total,54.3873894728038,666,nvss,Deaths,age-adjusted rate
1992,A,White,85,150,All Origins,2,37,resp_copd,total,38.0344881436127,666,nvss,Deaths,age-adjusted rate
1992,A,White,35,44,All Origins,2,37,t2_dm,total,4.32368180192645,666,nvss,Deaths,age-adjusted rate
1992,A,White,45,54,All Origins,2,37,t2_dm,total,21.0600285688109,666,nvss,Deaths,age-adjusted rate
1992,A,White,55,64,All Origins,2,37,t2_dm,total,30.5472247740215,666,nvss,Deaths,age-adjusted rate
1992,A,White,65,74,All Origins,2,37,t2_dm,total,18.712941370033,666,nvss,Deaths,age-adjusted rate
1992,A,White,75,84,All Origins,2,37,t2_dm,total,38.3910984513909,666,nvss,Deaths,age-adjusted rate
1992,A,White,85,150,All Origins,2,37,t2_dm,total,9.50862203590317,666,nvss,Deaths,age-adjusted rate
1992,A,White,25,34,All Origins,2,39,all-cause,overall,240.978798409115,666,nvss,Deaths,age-adjusted rate
1992,A,White,35,44,All Origins,2,39,all-cause,overall,532.03199879464,666,nvss,Deaths,age-adjusted rate
1992,A,White,45,54,All Origins,2,39,all-cause,overall,991.629435432556,666,nvss,Deaths,age-adjusted rate
1992,A,White,55,64,All Origins,2,39,all-cause,overall,1728.24212849887,666,nvss,Deaths,age-adjusted rate
1992,A,White,65,74,All Origins,2,39,all-cause,overall,3051.65525722347,666,nvss,Deaths,age-adjusted rate
1992,A,White,75,84,All Origins,2,39,all-cause,overall,4280.52013035562,666,nvss,Deaths,age-adjusted rate
1992,A,White,85,150,All Origins,2,39,all-cause,overall,3202.19240046922,666,nvss,Deaths,age-adjusted rate
1992,A,White,25,34,All Origins,2,39,cvd_ihd,total,7.39198768126119,666,nvss,Deaths,age-adjusted rate
1992,A,White,35,44,All Origins,2,39,cvd_ihd,total,22.0151171915023,666,nvss,Deaths,age-adjusted rate
1992,A,White,45,54,All Origins,2,39,cvd_ihd,total,77.3470959637394,666,nvss,Deaths,age-adjusted rate
1992,A,White,55,64,All Origins,2,39,cvd_ihd,total,197.73581109852,666,nvss,Deaths,age-adjusted rate
1992,A,White,65,74,All Origins,2,39,cvd_ihd,total,361.264289353693,666,nvss,Deaths,age-adjusted rate
1992,A,White,75,84,All Origins,2,39,cvd_ihd,total,641.027155364222,666,nvss,Deaths,age-adjusted rate
1992,A,White,85,150,All Origins,2,39,cvd_ihd,total,597.579974625105,666,nvss,Deaths,age-adjusted rate
1992,A,White,25,34,All Origins,2,39,cvd_stroke,total,2.95679507250448,666,nvss,Deaths,age-adjusted rate
1992,A,White,35,44,All Origins,2,39,cvd_stroke,total,12.842151695043,666,nvss,Deaths,age-adjusted rate
1992,A,White,45,54,All Origins,2,39,cvd_stroke,total,19.8325887086511,666,nvss,Deaths,age-adjusted rate
1992,A,White,55,64,All Origins,2,39,cvd_stroke,total,23.3546233580929,666,nvss,Deaths,age-adjusted rate
1992,A,White,65,74,All Origins,2,39,cvd_stroke,total,38.1824045658375,666,nvss,Deaths,age-adjusted rate
1992,A,White,75,84,All Origins,2,39,cvd_stroke,total,66.5547319777061,666,nvss,Deaths,age-adjusted rate
1992,A,White,85,150,All Origins,2,39,cvd_stroke,total,45.2976074059847,666,nvss,Deaths,age-adjusted rate
1992,A,White,45,54,All Origins,2,39,lri,total,1.98325887086511,666,nvss,Deaths,age-adjusted rate
1992,A,White,65,74,All Origins,2,39,lri,total,1.46855402176298,666,nvss,Deaths,age-adjusted rate
1992,A,White,25,34,All Origins,2,39,ncd_lri,total,112.35821275517,666,nvss,Deaths,age-adjusted rate
1992,A,White,35,44,All Origins,2,39,ncd_lri,total,366.918619858372,666,nvss,Deaths,age-adjusted rate
1992,A,White,45,54,All Origins,2,39,ncd_lri,total,850.818055601133,666,nvss,Deaths,age-adjusted rate
1992,A,White,55,64,All Origins,2,39,ncd_lri,total,1641.05153462866,666,nvss,Deaths,age-adjusted rate
1992,A,White,65,74,All Origins,2,39,ncd_lri,total,2885.70865276426,666,nvss,Deaths,age-adjusted rate
1992,A,White,75,84,All Origins,2,39,ncd_lri,total,3965.26087361912,666,nvss,Deaths,age-adjusted rate
1992,A,White,85,150,All Origins,2,39,ncd_lri,total,2813.67830617943,666,nvss,Deaths,age-adjusted rate
1992,A,White,35,44,All Origins,2,39,neo_lung,total,33.0226757872535,666,nvss,Deaths,age-adjusted rate
1992,A,White,45,54,All Origins,2,39,neo_lung,total,118.995532251907,666,nvss,Deaths,age-adjusted rate
1992,A,White,55,64,All Origins,2,39,neo_lung,total,274.027580734956,666,nvss,Deaths,age-adjusted rate
1992,A,White,65,74,All Origins,2,39,neo_lung,total,406.789464028345,666,nvss,Deaths,age-adjusted rate
1992,A,White,75,84,All Origins,2,39,neo_lung,total,283.733331062852,666,nvss,Deaths,age-adjusted rate
1992,A,White,85,150,All Origins,2,39,neo_lung,total,55.7509014227503,666,nvss,Deaths,age-adjusted rate
1992,A,White,35,44,All Origins,2,39,resp_copd,total,1.83459309929186,666,nvss,Deaths,age-adjusted rate
1992,A,White,45,54,All Origins,2,39,resp_copd,total,11.8995532251907,666,nvss,Deaths,age-adjusted rate
1992,A,White,55,64,All Origins,2,39,resp_copd,total,91.8615185418319,666,nvss,Deaths,age-adjusted rate
1992,A,White,65,74,All Origins,2,39,resp_copd,total,190.912022829187,666,nvss,Deaths,age-adjusted rate
1992,A,White,75,84,All Origins,2,39,resp_copd,total,267.970368226027,666,nvss,Deaths,age-adjusted rate
1992,A,White,85,150,All Origins,2,39,resp_copd,total,111.501802845501,666,nvss,Deaths,age-adjusted rate
1992,A,White,25,34,All Origins,2,39,t2_dm,total,5.91359014500895,666,nvss,Deaths,age-adjusted rate
1992,A,White,35,44,All Origins,2,39,t2_dm,total,9.17296549645931,666,nvss,Deaths,age-adjusted rate
1992,A,White,45,54,All Origins,2,39,t2_dm,total,35.698659675572,666,nvss,Deaths,age-adjusted rate
1992,A,White,55,64,All Origins,2,39,t2_dm,total,56.0510960594229,666,nvss,Deaths,age-adjusted rate
1992,A,White,65,74,All Origins,2,39,t2_dm,total,99.8616734798826,666,nvss,Deaths,age-adjusted rate
1992,A,White,75,84,All Origins,2,39,t2_dm,total,140.115225216223,666,nvss,Deaths,age-adjusted rate
1992,A,White,85,150,All Origins,2,39,t2_dm,total,59.2353327616722,666,nvss,Deaths,age-adjusted rate
1992,A,White,25,34,All Origins,2,48,all-cause,overall,10.1805426890513,666,nvss,Deaths,age-adjusted rate
1992,A,White,35,44,All Origins,2,48,all-cause,overall,19.4930652485331,666,nvss,Deaths,age-adjusted rate
1992,A,White,45,54,All Origins,2,48,all-cause,overall,31.8640685416466,666,nvss,Deaths,age-adjusted rate
1992,A,White,55,64,All Origins,2,48,all-cause,overall,45.6287054319011,666,nvss,Deaths,age-adjusted rate
1992,A,White,65,74,All Origins,2,48,all-cause,overall,78.5697037811514,666,nvss,Deaths,age-adjusted rate
1992,A,White,75,84,All Origins,2,48,all-cause,overall,97.5075303331083,666,nvss,Deaths,age-adjusted rate
1992,A,White,85,150,All Origins,2,48,all-cause,overall,77.9631463085936,666,nvss,Deaths,age-adjusted rate
1992,A,White,25,34,All Origins,2,48,cvd_ihd,total,0.16288868302482,666,nvss,Deaths,age-adjusted rate
1992,A,White,35,44,All Origins,2,48,cvd_ihd,total,1.62442210404443,666,nvss,Deaths,age-adjusted rate
1992,A,White,45,54,All Origins,2,48,cvd_ihd,total,3.93540288761372,666,nvss,Deaths,age-adjusted rate
1992,A,White,55,64,All Origins,2,48,cvd_ihd,total,5.10458120128574,666,nvss,Deaths,age-adjusted rate
1992,A,White,65,74,All Origins,2,48,cvd_ihd,total,9.40150301654803,666,nvss,Deaths,age-adjusted rate
1992,A,White,75,84,All Origins,2,48,cvd_ihd,total,12.3517456207592,666,nvss,Deaths,age-adjusted rate
1992,A,White,85,150,All Origins,2,48,cvd_ihd,total,14.9066591080729,666,nvss,Deaths,age-adjusted rate
1992,A,White,25,34,All Origins,2,48,cvd_stroke,total,0.0814443415124101,666,nvss,Deaths,age-adjusted rate
1992,A,White,35,44,All Origins,2,48,cvd_stroke,total,0.108294806936295,666,nvss,Deaths,age-adjusted rate
1992,A,White,45,54,All Origins,2,48,cvd_stroke,total,1.01558784196483,666,nvss,Deaths,age-adjusted rate
1992,A,White,55,64,All Origins,2,48,cvd_stroke,total,0.729225885897962,666,nvss,Deaths,age-adjusted rate
1992,A,White,65,74,All Origins,2,48,cvd_stroke,total,0.47966852125245,666,nvss,Deaths,age-adjusted rate
1992,A,White,75,84,All Origins,2,48,cvd_stroke,total,1.4252014177799,666,nvss,Deaths,age-adjusted rate
1992,A,White,85,150,All Origins,2,48,cvd_stroke,total,0.923421360677082,666,nvss,Deaths,age-adjusted rate
1992,A,White,55,64,All Origins,2,48,lri,total,0.104175126556852,666,nvss,Deaths,age-adjusted rate
1992,A,White,25,34,All Origins,2,48,ncd_lri,total,4.23510575864533,666,nvss,Deaths,age-adjusted rate
1992,A,White,35,44,All Origins,2,48,ncd_lri,total,12.9953768323554,666,nvss,Deaths,age-adjusted rate
1992,A,White,45,54,All Origins,2,48,ncd_lri,total,27.8017171737872,666,nvss,Deaths,age-adjusted rate
1992,A,White,55,64,All Origins,2,48,ncd_lri,total,42.190926255525,666,nvss,Deaths,age-adjusted rate
1992,A,White,65,74,All Origins,2,48,ncd_lri,total,74.1567533856288,666,nvss,Deaths,age-adjusted rate
1992,A,White,75,84,All Origins,2,48,ncd_lri,total,89.7876893201338,666,nvss,Deaths,age-adjusted rate
1992,A,White,85,150,All Origins,2,48,ncd_lri,total,69.2566020507811,666,nvss,Deaths,age-adjusted rate
1992,A,White,35,44,All Origins,2,48,neo_lung,total,0.21658961387259,666,nvss,Deaths,age-adjusted rate
1992,A,White,45,54,All Origins,2,48,neo_lung,total,3.55455744687691,666,nvss,Deaths,age-adjusted rate
1992,A,White,55,64,All Origins,2,48,neo_lung,total,8.54236037766184,666,nvss,Deaths,age-adjusted rate
1992,A,White,65,74,All Origins,2,48,neo_lung,total,10.3608400590529,666,nvss,Deaths,age-adjusted rate
1992,A,White,75,84,All Origins,2,48,neo_lung,total,6.53217316482455,666,nvss,Deaths,age-adjusted rate
1992,A,White,85,150,All Origins,2,48,neo_lung,total,1.45109070963541,666,nvss,Deaths,age-adjusted rate
1992,A,White,25,34,All Origins,2,48,resp_copd,total,0.0814443415124101,666,nvss,Deaths,age-adjusted rate
1992,A,White,35,44,All Origins,2,48,resp_copd,total,0.324884420808885,666,nvss,Deaths,age-adjusted rate
1992,A,White,45,54,All Origins,2,48,resp_copd,total,0.888639361719227,666,nvss,Deaths,age-adjusted rate
1992,A,White,55,64,All Origins,2,48,resp_copd,total,1.66680202490963,666,nvss,Deaths,age-adjusted rate
1992,A,White,65,74,All Origins,2,48,resp_copd,total,5.18042002952647,666,nvss,Deaths,age-adjusted rate
1992,A,White,75,84,All Origins,2,48,resp_copd,total,5.22573853185964,666,nvss,Deaths,age-adjusted rate
1992,A,White,85,150,All Origins,2,48,resp_copd,total,1.18725603515625,666,nvss,Deaths,age-adjusted rate
1992,A,White,25,34,All Origins,2,48,t2_dm,total,0.16288868302482,666,nvss,Deaths,age-adjusted rate
1992,A,White,35,44,All Origins,2,48,t2_dm,total,0.324884420808885,666,nvss,Deaths,age-adjusted rate
1992,A,White,45,54,All Origins,2,48,t2_dm,total,1.01558784196483,666,nvss,Deaths,age-adjusted rate
1992,A,White,55,64,All Origins,2,48,t2_dm,total,1.04175126556852,666,nvss,Deaths,age-adjusted rate
1992,A,White,65,74,All Origins,2,48,t2_dm,total,3.8373481700196,666,nvss,Deaths,age-adjusted rate
1992,A,White,75,84,All Origins,2,48,t2_dm,total,4.03807068370972,666,nvss,Deaths,age-adjusted rate
1992,A,White,85,150,All Origins,2,48,t2_dm,total,2.24259473307291,666,nvss,Deaths,age-adjusted rate
1992,A,White,25,34,All Origins,2,51,all-cause,overall,473.144113995631,666,nvss,Deaths,age-adjusted rate
1992,A,White,35,44,All Origins,2,51,all-cause,overall,929.811459336641,666,nvss,Deaths,age-adjusted rate
1992,A,White,45,54,All Origins,2,51,all-cause,overall,1436.08416351928,666,nvss,Deaths,age-adjusted rate
1992,A,White,55,64,All Origins,2,51,all-cause,overall,2014.85198765071,666,nvss,Deaths,age-adjusted rate
1992,A,White,65,74,All Origins,2,51,all-cause,overall,4088.11723541779,666,nvss,Deaths,age-adjusted rate
1992,A,White,75,84,All Origins,2,51,all-cause,overall,6323.91989442555,666,nvss,Deaths,age-adjusted rate
1992,A,White,85,150,All Origins,2,51,all-cause,overall,6530.7569292314,666,nvss,Deaths,age-adjusted rate
1992,A,White,25,34,All Origins,2,51,cvd_ihd,total,5.2767001560851,666,nvss,Deaths,age-adjusted rate
1992,A,White,35,44,All Origins,2,51,cvd_ihd,total,26.16352591207,666,nvss,Deaths,age-adjusted rate
1992,A,White,45,54,All Origins,2,51,cvd_ihd,total,99.5305855904449,666,nvss,Deaths,age-adjusted rate
1992,A,White,55,64,All Origins,2,51,cvd_ihd,total,186.24682238788,666,nvss,Deaths,age-adjusted rate
1992,A,White,65,74,All Origins,2,51,cvd_ihd,total,323.147223679557,666,nvss,Deaths,age-adjusted rate
1992,A,White,75,84,All Origins,2,51,cvd_ihd,total,693.141456144911,666,nvss,Deaths,age-adjusted rate
1992,A,White,85,150,All Origins,2,51,cvd_ihd,total,835.480226941801,666,nvss,Deaths,age-adjusted rate
1992,A,White,25,34,All Origins,2,51,cvd_stroke,total,1.75890005202837,666,nvss,Deaths,age-adjusted rate
1992,A,White,35,44,All Origins,2,51,cvd_stroke,total,12.0754734978785,666,nvss,Deaths,age-adjusted rate
1992,A,White,45,54,All Origins,2,51,cvd_stroke,total,34.5310194905625,666,nvss,Deaths,age-adjusted rate
1992,A,White,55,64,All Origins,2,51,cvd_stroke,total,18.4707592450791,666,nvss,Deaths,age-adjusted rate
1992,A,White,65,74,All Origins,2,51,cvd_stroke,total,35.058425210518,666,nvss,Deaths,age-adjusted rate
1992,A,White,75,84,All Origins,2,51,cvd_stroke,total,71.7042885667149,666,nvss,Deaths,age-adjusted rate
1992,A,White,85,150,All Origins,2,51,cvd_stroke,total,75.2451136065597,666,nvss,Deaths,age-adjusted rate
1992,A,White,25,34,All Origins,2,51,lri,total,1.75890005202837,666,nvss,Deaths,age-adjusted rate
1992,A,White,55,64,All Origins,2,51,lri,total,1.53922993708992,666,nvss,Deaths,age-adjusted rate
1992,A,White,75,84,All Origins,2,51,lri,total,3.98357158703972,666,nvss,Deaths,age-adjusted rate
1992,A,White,25,34,All Origins,2,51,ncd_lri,total,239.210407075858,666,nvss,Deaths,age-adjusted rate
1992,A,White,35,44,All Origins,2,51,ncd_lri,total,692.327147211698,666,nvss,Deaths,age-adjusted rate
1992,A,White,45,54,All Origins,2,51,ncd_lri,total,1255.30412030398,666,nvss,Deaths,age-adjusted rate
1992,A,White,55,64,All Origins,2,51,ncd_lri,total,1888.63513280933,666,nvss,Deaths,age-adjusted rate
1992,A,White,65,74,All Origins,2,51,ncd_lri,total,3842.70825894417,666,nvss,Deaths,age-adjusted rate
1992,A,White,75,84,All Origins,2,51,ncd_lri,total,5764.22808644647,666,nvss,Deaths,age-adjusted rate
1992,A,White,85,150,All Origins,2,51,ncd_lri,total,5679.70874775032,666,nvss,Deaths,age-adjusted rate
1992,A,White,35,44,All Origins,2,51,neo_lung,total,32.2012626610092,666,nvss,Deaths,age-adjusted rate
1992,A,White,45,54,All Origins,2,51,neo_lung,total,134.061605081007,666,nvss,Deaths,age-adjusted rate
1992,A,White,55,64,All Origins,2,51,neo_lung,total,289.375228172905,666,nvss,Deaths,age-adjusted rate
1992,A,White,65,74,All Origins,2,51,neo_lung,total,495.390791018189,666,nvss,Deaths,age-adjusted rate
1992,A,White,75,84,All Origins,2,51,neo_lung,total,416.283230845651,666,nvss,Deaths,age-adjusted rate
1992,A,White,85,150,All Origins,2,51,neo_lung,total,119.354318134543,666,nvss,Deaths,age-adjusted rate
1992,A,White,25,34,All Origins,2,51,resp_copd,total,1.75890005202837,666,nvss,Deaths,age-adjusted rate
1992,A,White,35,44,All Origins,2,51,resp_copd,total,10.0628945815654,666,nvss,Deaths,age-adjusted rate
1992,A,White,45,54,All Origins,2,51,resp_copd,total,16.2498915249706,666,nvss,Deaths,age-adjusted rate
1992,A,White,55,64,All Origins,2,51,resp_copd,total,126.216854841374,666,nvss,Deaths,age-adjusted rate
1992,A,White,65,74,All Origins,2,51,resp_copd,total,265.224608114354,666,nvss,Deaths,age-adjusted rate
1992,A,White,75,84,All Origins,2,51,resp_copd,total,344.578942278936,666,nvss,Deaths,age-adjusted rate
1992,A,White,85,150,All Origins,2,51,resp_copd,total,192.004772651221,666,nvss,Deaths,age-adjusted rate
1992,A,White,25,34,All Origins,2,51,t2_dm,total,1.75890005202837,666,nvss,Deaths,age-adjusted rate
1992,A,White,35,44,All Origins,2,51,t2_dm,total,16.1006313305046,666,nvss,Deaths,age-adjusted rate
1992,A,White,45,54,All Origins,2,51,t2_dm,total,26.4060737280772,666,nvss,Deaths,age-adjusted rate
1992,A,White,55,64,All Origins,2,51,t2_dm,total,47.7161280497876,666,nvss,Deaths,age-adjusted rate
1992,A,White,65,74,All Origins,2,51,t2_dm,total,85.3596439908264,666,nvss,Deaths,age-adjusted rate
1992,A,White,75,84,All Origins,2,51,t2_dm,total,113.531790230632,666,nvss,Deaths,age-adjusted rate
1992,A,White,85,150,All Origins,2,51,t2_dm,total,85.6237499660852,666,nvss,Deaths,age-adjusted rate
1992,A,White,25,34,All Origins,3,4,all-cause,overall,1117.24234535789,666,nvss,Deaths,age-adjusted rate
1992,A,White,35,44,All Origins,3,4,all-cause,overall,1827.50015435685,666,nvss,Deaths,age-adjusted rate
1992,A,White,45,54,All Origins,3,4,all-cause,overall,2564.83888240551,666,nvss,Deaths,age-adjusted rate
1992,A,White,55,64,All Origins,3,4,all-cause,overall,4229.93609768665,666,nvss,Deaths,age-adjusted rate
1992,A,White,65,74,All Origins,3,4,all-cause,overall,10886.6754267691,666,nvss,Deaths,age-adjusted rate
1992,A,White,75,84,All Origins,3,4,all-cause,overall,19426.3725538087,666,nvss,Deaths,age-adjusted rate
1992,A,White,85,150,All Origins,3,4,all-cause,overall,22423.5566979473,666,nvss,Deaths,age-adjusted rate
1992,A,White,25,34,All Origins,3,4,cvd_ihd,total,8.09595902433251,666,nvss,Deaths,age-adjusted rate
1992,A,White,35,44,All Origins,3,4,cvd_ihd,total,118.449084078685,666,nvss,Deaths,age-adjusted rate
1992,A,White,45,54,All Origins,3,4,cvd_ihd,total,246.788620987472,666,nvss,Deaths,age-adjusted rate
1992,A,White,55,64,All Origins,3,4,cvd_ihd,total,381.81724067614,666,nvss,Deaths,age-adjusted rate
1992,A,White,65,74,All Origins,3,4,cvd_ihd,total,1064.54885762142,666,nvss,Deaths,age-adjusted rate
1992,A,White,75,84,All Origins,3,4,cvd_ihd,total,2402.18585342795,666,nvss,Deaths,age-adjusted rate
1992,A,White,85,150,All Origins,3,4,cvd_ihd,total,4050.47159230618,666,nvss,Deaths,age-adjusted rate
1992,A,White,25,34,All Origins,3,4,cvd_stroke,total,24.2878770729975,666,nvss,Deaths,age-adjusted rate
1992,A,White,35,44,All Origins,3,4,cvd_stroke,total,16.9212977255264,666,nvss,Deaths,age-adjusted rate
1992,A,White,45,54,All Origins,3,4,cvd_stroke,total,26.4416379629434,666,nvss,Deaths,age-adjusted rate
1992,A,White,55,64,All Origins,3,4,cvd_stroke,total,59.8929004982181,666,nvss,Deaths,age-adjusted rate
1992,A,White,65,74,All Origins,3,4,cvd_stroke,total,66.5343036013388,666,nvss,Deaths,age-adjusted rate
1992,A,White,75,84,All Origins,3,4,cvd_stroke,total,150.861913500306,666,nvss,Deaths,age-adjusted rate
1992,A,White,85,150,All Origins,3,4,cvd_stroke,total,237.18977792784,666,nvss,Deaths,age-adjusted rate
1992,A,White,45,54,All Origins,3,4,lri,total,8.81387932098113,666,nvss,Deaths,age-adjusted rate
1992,A,White,75,84,All Origins,3,4,lri,total,11.6047625769466,666,nvss,Deaths,age-adjusted rate
1992,A,White,25,34,All Origins,3,4,ncd_lri,total,437.181787313955,666,nvss,Deaths,age-adjusted rate
1992,A,White,35,44,All Origins,3,4,ncd_lri,total,1116.80564988474,666,nvss,Deaths,age-adjusted rate
1992,A,White,45,54,All Origins,3,4,ncd_lri,total,2106.51715771449,666,nvss,Deaths,age-adjusted rate
1992,A,White,55,64,All Origins,3,4,ncd_lri,total,3878.06530725962,666,nvss,Deaths,age-adjusted rate
1992,A,White,65,74,All Origins,3,4,ncd_lri,total,10079.9469956028,666,nvss,Deaths,age-adjusted rate
1992,A,White,75,84,All Origins,3,4,ncd_lri,total,17871.3343684978,666,nvss,Deaths,age-adjusted rate
1992,A,White,85,150,All Origins,3,4,ncd_lri,total,20051.6589186689,666,nvss,Deaths,age-adjusted rate
1992,A,White,35,44,All Origins,3,4,neo_lung,total,42.303244313816,666,nvss,Deaths,age-adjusted rate
1992,A,White,45,54,All Origins,3,4,neo_lung,total,202.719224382566,666,nvss,Deaths,age-adjusted rate
1992,A,White,55,64,All Origins,3,4,neo_lung,total,628.87545523129,666,nvss,Deaths,age-adjusted rate
1992,A,White,65,74,All Origins,3,4,neo_lung,total,1230.88461662477,666,nvss,Deaths,age-adjusted rate
1992,A,White,75,84,All Origins,3,4,neo_lung,total,1276.52388346413,666,nvss,Deaths,age-adjusted rate
1992,A,White,85,150,All Origins,3,4,neo_lung,total,492.62492338859,666,nvss,Deaths,age-adjusted rate
1992,A,White,25,34,All Origins,3,4,resp_copd,total,8.09595902433251,666,nvss,Deaths,age-adjusted rate
1992,A,White,45,54,All Origins,3,4,resp_copd,total,105.766551851774,666,nvss,Deaths,age-adjusted rate
1992,A,White,55,64,All Origins,3,4,resp_copd,total,232.084989430595,666,nvss,Deaths,age-adjusted rate
1992,A,White,65,74,All Origins,3,4,resp_copd,total,914.846674518409,666,nvss,Deaths,age-adjusted rate
1992,A,White,75,84,All Origins,3,4,resp_copd,total,1241.70959573329,666,nvss,Deaths,age-adjusted rate
1992,A,White,85,150,All Origins,3,4,resp_copd,total,967.004479244269,666,nvss,Deaths,age-adjusted rate
1992,A,White,25,34,All Origins,3,4,t2_dm,total,16.191918048665,666,nvss,Deaths,age-adjusted rate
1992,A,White,35,44,All Origins,3,4,t2_dm,total,25.3819465882896,666,nvss,Deaths,age-adjusted rate
1992,A,White,45,54,All Origins,3,4,t2_dm,total,79.3249138888301,666,nvss,Deaths,age-adjusted rate
1992,A,White,55,64,All Origins,3,4,t2_dm,total,89.8393507473272,666,nvss,Deaths,age-adjusted rate
1992,A,White,65,74,All Origins,3,4,t2_dm,total,266.137214405355,666,nvss,Deaths,age-adjusted rate
1992,A,White,75,84,All Origins,3,4,t2_dm,total,429.376215347026,666,nvss,Deaths,age-adjusted rate
1992,A,White,85,150,All Origins,3,4,t2_dm,total,237.18977792784,666,nvss,Deaths,age-adjusted rate
1992,A,White,25,34,All Origins,3,5,all-cause,overall,466.978986042221,666,nvss,Deaths,age-adjusted rate
1992,A,White,35,44,All Origins,3,5,all-cause,overall,902.06207505437,666,nvss,Deaths,age-adjusted rate
1992,A,White,45,54,All Origins,3,5,all-cause,overall,1244.58573927763,666,nvss,Deaths,age-adjusted rate
1992,A,White,55,64,All Origins,3,5,all-cause,overall,1807.05090664458,666,nvss,Deaths,age-adjusted rate
1992,A,White,65,74,All Origins,3,5,all-cause,overall,3158.94192052291,666,nvss,Deaths,age-adjusted rate
1992,A,White,75,84,All Origins,3,5,all-cause,overall,4102.49661485606,666,nvss,Deaths,age-adjusted rate
1992,A,White,85,150,All Origins,3,5,all-cause,overall,3721.06665536862,666,nvss,Deaths,age-adjusted rate
1992,A,White,35,44,All Origins,3,5,cvd_ihd,total,7.58035357188546,666,nvss,Deaths,age-adjusted rate
1992,A,White,45,54,All Origins,3,5,cvd_ihd,total,27.9682188601714,666,nvss,Deaths,age-adjusted rate
1992,A,White,55,64,All Origins,3,5,cvd_ihd,total,80.0908989094553,666,nvss,Deaths,age-adjusted rate
1992,A,White,65,74,All Origins,3,5,cvd_ihd,total,218.437473227648,666,nvss,Deaths,age-adjusted rate
1992,A,White,75,84,All Origins,3,5,cvd_ihd,total,447.870809482103,666,nvss,Deaths,age-adjusted rate
1992,A,White,85,150,All Origins,3,5,cvd_ihd,total,535.120104899882,666,nvss,Deaths,age-adjusted rate
1992,A,White,45,54,All Origins,3,5,cvd_stroke,total,6.99205471504284,666,nvss,Deaths,age-adjusted rate
1992,A,White,55,64,All Origins,3,5,cvd_stroke,total,20.0227247273638,666,nvss,Deaths,age-adjusted rate
1992,A,White,65,74,All Origins,3,5,cvd_stroke,total,42.0072063899323,666,nvss,Deaths,age-adjusted rate
1992,A,White,75,84,All Origins,3,5,cvd_stroke,total,13.4361242844631,666,nvss,Deaths,age-adjusted rate
1992,A,White,85,150,All Origins,3,5,cvd_stroke,total,29.7288947166601,666,nvss,Deaths,age-adjusted rate
1992,A,White,25,34,All Origins,3,5,ncd_lri,total,164.816112720784,666,nvss,Deaths,age-adjusted rate
1992,A,White,35,44,All Origins,3,5,ncd_lri,total,568.52651789141,666,nvss,Deaths,age-adjusted rate
1992,A,White,45,54,All Origins,3,5,ncd_lri,total,1055.80026197147,666,nvss,Deaths,age-adjusted rate
1992,A,White,55,64,All Origins,3,5,ncd_lri,total,1531.73844164333,666,nvss,Deaths,age-adjusted rate
1992,A,White,65,74,All Origins,3,5,ncd_lri,total,2856.4900345154,666,nvss,Deaths,age-adjusted rate
1992,A,White,75,84,All Origins,3,5,ncd_lri,total,3582.96647585682,666,nvss,Deaths,age-adjusted rate
1992,A,White,85,150,All Origins,3,5,ncd_lri,total,3091.80505053265,666,nvss,Deaths,age-adjusted rate
1992,A,White,25,34,All Origins,3,5,neo_lung,total,6.86733803003265,666,nvss,Deaths,age-adjusted rate
1992,A,White,35,44,All Origins,3,5,neo_lung,total,37.9017678594273,666,nvss,Deaths,age-adjusted rate
1992,A,White,45,54,All Origins,3,5,neo_lung,total,195.7775320212,666,nvss,Deaths,age-adjusted rate
1992,A,White,55,64,All Origins,3,5,neo_lung,total,265.301102637571,666,nvss,Deaths,age-adjusted rate
1992,A,White,65,74,All Origins,3,5,neo_lung,total,457.878549650262,666,nvss,Deaths,age-adjusted rate
1992,A,White,75,84,All Origins,3,5,neo_lung,total,304.55215044783,666,nvss,Deaths,age-adjusted rate
1992,A,White,85,150,All Origins,3,5,neo_lung,total,29.7288947166601,666,nvss,Deaths,age-adjusted rate
1992,A,White,35,44,All Origins,3,5,resp_copd,total,7.58035357188546,666,nvss,Deaths,age-adjusted rate
1992,A,White,45,54,All Origins,3,5,resp_copd,total,13.9841094300857,666,nvss,Deaths,age-adjusted rate
1992,A,White,55,64,All Origins,3,5,resp_copd,total,95.1079424549781,666,nvss,Deaths,age-adjusted rate
1992,A,White,65,74,All Origins,3,5,resp_copd,total,231.039635144628,666,nvss,Deaths,age-adjusted rate
1992,A,White,75,84,All Origins,3,5,resp_copd,total,206.020572361767,666,nvss,Deaths,age-adjusted rate
1992,A,White,85,150,All Origins,3,5,resp_copd,total,133.780026224971,666,nvss,Deaths,age-adjusted rate
1992,A,White,35,44,All Origins,3,5,t2_dm,total,7.58035357188546,666,nvss,Deaths,age-adjusted rate
1992,A,White,45,54,All Origins,3,5,t2_dm,total,13.9841094300857,666,nvss,Deaths,age-adjusted rate
1992,A,White,55,64,All Origins,3,5,t2_dm,total,50.0568118184096,666,nvss,Deaths,age-adjusted rate
1992,A,White,65,74,All Origins,3,5,t2_dm,total,54.609368306912,666,nvss,Deaths,age-adjusted rate
1992,A,White,75,84,All Origins,3,5,t2_dm,total,80.6167457067785,666,nvss,Deaths,age-adjusted rate
1992,A,White,85,150,All Origins,3,5,t2_dm,total,54.5029736472102,666,nvss,Deaths,age-adjusted rate
1992,A,White,25,34,All Origins,3,6,all-cause,overall,1762615.4418123,666,nvss,Deaths,age-adjusted rate
1992,A,White,35,44,All Origins,3,6,all-cause,overall,2276454.48300349,666,nvss,Deaths,age-adjusted rate
1992,A,White,45,54,All Origins,3,6,all-cause,overall,3203638.49347373,666,nvss,Deaths,age-adjusted rate
1992,A,White,55,64,All Origins,3,6,all-cause,overall,7868717.844548,666,nvss,Deaths,age-adjusted rate
1992,A,White,65,74,All Origins,3,6,all-cause,overall,8523374.42939981,666,nvss,Deaths,age-adjusted rate
1992,A,White,75,84,All Origins,3,6,all-cause,overall,24065139.3229397,666,nvss,Deaths,age-adjusted rate
1992,A,White,85,150,All Origins,3,6,all-cause,overall,645783566.117883,666,nvss,Deaths,age-adjusted rate
1992,A,White,25,34,All Origins,3,6,cvd_ihd,total,8135.14819297986,666,nvss,Deaths,age-adjusted rate
1992,A,White,35,44,All Origins,3,6,cvd_ihd,total,79465.5569015592,666,nvss,Deaths,age-adjusted rate
1992,A,White,45,54,All Origins,3,6,cvd_ihd,total,240003.220470675,666,nvss,Deaths,age-adjusted rate
1992,A,White,55,64,All Origins,3,6,cvd_ihd,total,715008.032922489,666,nvss,Deaths,age-adjusted rate
1992,A,White,65,74,All Origins,3,6,cvd_ihd,total,978907.067710341,666,nvss,Deaths,age-adjusted rate
1992,A,White,75,84,All Origins,3,6,cvd_ihd,total,3469709.24100585,666,nvss,Deaths,age-adjusted rate
1992,A,White,85,150,All Origins,3,6,cvd_ihd,total,123894872.485306,666,nvss,Deaths,age-adjusted rate
1992,A,White,25,34,All Origins,3,6,cvd_stroke,total,8135.14819297986,666,nvss,Deaths,age-adjusted rate
1992,A,White,35,44,All Origins,3,6,cvd_stroke,total,23372.2226181056,666,nvss,Deaths,age-adjusted rate
1992,A,White,45,54,All Origins,3,6,cvd_stroke,total,45843.3117752974,666,nvss,Deaths,age-adjusted rate
1992,A,White,55,64,All Origins,3,6,cvd_stroke,total,90737.0600155443,666,nvss,Deaths,age-adjusted rate
1992,A,White,65,74,All Origins,3,6,cvd_stroke,total,97508.3211977098,666,nvss,Deaths,age-adjusted rate
1992,A,White,75,84,All Origins,3,6,cvd_stroke,total,385965.362818312,666,nvss,Deaths,age-adjusted rate
1992,A,White,85,150,All Origins,3,6,cvd_stroke,total,11141142.379502,666,nvss,Deaths,age-adjusted rate
1992,A,White,65,74,All Origins,3,6,lri,total,5735.78359986528,666,nvss,Deaths,age-adjusted rate
1992,A,White,75,84,All Origins,3,6,lri,total,3979.02435895167,666,nvss,Deaths,age-adjusted rate
1992,A,White,85,150,All Origins,3,6,lri,total,1073845.0486267,666,nvss,Deaths,age-adjusted rate
1992,A,White,25,34,All Origins,3,6,ncd_lri,total,705046.176724921,666,nvss,Deaths,age-adjusted rate
1992,A,White,35,44,All Origins,3,6,ncd_lri,total,1486473.35851152,666,nvss,Deaths,age-adjusted rate
1992,A,White,45,54,All Origins,3,6,ncd_lri,total,2596888.77880067,666,nvss,Deaths,age-adjusted rate
1992,A,White,55,64,All Origins,3,6,ncd_lri,total,7215411.01243608,666,nvss,Deaths,age-adjusted rate
1992,A,White,65,74,All Origins,3,6,ncd_lri,total,7953619.92514652,666,nvss,Deaths,age-adjusted rate
1992,A,White,75,84,All Origins,3,6,ncd_lri,total,22031857.8755154,666,nvss,Deaths,age-adjusted rate
1992,A,White,85,150,All Origins,3,6,ncd_lri,total,567527108.199212,666,nvss,Deaths,age-adjusted rate
1992,A,White,25,34,All Origins,3,6,neo_lung,total,2711.71606432662,666,nvss,Deaths,age-adjusted rate
1992,A,White,35,44,All Origins,3,6,neo_lung,total,35058.3339271585,666,nvss,Deaths,age-adjusted rate
1992,A,White,45,54,All Origins,3,6,neo_lung,total,266969.874456144,666,nvss,Deaths,age-adjusted rate
1992,A,White,55,64,All Origins,3,6,neo_lung,total,990848.695369744,666,nvss,Deaths,age-adjusted rate
1992,A,White,65,74,All Origins,3,6,neo_lung,total,1011409.84144291,666,nvss,Deaths,age-adjusted rate
1992,A,White,75,84,All Origins,3,6,neo_lung,total,1420511.69614575,666,nvss,Deaths,age-adjusted rate
1992,A,White,85,150,All Origins,3,6,neo_lung,total,12751909.9524421,666,nvss,Deaths,age-adjusted rate
1992,A,White,25,34,All Origins,3,6,resp_copd,total,13558.5803216331,666,nvss,Deaths,age-adjusted rate
1992,A,White,35,44,All Origins,3,6,resp_copd,total,16360.5558326739,666,nvss,Deaths,age-adjusted rate
1992,A,White,45,54,All Origins,3,6,resp_copd,total,75506.6311593134,666,nvss,Deaths,age-adjusted rate
1992,A,White,55,64,All Origins,3,6,resp_copd,total,388354.61686653,666,nvss,Deaths,age-adjusted rate
1992,A,White,65,74,All Origins,3,6,resp_copd,total,569754.504253285,666,nvss,Deaths,age-adjusted rate
1992,A,White,75,84,All Origins,3,6,resp_copd,total,1774644.86409244,666,nvss,Deaths,age-adjusted rate
1992,A,White,85,150,All Origins,3,6,resp_copd,total,22416515.3900824,666,nvss,Deaths,age-adjusted rate
1992,A,White,25,34,All Origins,3,6,t2_dm,total,10846.8642573065,666,nvss,Deaths,age-adjusted rate
1992,A,White,35,44,All Origins,3,6,t2_dm,total,35058.3339271585,666,nvss,Deaths,age-adjusted rate
1992,A,White,45,54,All Origins,3,6,t2_dm,total,64719.9695651258,666,nvss,Deaths,age-adjusted rate
1992,A,White,55,64,All Origins,3,6,t2_dm,total,206880.496835441,666,nvss,Deaths,age-adjusted rate
1992,A,White,65,74,All Origins,3,6,t2_dm,total,187368.930928933,666,nvss,Deaths,age-adjusted rate
1992,A,White,75,84,All Origins,3,6,t2_dm,total,401881.460254118,666,nvss,Deaths,age-adjusted rate
1992,A,White,85,150,All Origins,3,6,t2_dm,total,7382684.70930858,666,nvss,Deaths,age-adjusted rate
1992,A,White,25,34,All Origins,3,8,all-cause,overall,3891.50265070403,666,nvss,Deaths,age-adjusted rate
1992,A,White,35,44,All Origins,3,8,all-cause,overall,5863.13414909003,666,nvss,Deaths,age-adjusted rate
1992,A,White,45,54,All Origins,3,8,all-cause,overall,7700.41176167343,666,nvss,Deaths,age-adjusted rate
1992,A,White,55,64,All Origins,3,8,all-cause,overall,9222.35643961185,666,nvss,Deaths,age-adjusted rate
1992,A,White,65,74,All Origins,3,8,all-cause,overall,14999.7072901909,666,nvss,Deaths,age-adjusted rate
1992,A,White,75,84,All Origins,3,8,all-cause,overall,21133.8665140413,666,nvss,Deaths,age-adjusted rate
1992,A,White,85,150,All Origins,3,8,all-cause,overall,22650.2030587483,666,nvss,Deaths,age-adjusted rate
1992,A,White,25,34,All Origins,3,8,cvd_ihd,total,25.1064687142196,666,nvss,Deaths,age-adjusted rate
1992,A,White,35,44,All Origins,3,8,cvd_ihd,total,188.373787922571,666,nvss,Deaths,age-adjusted rate
1992,A,White,45,54,All Origins,3,8,cvd_ihd,total,310.083695100944,666,nvss,Deaths,age-adjusted rate
1992,A,White,55,64,All Origins,3,8,cvd_ihd,total,888.318045847025,666,nvss,Deaths,age-adjusted rate
1992,A,White,65,74,All Origins,3,8,cvd_ihd,total,1398.05634150734,666,nvss,Deaths,age-adjusted rate
1992,A,White,75,84,All Origins,3,8,cvd_ihd,total,2601.98082936213,666,nvss,Deaths,age-adjusted rate
1992,A,White,85,150,All Origins,3,8,cvd_ihd,total,2993.18757576968,666,nvss,Deaths,age-adjusted rate
1992,A,White,35,44,All Origins,3,8,cvd_stroke,total,47.0934469806428,666,nvss,Deaths,age-adjusted rate
1992,A,White,45,54,All Origins,3,8,cvd_stroke,total,25.8403079250786,666,nvss,Deaths,age-adjusted rate
1992,A,White,55,64,All Origins,3,8,cvd_stroke,total,96.9074231833119,666,nvss,Deaths,age-adjusted rate
1992,A,White,65,74,All Origins,3,8,cvd_stroke,total,104.527576935128,666,nvss,Deaths,age-adjusted rate
1992,A,White,75,84,All Origins,3,8,cvd_stroke,total,159.00993957213,666,nvss,Deaths,age-adjusted rate
1992,A,White,85,150,All Origins,3,8,cvd_stroke,total,227.552271842139,666,nvss,Deaths,age-adjusted rate
1992,A,White,65,74,All Origins,3,8,lri,total,13.065947116891,666,nvss,Deaths,age-adjusted rate
1992,A,White,75,84,All Origins,3,8,lri,total,28.9108981040237,666,nvss,Deaths,age-adjusted rate
1992,A,White,25,34,All Origins,3,8,ncd_lri,total,1581.70752899583,666,nvss,Deaths,age-adjusted rate
1992,A,White,35,44,All Origins,3,8,ncd_lri,total,3908.75609939336,666,nvss,Deaths,age-adjusted rate
1992,A,White,45,54,All Origins,3,8,ncd_lri,total,6072.47236239348,666,nvss,Deaths,age-adjusted rate
1992,A,White,55,64,All Origins,3,8,ncd_lri,total,8414.79457975091,666,nvss,Deaths,age-adjusted rate
1992,A,White,65,74,All Origins,3,8,ncd_lri,total,13784.57420832,666,nvss,Deaths,age-adjusted rate
1992,A,White,75,84,All Origins,3,8,ncd_lri,total,19182.3808920197,666,nvss,Deaths,age-adjusted rate
1992,A,White,85,150,All Origins,3,8,ncd_lri,total,19534.4873366021,666,nvss,Deaths,age-adjusted rate
1992,A,White,25,34,All Origins,3,8,neo_lung,total,25.1064687142196,666,nvss,Deaths,age-adjusted rate
1992,A,White,35,44,All Origins,3,8,neo_lung,total,188.373787922571,666,nvss,Deaths,age-adjusted rate
1992,A,White,45,54,All Origins,3,8,neo_lung,total,620.167390201887,666,nvss,Deaths,age-adjusted rate
1992,A,White,55,64,All Origins,3,8,neo_lung,total,1227.49402698862,666,nvss,Deaths,age-adjusted rate
1992,A,White,65,74,All Origins,3,8,neo_lung,total,1280.46281745532,666,nvss,Deaths,age-adjusted rate
1992,A,White,75,84,All Origins,3,8,neo_lung,total,896.237841224733,666,nvss,Deaths,age-adjusted rate
1992,A,White,85,150,All Origins,3,8,neo_lung,total,262.560313664007,666,nvss,Deaths,age-adjusted rate
1992,A,White,35,44,All Origins,3,8,resp_copd,total,47.0934469806428,666,nvss,Deaths,age-adjusted rate
1992,A,White,45,54,All Origins,3,8,resp_copd,total,129.201539625393,666,nvss,Deaths,age-adjusted rate
1992,A,White,55,64,All Origins,3,8,resp_copd,total,662.200725085965,666,nvss,Deaths,age-adjusted rate
1992,A,White,65,74,All Origins,3,8,resp_copd,total,1607.1114953776,666,nvss,Deaths,age-adjusted rate
1992,A,White,75,84,All Origins,3,8,resp_copd,total,1908.11927486556,666,nvss,Deaths,age-adjusted rate
1992,A,White,85,150,All Origins,3,8,resp_copd,total,892.705066457623,666,nvss,Deaths,age-adjusted rate
1992,A,White,25,34,All Origins,3,8,t2_dm,total,25.1064687142196,666,nvss,Deaths,age-adjusted rate
1992,A,White,35,44,All Origins,3,8,t2_dm,total,211.920511412893,666,nvss,Deaths,age-adjusted rate
1992,A,White,45,54,All Origins,3,8,t2_dm,total,206.722463400629,666,nvss,Deaths,age-adjusted rate
1992,A,White,55,64,All Origins,3,8,t2_dm,total,113.058660380531,666,nvss,Deaths,age-adjusted rate
1992,A,White,65,74,All Origins,3,8,t2_dm,total,352.780572156058,666,nvss,Deaths,age-adjusted rate
1992,A,White,75,84,All Origins,3,8,t2_dm,total,505.940716820414,666,nvss,Deaths,age-adjusted rate
1992,A,White,85,150,All Origins,3,8,t2_dm,total,262.560313664007,666,nvss,Deaths,age-adjusted rate
1992,A,White,25,34,All Origins,3,9,all-cause,overall,515.233656280121,666,nvss,Deaths,age-adjusted rate
1992,A,White,35,44,All Origins,3,9,all-cause,overall,850.644405149784,666,nvss,Deaths,age-adjusted rate
1992,A,White,45,54,All Origins,3,9,all-cause,overall,1421.67485486637,666,nvss,Deaths,age-adjusted rate
1992,A,White,55,64,All Origins,3,9,all-cause,overall,2559.25270896134,666,nvss,Deaths,age-adjusted rate
1992,A,White,65,74,All Origins,3,9,all-cause,overall,6286.90125252631,666,nvss,Deaths,age-adjusted rate
1992,A,White,75,84,All Origins,3,9,all-cause,overall,11346.3169240774,666,nvss,Deaths,age-adjusted rate
1992,A,White,85,150,All Origins,3,9,all-cause,overall,9537.56334444155,666,nvss,Deaths,age-adjusted rate
1992,A,White,25,34,All Origins,3,9,cvd_ihd,total,3.20020904521814,666,nvss,Deaths,age-adjusted rate
1992,A,White,35,44,All Origins,3,9,cvd_ihd,total,36.7069818357318,666,nvss,Deaths,age-adjusted rate
1992,A,White,45,54,All Origins,3,9,cvd_ihd,total,91.7768176710325,666,nvss,Deaths,age-adjusted rate
1992,A,White,55,64,All Origins,3,9,cvd_ihd,total,255.302581672542,666,nvss,Deaths,age-adjusted rate
1992,A,White,65,74,All Origins,3,9,cvd_ihd,total,771.439377604173,666,nvss,Deaths,age-adjusted rate
1992,A,White,75,84,All Origins,3,9,cvd_ihd,total,1544.14827639383,666,nvss,Deaths,age-adjusted rate
1992,A,White,85,150,All Origins,3,9,cvd_ihd,total,1830.46120369024,666,nvss,Deaths,age-adjusted rate
1992,A,White,25,34,All Origins,3,9,cvd_stroke,total,4.80031356782722,666,nvss,Deaths,age-adjusted rate
1992,A,White,35,44,All Origins,3,9,cvd_stroke,total,12.7676458559067,666,nvss,Deaths,age-adjusted rate
1992,A,White,45,54,All Origins,3,9,cvd_stroke,total,20.7796568311772,666,nvss,Deaths,age-adjusted rate
1992,A,White,55,64,All Origins,3,9,cvd_stroke,total,21.7941228257048,666,nvss,Deaths,age-adjusted rate
1992,A,White,65,74,All Origins,3,9,cvd_stroke,total,62.6382400618773,666,nvss,Deaths,age-adjusted rate
1992,A,White,75,84,All Origins,3,9,cvd_stroke,total,131.146839912901,666,nvss,Deaths,age-adjusted rate
1992,A,White,85,150,All Origins,3,9,cvd_stroke,total,142.760328920286,666,nvss,Deaths,age-adjusted rate
1992,A,White,45,54,All Origins,3,9,lri,total,1.73163806926476,666,nvss,Deaths,age-adjusted rate
1992,A,White,65,74,All Origins,3,9,lri,total,4.94512421541136,666,nvss,Deaths,age-adjusted rate
1992,A,White,75,84,All Origins,3,9,lri,total,8.46108644599359,666,nvss,Deaths,age-adjusted rate
1992,A,White,85,150,All Origins,3,9,lri,total,17.6005884970215,666,nvss,Deaths,age-adjusted rate
1992,A,White,25,34,All Origins,3,9,ncd_lri,total,249.616305527015,666,nvss,Deaths,age-adjusted rate
1992,A,White,35,44,All Origins,3,9,ncd_lri,total,608.059133887556,666,nvss,Deaths,age-adjusted rate
1992,A,White,45,54,All Origins,3,9,ncd_lri,total,1241.58449566284,666,nvss,Deaths,age-adjusted rate
1992,A,White,55,64,All Origins,3,9,ncd_lri,total,2398.91023388651,666,nvss,Deaths,age-adjusted rate
1992,A,White,65,74,All Origins,3,9,ncd_lri,total,5892.93969003187,666,nvss,Deaths,age-adjusted rate
1992,A,White,75,84,All Origins,3,9,ncd_lri,total,10464.2486620826,666,nvss,Deaths,age-adjusted rate
1992,A,White,85,150,All Origins,3,9,ncd_lri,total,8440.45999479387,666,nvss,Deaths,age-adjusted rate
1992,A,White,25,34,All Origins,3,9,neo_lung,total,6.40041809043629,666,nvss,Deaths,age-adjusted rate
1992,A,White,35,44,All Origins,3,9,neo_lung,total,28.7272031757901,666,nvss,Deaths,age-adjusted rate
1992,A,White,45,54,All Origins,3,9,neo_lung,total,145.45759781824,666,nvss,Deaths,age-adjusted rate
1992,A,White,55,64,All Origins,3,9,neo_lung,total,379.840426390855,666,nvss,Deaths,age-adjusted rate
1992,A,White,65,74,All Origins,3,9,neo_lung,total,718.691385973118,666,nvss,Deaths,age-adjusted rate
1992,A,White,75,84,All Origins,3,9,neo_lung,total,731.883977578446,666,nvss,Deaths,age-adjusted rate
1992,A,White,85,150,All Origins,3,9,neo_lung,total,140.804707976172,666,nvss,Deaths,age-adjusted rate
1992,A,White,25,34,All Origins,3,9,resp_copd,total,1.60010452260907,666,nvss,Deaths,age-adjusted rate
1992,A,White,35,44,All Origins,3,9,resp_copd,total,4.78786719596501,666,nvss,Deaths,age-adjusted rate
1992,A,White,45,54,All Origins,3,9,resp_copd,total,13.8531045541181,666,nvss,Deaths,age-adjusted rate
1992,A,White,55,64,All Origins,3,9,resp_copd,total,66.9390915360934,666,nvss,Deaths,age-adjusted rate
1992,A,White,65,74,All Origins,3,9,resp_copd,total,354.400568771148,666,nvss,Deaths,age-adjusted rate
1992,A,White,75,84,All Origins,3,9,resp_copd,total,624.005125392028,666,nvss,Deaths,age-adjusted rate
1992,A,White,85,150,All Origins,3,9,resp_copd,total,336.366802387522,666,nvss,Deaths,age-adjusted rate
1992,A,White,25,34,All Origins,3,9,t2_dm,total,6.40041809043629,666,nvss,Deaths,age-adjusted rate
1992,A,White,35,44,All Origins,3,9,t2_dm,total,9.57573439193002,666,nvss,Deaths,age-adjusted rate
1992,A,White,45,54,All Origins,3,9,t2_dm,total,19.0480187619124,666,nvss,Deaths,age-adjusted rate
1992,A,White,55,64,All Origins,3,9,t2_dm,total,63.8256454181355,666,nvss,Deaths,age-adjusted rate
1992,A,White,65,74,All Origins,3,9,t2_dm,total,133.518353816107,666,nvss,Deaths,age-adjusted rate
1992,A,White,75,84,All Origins,3,9,t2_dm,total,236.910420487821,666,nvss,Deaths,age-adjusted rate
1992,A,White,85,150,All Origins,3,9,t2_dm,total,132.982224199718,666,nvss,Deaths,age-adjusted rate
1992,A,White,25,34,All Origins,3,12,all-cause,overall,261.109578303375,666,nvss,Deaths,age-adjusted rate
1992,A,White,35,44,All Origins,3,12,all-cause,overall,534.642061919655,666,nvss,Deaths,age-adjusted rate
1992,A,White,45,54,All Origins,3,12,all-cause,overall,944.991530765132,666,nvss,Deaths,age-adjusted rate
1992,A,White,55,64,All Origins,3,12,all-cause,overall,1468.59295136338,666,nvss,Deaths,age-adjusted rate
1992,A,White,65,74,All Origins,3,12,all-cause,overall,2397.92943340929,666,nvss,Deaths,age-adjusted rate
1992,A,White,75,84,All Origins,3,12,all-cause,overall,2659.70589893771,666,nvss,Deaths,age-adjusted rate
1992,A,White,85,150,All Origins,3,12,all-cause,overall,2586.09478105017,666,nvss,Deaths,age-adjusted rate
1992,A,White,25,34,All Origins,3,12,cvd_ihd,total,4.42558607293855,666,nvss,Deaths,age-adjusted rate
1992,A,White,35,44,All Origins,3,12,cvd_ihd,total,24.4500942951062,666,nvss,Deaths,age-adjusted rate
1992,A,White,45,54,All Origins,3,12,cvd_ihd,total,68.3126407782023,666,nvss,Deaths,age-adjusted rate
1992,A,White,55,64,All Origins,3,12,cvd_ihd,total,137.441974650992,666,nvss,Deaths,age-adjusted rate
1992,A,White,65,74,All Origins,3,12,cvd_ihd,total,291.94602179159,666,nvss,Deaths,age-adjusted rate
1992,A,White,75,84,All Origins,3,12,cvd_ihd,total,373.894826218447,666,nvss,Deaths,age-adjusted rate
1992,A,White,85,150,All Origins,3,12,cvd_ihd,total,507.534856604398,666,nvss,Deaths,age-adjusted rate
1992,A,White,35,44,All Origins,3,12,cvd_stroke,total,5.70502200219144,666,nvss,Deaths,age-adjusted rate
1992,A,White,45,54,All Origins,3,12,cvd_stroke,total,10.4366534522254,666,nvss,Deaths,age-adjusted rate
1992,A,White,55,64,All Origins,3,12,cvd_stroke,total,11.4534978875827,666,nvss,Deaths,age-adjusted rate
1992,A,White,65,74,All Origins,3,12,cvd_stroke,total,26.6127666122946,666,nvss,Deaths,age-adjusted rate
1992,A,White,75,84,All Origins,3,12,cvd_stroke,total,39.0736935507567,666,nvss,Deaths,age-adjusted rate
1992,A,White,85,150,All Origins,3,12,cvd_stroke,total,54.142920522412,666,nvss,Deaths,age-adjusted rate
1992,A,White,35,44,All Origins,3,12,lri,total,1.63000628634041,666,nvss,Deaths,age-adjusted rate
1992,A,White,65,74,All Origins,3,12,lri,total,1.19161641547588,666,nvss,Deaths,age-adjusted rate
1992,A,White,75,84,All Origins,3,12,lri,total,1.68421092891193,666,nvss,Deaths,age-adjusted rate
1992,A,White,85,150,All Origins,3,12,lri,total,1.76074538284267,666,nvss,Deaths,age-adjusted rate
1992,A,White,25,34,All Origins,3,12,ncd_lri,total,122.019730296734,666,nvss,Deaths,age-adjusted rate
1992,A,White,35,44,All Origins,3,12,ncd_lri,total,356.97137670855,666,nvss,Deaths,age-adjusted rate
1992,A,White,45,54,All Origins,3,12,ncd_lri,total,784.646582271852,666,nvss,Deaths,age-adjusted rate
1992,A,White,55,64,All Origins,3,12,ncd_lri,total,1362.32994318414,666,nvss,Deaths,age-adjusted rate
1992,A,White,65,74,All Origins,3,12,ncd_lri,total,2258.51031279861,666,nvss,Deaths,age-adjusted rate
1992,A,White,75,84,All Origins,3,12,ncd_lri,total,2471.74795927114,666,nvss,Deaths,age-adjusted rate
1992,A,White,85,150,All Origins,3,12,ncd_lri,total,2335.6287503408,666,nvss,Deaths,age-adjusted rate
1992,A,White,25,34,All Origins,3,12,neo_lung,total,1.89667974554509,666,nvss,Deaths,age-adjusted rate
1992,A,White,35,44,All Origins,3,12,neo_lung,total,23.635091151936,666,nvss,Deaths,age-adjusted rate
1992,A,White,45,54,All Origins,3,12,neo_lung,total,121.444694716804,666,nvss,Deaths,age-adjusted rate
1992,A,White,55,64,All Origins,3,12,neo_lung,total,258.976313347008,666,nvss,Deaths,age-adjusted rate
1992,A,White,65,74,All Origins,3,12,neo_lung,total,337.227445579673,666,nvss,Deaths,age-adjusted rate
1992,A,White,75,84,All Origins,3,12,neo_lung,total,207.494786441949,666,nvss,Deaths,age-adjusted rate
1992,A,White,85,150,All Origins,3,12,neo_lung,total,60.3055293623613,666,nvss,Deaths,age-adjusted rate
1992,A,White,35,44,All Origins,3,12,resp_copd,total,4.89001885902124,666,nvss,Deaths,age-adjusted rate
1992,A,White,45,54,All Origins,3,12,resp_copd,total,18.0269468720256,666,nvss,Deaths,age-adjusted rate
1992,A,White,55,64,All Origins,3,12,resp_copd,total,71.9025145164912,666,nvss,Deaths,age-adjusted rate
1992,A,White,65,74,All Origins,3,12,resp_copd,total,162.457037976545,666,nvss,Deaths,age-adjusted rate
1992,A,White,75,84,All Origins,3,12,resp_copd,total,180.547411579358,666,nvss,Deaths,age-adjusted rate
1992,A,White,85,150,All Origins,3,12,resp_copd,total,105.204536624849,666,nvss,Deaths,age-adjusted rate
1992,A,White,25,34,All Origins,3,12,t2_dm,total,5.69003923663528,666,nvss,Deaths,age-adjusted rate
1992,A,White,35,44,All Origins,3,12,t2_dm,total,6.52002514536165,666,nvss,Deaths,age-adjusted rate
1992,A,White,45,54,All Origins,3,12,t2_dm,total,21.8220935819257,666,nvss,Deaths,age-adjusted rate
1992,A,White,55,64,All Origins,3,12,t2_dm,total,37.5420208537432,666,nvss,Deaths,age-adjusted rate
1992,A,White,65,74,All Origins,3,12,t2_dm,total,55.608766055541,666,nvss,Deaths,age-adjusted rate
1992,A,White,75,84,All Origins,3,12,t2_dm,total,58.9473825119174,666,nvss,Deaths,age-adjusted rate
1992,A,White,85,150,All Origins,3,12,t2_dm,total,43.578448225356,666,nvss,Deaths,age-adjusted rate
1992,A,White,25,34,All Origins,3,17,all-cause,overall,654.222011910873,666,nvss,Deaths,age-adjusted rate
1992,A,White,35,44,All Origins,3,17,all-cause,overall,1566.45394992847,666,nvss,Deaths,age-adjusted rate
1992,A,White,45,54,All Origins,3,17,all-cause,overall,2602.13796683261,666,nvss,Deaths,age-adjusted rate
1992,A,White,55,64,All Origins,3,17,all-cause,overall,4065.72491659739,666,nvss,Deaths,age-adjusted rate
1992,A,White,65,74,All Origins,3,17,all-cause,overall,7193.38742644493,666,nvss,Deaths,age-adjusted rate
1992,A,White,75,84,All Origins,3,17,all-cause,overall,10402.6494621492,666,nvss,Deaths,age-adjusted rate
1992,A,White,85,150,All Origins,3,17,all-cause,overall,7883.1755459319,666,nvss,Deaths,age-adjusted rate
1992,A,White,25,34,All Origins,3,17,cvd_ihd,total,7.18925287814146,666,nvss,Deaths,age-adjusted rate
1992,A,White,35,44,All Origins,3,17,cvd_ihd,total,140.018230161204,666,nvss,Deaths,age-adjusted rate
1992,A,White,45,54,All Origins,3,17,cvd_ihd,total,192.411610223538,666,nvss,Deaths,age-adjusted rate
1992,A,White,55,64,All Origins,3,17,cvd_ihd,total,288.016756859453,666,nvss,Deaths,age-adjusted rate
1992,A,White,65,74,All Origins,3,17,cvd_ihd,total,796.805991852361,666,nvss,Deaths,age-adjusted rate
1992,A,White,75,84,All Origins,3,17,cvd_ihd,total,1273.55753014626,666,nvss,Deaths,age-adjusted rate
1992,A,White,85,150,All Origins,3,17,cvd_ihd,total,1386.90269578527,666,nvss,Deaths,age-adjusted rate
1992,A,White,35,44,All Origins,3,17,cvd_stroke,total,26.2534181552258,666,nvss,Deaths,age-adjusted rate
1992,A,White,45,54,All Origins,3,17,cvd_stroke,total,36.6498305187692,666,nvss,Deaths,age-adjusted rate
1992,A,White,55,64,All Origins,3,17,cvd_stroke,total,13.3961282260211,666,nvss,Deaths,age-adjusted rate
1992,A,White,65,74,All Origins,3,17,cvd_stroke,total,49.8003744907726,666,nvss,Deaths,age-adjusted rate
1992,A,White,75,84,All Origins,3,17,cvd_stroke,total,133.144650878927,666,nvss,Deaths,age-adjusted rate
1992,A,White,85,150,All Origins,3,17,cvd_stroke,total,123.738530478983,666,nvss,Deaths,age-adjusted rate
1992,A,White,55,64,All Origins,3,17,lri,total,13.3961282260211,666,nvss,Deaths,age-adjusted rate
1992,A,White,85,150,All Origins,3,17,lri,total,20.6230884131639,666,nvss,Deaths,age-adjusted rate
1992,A,White,25,34,All Origins,3,17,ncd_lri,total,301.948620881942,666,nvss,Deaths,age-adjusted rate
1992,A,White,35,44,All Origins,3,17,ncd_lri,total,1067.63900497918,666,nvss,Deaths,age-adjusted rate
1992,A,White,45,54,All Origins,3,17,ncd_lri,total,2345.58915320123,666,nvss,Deaths,age-adjusted rate
1992,A,White,55,64,All Origins,3,17,ncd_lri,total,3771.01009562493,666,nvss,Deaths,age-adjusted rate
1992,A,White,65,74,All Origins,3,17,ncd_lri,total,6772.85093074507,666,nvss,Deaths,age-adjusted rate
1992,A,White,75,84,All Origins,3,17,ncd_lri,total,9731.13730989026,666,nvss,Deaths,age-adjusted rate
1992,A,White,85,150,All Origins,3,17,ncd_lri,total,7099.49818623167,666,nvss,Deaths,age-adjusted rate
1992,A,White,35,44,All Origins,3,17,neo_lung,total,61.2579756955269,666,nvss,Deaths,age-adjusted rate
1992,A,White,45,54,All Origins,3,17,neo_lung,total,284.036186520461,666,nvss,Deaths,age-adjusted rate
1992,A,White,55,64,All Origins,3,17,neo_lung,total,636.316090736001,666,nvss,Deaths,age-adjusted rate
1992,A,White,65,74,All Origins,3,17,neo_lung,total,1018.14098958913,666,nvss,Deaths,age-adjusted rate
1992,A,White,75,84,All Origins,3,17,neo_lung,total,607.834275751623,666,nvss,Deaths,age-adjusted rate
1992,A,White,85,150,All Origins,3,17,neo_lung,total,97.9596699625285,666,nvss,Deaths,age-adjusted rate
1992,A,White,25,34,All Origins,3,17,resp_copd,total,7.18925287814146,666,nvss,Deaths,age-adjusted rate
1992,A,White,45,54,All Origins,3,17,resp_copd,total,45.8122881484615,666,nvss,Deaths,age-adjusted rate
1992,A,White,55,64,All Origins,3,17,resp_copd,total,167.451602825263,666,nvss,Deaths,age-adjusted rate
1992,A,White,65,74,All Origins,3,17,resp_copd,total,398.402995926181,666,nvss,Deaths,age-adjusted rate
1992,A,White,75,84,All Origins,3,17,resp_copd,total,602.045377887321,666,nvss,Deaths,age-adjusted rate
1992,A,White,85,150,All Origins,3,17,resp_copd,total,288.723237784294,666,nvss,Deaths,age-adjusted rate
1992,A,White,35,44,All Origins,3,17,t2_dm,total,26.2534181552258,666,nvss,Deaths,age-adjusted rate
1992,A,White,45,54,All Origins,3,17,t2_dm,total,54.9747457781538,666,nvss,Deaths,age-adjusted rate
1992,A,White,55,64,All Origins,3,17,t2_dm,total,120.56515403419,666,nvss,Deaths,age-adjusted rate
1992,A,White,65,74,All Origins,3,17,t2_dm,total,188.134748076252,666,nvss,Deaths,age-adjusted rate
1992,A,White,75,84,All Origins,3,17,t2_dm,total,231.555914572047,666,nvss,Deaths,age-adjusted rate
1992,A,White,85,150,All Origins,3,17,t2_dm,total,144.361618892147,666,nvss,Deaths,age-adjusted rate
1992,A,White,25,34,All Origins,3,18,all-cause,overall,244.790790797247,666,nvss,Deaths,age-adjusted rate
1992,A,White,35,44,All Origins,3,18,all-cause,overall,472.56058155341,666,nvss,Deaths,age-adjusted rate
1992,A,White,45,54,All Origins,3,18,all-cause,overall,836.412624071113,666,nvss,Deaths,age-adjusted rate
1992,A,White,55,64,All Origins,3,18,all-cause,overall,1256.15863170169,666,nvss,Deaths,age-adjusted rate
1992,A,White,65,74,All Origins,3,18,all-cause,overall,2720.88403607686,666,nvss,Deaths,age-adjusted rate
1992,A,White,75,84,All Origins,3,18,all-cause,overall,4376.78756896169,666,nvss,Deaths,age-adjusted rate
1992,A,White,85,150,All Origins,3,18,all-cause,overall,3854.45256198838,666,nvss,Deaths,age-adjusted rate
1992,A,White,25,34,All Origins,3,18,cvd_ihd,total,7.34372372391742,666,nvss,Deaths,age-adjusted rate
1992,A,White,35,44,All Origins,3,18,cvd_ihd,total,17.6109533498165,666,nvss,Deaths,age-adjusted rate
1992,A,White,45,54,All Origins,3,18,cvd_ihd,total,68.9178941182191,666,nvss,Deaths,age-adjusted rate
1992,A,White,55,64,All Origins,3,18,cvd_ihd,total,115.287981494611,666,nvss,Deaths,age-adjusted rate
1992,A,White,65,74,All Origins,3,18,cvd_ihd,total,283.259188506535,666,nvss,Deaths,age-adjusted rate
1992,A,White,75,84,All Origins,3,18,cvd_ihd,total,597.908884960749,666,nvss,Deaths,age-adjusted rate
1992,A,White,85,150,All Origins,3,18,cvd_ihd,total,741.143919702148,666,nvss,Deaths,age-adjusted rate
1992,A,White,35,44,All Origins,3,18,cvd_stroke,total,5.87031778327218,666,nvss,Deaths,age-adjusted rate
1992,A,White,45,54,All Origins,3,18,cvd_stroke,total,15.6631577541407,666,nvss,Deaths,age-adjusted rate
1992,A,White,55,64,All Origins,3,18,cvd_stroke,total,9.60733179121755,666,nvss,Deaths,age-adjusted rate
1992,A,White,65,74,All Origins,3,18,cvd_stroke,total,33.9113113000782,666,nvss,Deaths,age-adjusted rate
1992,A,White,75,84,All Origins,3,18,cvd_stroke,total,96.8943252307933,666,nvss,Deaths,age-adjusted rate
1992,A,White,85,150,All Origins,3,18,cvd_stroke,total,63.0224421515432,666,nvss,Deaths,age-adjusted rate
1992,A,White,65,74,All Origins,3,18,lri,total,1.99478301765166,666,nvss,Deaths,age-adjusted rate
1992,A,White,25,34,All Origins,3,18,ncd_lri,total,112.603763766734,666,nvss,Deaths,age-adjusted rate
1992,A,White,35,44,All Origins,3,18,ncd_lri,total,322.86747807997,666,nvss,Deaths,age-adjusted rate
1992,A,White,45,54,All Origins,3,18,ncd_lri,total,717.372625139644,666,nvss,Deaths,age-adjusted rate
1992,A,White,55,64,All Origins,3,18,ncd_lri,total,1167.29081263293,666,nvss,Deaths,age-adjusted rate
1992,A,White,65,74,All Origins,3,18,ncd_lri,total,2613.16575312367,666,nvss,Deaths,age-adjusted rate
1992,A,White,75,84,All Origins,3,18,ncd_lri,total,4090.83114571959,666,nvss,Deaths,age-adjusted rate
1992,A,White,85,150,All Origins,3,18,ncd_lri,total,3448.58803453244,666,nvss,Deaths,age-adjusted rate
1992,A,White,35,44,All Origins,3,18,neo_lung,total,11.7406355665444,666,nvss,Deaths,age-adjusted rate
1992,A,White,45,54,All Origins,3,18,neo_lung,total,90.846314974016,666,nvss,Deaths,age-adjusted rate
1992,A,White,55,64,All Origins,3,18,neo_lung,total,230.575962989221,666,nvss,Deaths,age-adjusted rate
1992,A,White,65,74,All Origins,3,18,neo_lung,total,363.050509212602,666,nvss,Deaths,age-adjusted rate
1992,A,White,75,84,All Origins,3,18,neo_lung,total,326.1321190695,666,nvss,Deaths,age-adjusted rate
1992,A,White,85,150,All Origins,3,18,neo_lung,total,70.5851352097284,666,nvss,Deaths,age-adjusted rate
1992,A,White,45,54,All Origins,3,18,resp_copd,total,12.5305262033126,666,nvss,Deaths,age-adjusted rate
1992,A,White,55,64,All Origins,3,18,resp_copd,total,48.0366589560878,666,nvss,Deaths,age-adjusted rate
1992,A,White,65,74,All Origins,3,18,resp_copd,total,177.535688570998,666,nvss,Deaths,age-adjusted rate
1992,A,White,75,84,All Origins,3,18,resp_copd,total,274.140042116391,666,nvss,Deaths,age-adjusted rate
1992,A,White,85,150,All Origins,3,18,resp_copd,total,80.6687259539753,666,nvss,Deaths,age-adjusted rate
1992,A,White,25,34,All Origins,3,18,t2_dm,total,2.44790790797247,666,nvss,Deaths,age-adjusted rate
1992,A,White,35,44,All Origins,3,18,t2_dm,total,8.80547667490827,666,nvss,Deaths,age-adjusted rate
1992,A,White,45,54,All Origins,3,18,t2_dm,total,28.1936839574533,666,nvss,Deaths,age-adjusted rate
1992,A,White,55,64,All Origins,3,18,t2_dm,total,33.6256612692614,666,nvss,Deaths,age-adjusted rate
1992,A,White,65,74,All Origins,3,18,t2_dm,total,61.8382735472014,666,nvss,Deaths,age-adjusted rate
1992,A,White,75,84,All Origins,3,18,t2_dm,total,96.8943252307933,666,nvss,Deaths,age-adjusted rate
1992,A,White,85,150,All Origins,3,18,t2_dm,total,65.5433398376049,666,nvss,Deaths,age-adjusted rate
1992,A,White,25,34,All Origins,3,20,all-cause,overall,1454.2765642143,666,nvss,Deaths,age-adjusted rate
1992,A,White,35,44,All Origins,3,20,all-cause,overall,2608.53908958651,666,nvss,Deaths,age-adjusted rate
1992,A,White,45,54,All Origins,3,20,all-cause,overall,3484.22482937295,666,nvss,Deaths,age-adjusted rate
1992,A,White,55,64,All Origins,3,20,all-cause,overall,4270.31568698109,666,nvss,Deaths,age-adjusted rate
1992,A,White,65,74,All Origins,3,20,all-cause,overall,6899.36455917728,666,nvss,Deaths,age-adjusted rate
1992,A,White,75,84,All Origins,3,20,all-cause,overall,7886.77774145577,666,nvss,Deaths,age-adjusted rate
1992,A,White,85,150,All Origins,3,20,all-cause,overall,7124.38171515958,666,nvss,Deaths,age-adjusted rate
1992,A,White,25,34,All Origins,3,20,cvd_ihd,total,18.1784570526788,666,nvss,Deaths,age-adjusted rate
1992,A,White,35,44,All Origins,3,20,cvd_ihd,total,22.1062634710721,666,nvss,Deaths,age-adjusted rate
1992,A,White,45,54,All Origins,3,20,cvd_ihd,total,167.051875380895,666,nvss,Deaths,age-adjusted rate
1992,A,White,55,64,All Origins,3,20,cvd_ihd,total,248.614269447529,666,nvss,Deaths,age-adjusted rate
1992,A,White,65,74,All Origins,3,20,cvd_ihd,total,620.632494078916,666,nvss,Deaths,age-adjusted rate
1992,A,White,75,84,All Origins,3,20,cvd_ihd,total,813.069870253172,666,nvss,Deaths,age-adjusted rate
1992,A,White,85,150,All Origins,3,20,cvd_ihd,total,792.804672571111,666,nvss,Deaths,age-adjusted rate
1992,A,White,35,44,All Origins,3,20,cvd_stroke,total,44.2125269421442,666,nvss,Deaths,age-adjusted rate
1992,A,White,45,54,All Origins,3,20,cvd_stroke,total,95.4582145033685,666,nvss,Deaths,age-adjusted rate
1992,A,White,55,64,All Origins,3,20,cvd_stroke,total,58.4974751641245,666,nvss,Deaths,age-adjusted rate
1992,A,White,65,74,All Origins,3,20,cvd_stroke,total,51.7193745065763,666,nvss,Deaths,age-adjusted rate
1992,A,White,75,84,All Origins,3,20,cvd_stroke,total,121.960480537976,666,nvss,Deaths,age-adjusted rate
1992,A,White,85,150,All Origins,3,20,cvd_stroke,total,108.603379804262,666,nvss,Deaths,age-adjusted rate
1992,A,White,25,34,All Origins,3,20,ncd_lri,total,672.602910949115,666,nvss,Deaths,age-adjusted rate
1992,A,White,35,44,All Origins,3,20,ncd_lri,total,1724.28855074362,666,nvss,Deaths,age-adjusted rate
1992,A,White,45,54,All Origins,3,20,ncd_lri,total,3150.12107861116,666,nvss,Deaths,age-adjusted rate
1992,A,White,55,64,All Origins,3,20,ncd_lri,total,3933.95520478737,666,nvss,Deaths,age-adjusted rate
1992,A,White,65,74,All Origins,3,20,ncd_lri,total,6547.67281253256,666,nvss,Deaths,age-adjusted rate
1992,A,White,75,84,All Origins,3,20,ncd_lri,total,7195.66835174057,666,nvss,Deaths,age-adjusted rate
1992,A,White,85,150,All Origins,3,20,ncd_lri,total,6190.39264884292,666,nvss,Deaths,age-adjusted rate
1992,A,White,35,44,All Origins,3,20,neo_lung,total,132.637580826433,666,nvss,Deaths,age-adjusted rate
1992,A,White,45,54,All Origins,3,20,neo_lung,total,405.697411639316,666,nvss,Deaths,age-adjusted rate
1992,A,White,55,64,All Origins,3,20,neo_lung,total,745.842808342587,666,nvss,Deaths,age-adjusted rate
1992,A,White,65,74,All Origins,3,20,neo_lung,total,817.166117203905,666,nvss,Deaths,age-adjusted rate
1992,A,White,75,84,All Origins,3,20,neo_lung,total,477.678548773739,666,nvss,Deaths,age-adjusted rate
1992,A,White,85,150,All Origins,3,20,neo_lung,total,141.18439374554,666,nvss,Deaths,age-adjusted rate
1992,A,White,35,44,All Origins,3,20,resp_copd,total,22.1062634710721,666,nvss,Deaths,age-adjusted rate
1992,A,White,45,54,All Origins,3,20,resp_copd,total,119.322768129211,666,nvss,Deaths,age-adjusted rate
1992,A,White,55,64,All Origins,3,20,resp_copd,total,336.360482193716,666,nvss,Deaths,age-adjusted rate
1992,A,White,65,74,All Origins,3,20,resp_copd,total,579.256994473655,666,nvss,Deaths,age-adjusted rate
1992,A,White,75,84,All Origins,3,20,resp_copd,total,518.332042286397,666,nvss,Deaths,age-adjusted rate
1992,A,White,85,150,All Origins,3,20,resp_copd,total,238.927435569376,666,nvss,Deaths,age-adjusted rate
1992,A,White,35,44,All Origins,3,20,t2_dm,total,88.4250538842884,666,nvss,Deaths,age-adjusted rate
1992,A,White,45,54,All Origins,3,20,t2_dm,total,214.780982632579,666,nvss,Deaths,age-adjusted rate
1992,A,White,55,64,All Origins,3,20,t2_dm,total,190.116794283405,666,nvss,Deaths,age-adjusted rate
1992,A,White,65,74,All Origins,3,20,t2_dm,total,155.158123519729,666,nvss,Deaths,age-adjusted rate
1992,A,White,75,84,All Origins,3,20,t2_dm,total,101.633733781647,666,nvss,Deaths,age-adjusted rate
1992,A,White,85,150,All Origins,3,20,t2_dm,total,152.044731725967,666,nvss,Deaths,age-adjusted rate
1992,A,White,25,34,All Origins,3,21,all-cause,overall,148.525307803461,666,nvss,Deaths,age-adjusted rate
1992,A,White,35,44,All Origins,3,21,all-cause,overall,334.816146495704,666,nvss,Deaths,age-adjusted rate
1992,A,White,45,54,All Origins,3,21,all-cause,overall,348.797289974478,666,nvss,Deaths,age-adjusted rate
1992,A,White,55,64,All Origins,3,21,all-cause,overall,638.800454315927,666,nvss,Deaths,age-adjusted rate
1992,A,White,65,74,All Origins,3,21,all-cause,overall,1110.68207874072,666,nvss,Deaths,age-adjusted rate
1992,A,White,75,84,All Origins,3,21,all-cause,overall,1458.64359499267,666,nvss,Deaths,age-adjusted rate
1992,A,White,85,150,All Origins,3,21,all-cause,overall,1563.75549875564,666,nvss,Deaths,age-adjusted rate
1992,A,White,25,34,All Origins,3,21,cvd_ihd,total,4.12570299454058,666,nvss,Deaths,age-adjusted rate
1992,A,White,35,44,All Origins,3,21,cvd_ihd,total,15.2189157498047,666,nvss,Deaths,age-adjusted rate
1992,A,White,45,54,All Origins,3,21,cvd_ihd,total,30.7762314683363,666,nvss,Deaths,age-adjusted rate
1992,A,White,55,64,All Origins,3,21,cvd_ihd,total,46.1783460951272,666,nvss,Deaths,age-adjusted rate
1992,A,White,65,74,All Origins,3,21,cvd_ihd,total,77.6464675107492,666,nvss,Deaths,age-adjusted rate
1992,A,White,75,84,All Origins,3,21,cvd_ihd,total,135.944113387226,666,nvss,Deaths,age-adjusted rate
1992,A,White,85,150,All Origins,3,21,cvd_ihd,total,171.180335662599,666,nvss,Deaths,age-adjusted rate
1992,A,White,35,44,All Origins,3,21,cvd_stroke,total,5.07297191660158,666,nvss,Deaths,age-adjusted rate
1992,A,White,45,54,All Origins,3,21,cvd_stroke,total,15.3881157341682,666,nvss,Deaths,age-adjusted rate
1992,A,White,55,64,All Origins,3,21,cvd_stroke,total,7.69639101585454,666,nvss,Deaths,age-adjusted rate
1992,A,White,65,74,All Origins,3,21,cvd_stroke,total,3.37593337003257,666,nvss,Deaths,age-adjusted rate
1992,A,White,75,84,All Origins,3,21,cvd_stroke,total,14.6966609067271,666,nvss,Deaths,age-adjusted rate
1992,A,White,85,150,All Origins,3,21,cvd_stroke,total,46.2649555844863,666,nvss,Deaths,age-adjusted rate
1992,A,White,75,84,All Origins,3,21,lri,total,3.67416522668178,666,nvss,Deaths,age-adjusted rate
1992,A,White,85,150,All Origins,3,21,lri,total,4.62649555844863,666,nvss,Deaths,age-adjusted rate
1992,A,White,25,34,All Origins,3,21,ncd_lri,total,82.5140598908117,666,nvss,Deaths,age-adjusted rate
1992,A,White,35,44,All Origins,3,21,ncd_lri,total,218.137792413868,666,nvss,Deaths,age-adjusted rate
1992,A,White,45,54,All Origins,3,21,ncd_lri,total,297.503570860585,666,nvss,Deaths,age-adjusted rate
1992,A,White,55,64,All Origins,3,21,ncd_lri,total,565.684739665309,666,nvss,Deaths,age-adjusted rate
1992,A,White,65,74,All Origins,3,21,ncd_lri,total,1036.4115446,666,nvss,Deaths,age-adjusted rate
1992,A,White,75,84,All Origins,3,21,ncd_lri,total,1311.67698592539,666,nvss,Deaths,age-adjusted rate
1992,A,White,85,150,All Origins,3,21,ncd_lri,total,1318.55123415786,666,nvss,Deaths,age-adjusted rate
1992,A,White,35,44,All Origins,3,21,neo_lung,total,25.3648595830079,666,nvss,Deaths,age-adjusted rate
1992,A,White,45,54,All Origins,3,21,neo_lung,total,30.7762314683363,666,nvss,Deaths,age-adjusted rate
1992,A,White,55,64,All Origins,3,21,neo_lung,total,123.142256253673,666,nvss,Deaths,age-adjusted rate
1992,A,White,65,74,All Origins,3,21,neo_lung,total,135.037334801303,666,nvss,Deaths,age-adjusted rate
1992,A,White,75,84,All Origins,3,21,neo_lung,total,113.899122027135,666,nvss,Deaths,age-adjusted rate
1992,A,White,85,150,All Origins,3,21,neo_lung,total,32.3854689091404,666,nvss,Deaths,age-adjusted rate
1992,A,White,35,44,All Origins,3,21,resp_copd,total,10.1459438332032,666,nvss,Deaths,age-adjusted rate
1992,A,White,45,54,All Origins,3,21,resp_copd,total,5.12937191138939,666,nvss,Deaths,age-adjusted rate
1992,A,White,55,64,All Origins,3,21,resp_copd,total,34.6337595713454,666,nvss,Deaths,age-adjusted rate
1992,A,White,65,74,All Origins,3,21,resp_copd,total,94.526134360912,666,nvss,Deaths,age-adjusted rate
1992,A,White,75,84,All Origins,3,21,resp_copd,total,110.224956800453,666,nvss,Deaths,age-adjusted rate
1992,A,White,85,150,All Origins,3,21,resp_copd,total,46.2649555844863,666,nvss,Deaths,age-adjusted rate
1992,A,White,45,54,All Origins,3,21,t2_dm,total,15.3881157341682,666,nvss,Deaths,age-adjusted rate
1992,A,White,55,64,All Origins,3,21,t2_dm,total,26.9373685554909,666,nvss,Deaths,age-adjusted rate
1992,A,White,65,74,All Origins,3,21,t2_dm,total,13.5037334801303,666,nvss,Deaths,age-adjusted rate
1992,A,White,75,84,All Origins,3,21,t2_dm,total,29.3933218134542,666,nvss,Deaths,age-adjusted rate
1992,A,White,85,150,All Origins,3,21,t2_dm,total,18.5059822337945,666,nvss,Deaths,age-adjusted rate
1992,A,White,25,34,All Origins,3,22,all-cause,overall,352.01520366442,666,nvss,Deaths,age-adjusted rate
1992,A,White,35,44,All Origins,3,22,all-cause,overall,630.811583786003,666,nvss,Deaths,age-adjusted rate
1992,A,White,45,54,All Origins,3,22,all-cause,overall,935.521781243283,666,nvss,Deaths,age-adjusted rate
1992,A,White,55,64,All Origins,3,22,all-cause,overall,1759.94256365277,666,nvss,Deaths,age-adjusted rate
1992,A,White,65,74,All Origins,3,22,all-cause,overall,3331.99387606337,666,nvss,Deaths,age-adjusted rate
1992,A,White,75,84,All Origins,3,22,all-cause,overall,5274.62096956488,666,nvss,Deaths,age-adjusted rate
1992,A,White,85,150,All Origins,3,22,all-cause,overall,5486.00042414911,666,nvss,Deaths,age-adjusted rate
1992,A,White,35,44,All Origins,3,22,cvd_ihd,total,12.7009043715303,666,nvss,Deaths,age-adjusted rate
1992,A,White,45,54,All Origins,3,22,cvd_ihd,total,46.0848168100139,666,nvss,Deaths,age-adjusted rate
1992,A,White,55,64,All Origins,3,22,cvd_ihd,total,194.326991403326,666,nvss,Deaths,age-adjusted rate
1992,A,White,65,74,All Origins,3,22,cvd_ihd,total,411.777020964748,666,nvss,Deaths,age-adjusted rate
1992,A,White,75,84,All Origins,3,22,cvd_ihd,total,848.891220583786,666,nvss,Deaths,age-adjusted rate
1992,A,White,85,150,All Origins,3,22,cvd_ihd,total,1159.73480469059,666,nvss,Deaths,age-adjusted rate
1992,A,White,35,44,All Origins,3,22,cvd_stroke,total,12.7009043715303,666,nvss,Deaths,age-adjusted rate
1992,A,White,45,54,All Origins,3,22,cvd_stroke,total,4.60848168100139,666,nvss,Deaths,age-adjusted rate
1992,A,White,55,64,All Origins,3,22,cvd_stroke,total,18.3327350380497,666,nvss,Deaths,age-adjusted rate
1992,A,White,65,74,All Origins,3,22,cvd_stroke,total,30.2221666763118,666,nvss,Deaths,age-adjusted rate
1992,A,White,75,84,All Origins,3,22,cvd_stroke,total,44.2130844054055,666,nvss,Deaths,age-adjusted rate
1992,A,White,85,150,All Origins,3,22,cvd_stroke,total,79.5896434591581,666,nvss,Deaths,age-adjusted rate
1992,A,White,25,34,All Origins,3,22,ncd_lri,total,140.806081465768,666,nvss,Deaths,age-adjusted rate
1992,A,White,35,44,All Origins,3,22,ncd_lri,total,427.597113841519,666,nvss,Deaths,age-adjusted rate
1992,A,White,45,54,All Origins,3,22,ncd_lri,total,815.701257537247,666,nvss,Deaths,age-adjusted rate
1992,A,White,55,64,All Origins,3,22,ncd_lri,total,1657.27924743969,666,nvss,Deaths,age-adjusted rate
1992,A,White,65,74,All Origins,3,22,ncd_lri,total,3116.66093849465,666,nvss,Deaths,age-adjusted rate
1992,A,White,75,84,All Origins,3,22,ncd_lri,total,4788.27704110542,666,nvss,Deaths,age-adjusted rate
1992,A,White,85,150,All Origins,3,22,ncd_lri,total,4866.33820007424,666,nvss,Deaths,age-adjusted rate
1992,A,White,25,34,All Origins,3,22,neo_lung,total,7.04030407328841,666,nvss,Deaths,age-adjusted rate
1992,A,White,35,44,All Origins,3,22,neo_lung,total,25.4018087430605,666,nvss,Deaths,age-adjusted rate
1992,A,White,45,54,All Origins,3,22,neo_lung,total,105.995078663032,666,nvss,Deaths,age-adjusted rate
1992,A,White,55,64,All Origins,3,22,neo_lung,total,289.657213601185,666,nvss,Deaths,age-adjusted rate
1992,A,White,65,74,All Origins,3,22,neo_lung,total,441.99918764106,666,nvss,Deaths,age-adjusted rate
1992,A,White,75,84,All Origins,3,22,neo_lung,total,344.862058362163,666,nvss,Deaths,age-adjusted rate
1992,A,White,85,150,All Origins,3,22,neo_lung,total,85.2746179919551,666,nvss,Deaths,age-adjusted rate
1992,A,White,35,44,All Origins,3,22,resp_copd,total,4.23363479051009,666,nvss,Deaths,age-adjusted rate
1992,A,White,45,54,All Origins,3,22,resp_copd,total,18.4339267240056,666,nvss,Deaths,age-adjusted rate
1992,A,White,55,64,All Origins,3,22,resp_copd,total,62.3312991293688,666,nvss,Deaths,age-adjusted rate
1992,A,White,65,74,All Origins,3,22,resp_copd,total,222.888479237799,666,nvss,Deaths,age-adjusted rate
1992,A,White,75,84,All Origins,3,22,resp_copd,total,282.963740194595,666,nvss,Deaths,age-adjusted rate
1992,A,White,85,150,All Origins,3,22,resp_copd,total,153.494312385519,666,nvss,Deaths,age-adjusted rate
1992,A,White,25,34,All Origins,3,22,t2_dm,total,3.5201520366442,666,nvss,Deaths,age-adjusted rate
1992,A,White,35,44,All Origins,3,22,t2_dm,total,8.46726958102018,666,nvss,Deaths,age-adjusted rate
1992,A,White,45,54,All Origins,3,22,t2_dm,total,41.4763351290125,666,nvss,Deaths,age-adjusted rate
1992,A,White,55,64,All Origins,3,22,t2_dm,total,32.9989230684894,666,nvss,Deaths,age-adjusted rate
1992,A,White,65,74,All Origins,3,22,t2_dm,total,139.777520877942,666,nvss,Deaths,age-adjusted rate
1992,A,White,75,84,All Origins,3,22,t2_dm,total,159.16710385946,666,nvss,Deaths,age-adjusted rate
1992,A,White,85,150,All Origins,3,22,t2_dm,total,187.604159582301,666,nvss,Deaths,age-adjusted rate
1992,A,White,25,34,All Origins,3,24,all-cause,overall,362322.378681831,666,nvss,Deaths,age-adjusted rate
1992,A,White,35,44,All Origins,3,24,all-cause,overall,982657.821022876,666,nvss,Deaths,age-adjusted rate
1992,A,White,45,54,All Origins,3,24,all-cause,overall,1607760.17346372,666,nvss,Deaths,age-adjusted rate
1992,A,White,55,64,All Origins,3,24,all-cause,overall,2351468.33980677,666,nvss,Deaths,age-adjusted rate
1992,A,White,65,74,All Origins,3,24,all-cause,overall,5768165.85178353,666,nvss,Deaths,age-adjusted rate
1992,A,White,75,84,All Origins,3,24,all-cause,overall,9444983.48157512,666,nvss,Deaths,age-adjusted rate
1992,A,White,85,150,All Origins,3,24,all-cause,overall,7320402.08816909,666,nvss,Deaths,age-adjusted rate
1992,A,White,35,44,All Origins,3,24,cvd_ihd,total,109184.202335875,666,nvss,Deaths,age-adjusted rate
1992,A,White,45,54,All Origins,3,24,cvd_ihd,total,267960.02891062,666,nvss,Deaths,age-adjusted rate
1992,A,White,55,64,All Origins,3,24,cvd_ihd,total,202712.787914377,666,nvss,Deaths,age-adjusted rate
1992,A,White,65,74,All Origins,3,24,cvd_ihd,total,598180.162407181,666,nvss,Deaths,age-adjusted rate
1992,A,White,75,84,All Origins,3,24,cvd_ihd,total,676655.533008367,666,nvss,Deaths,age-adjusted rate
1992,A,White,85,150,All Origins,3,24,cvd_ihd,total,833216.497840384,666,nvss,Deaths,age-adjusted rate
1992,A,White,45,54,All Origins,3,24,cvd_stroke,total,33495.0036138275,666,nvss,Deaths,age-adjusted rate
1992,A,White,55,64,All Origins,3,24,cvd_stroke,total,20271.2787914377,666,nvss,Deaths,age-adjusted rate
1992,A,White,65,74,All Origins,3,24,cvd_stroke,total,21363.5772288279,666,nvss,Deaths,age-adjusted rate
1992,A,White,75,84,All Origins,3,24,cvd_stroke,total,56387.9610840306,666,nvss,Deaths,age-adjusted rate
1992,A,White,85,150,All Origins,3,24,cvd_stroke,total,119030.928262912,666,nvss,Deaths,age-adjusted rate
1992,A,White,25,34,All Origins,3,24,ncd_lri,total,232921.529152605,666,nvss,Deaths,age-adjusted rate
1992,A,White,35,44,All Origins,3,24,ncd_lri,total,791585.466935094,666,nvss,Deaths,age-adjusted rate
1992,A,White,45,54,All Origins,3,24,ncd_lri,total,1339800.1445531,666,nvss,Deaths,age-adjusted rate
1992,A,White,55,64,All Origins,3,24,ncd_lri,total,2209569.38826671,666,nvss,Deaths,age-adjusted rate
1992,A,White,65,74,All Origins,3,24,ncd_lri,total,5362257.8844358,666,nvss,Deaths,age-adjusted rate
1992,A,White,75,84,All Origins,3,24,ncd_lri,total,8627358.04585667,666,nvss,Deaths,age-adjusted rate
1992,A,White,85,150,All Origins,3,24,ncd_lri,total,6397912.39413152,666,nvss,Deaths,age-adjusted rate
1992,A,White,35,44,All Origins,3,24,neo_lung,total,27296.0505839688,666,nvss,Deaths,age-adjusted rate
1992,A,White,45,54,All Origins,3,24,neo_lung,total,200970.021682965,666,nvss,Deaths,age-adjusted rate
1992,A,White,55,64,All Origins,3,24,neo_lung,total,283797.903080128,666,nvss,Deaths,age-adjusted rate
1992,A,White,65,74,All Origins,3,24,neo_lung,total,683634.471322492,666,nvss,Deaths,age-adjusted rate
1992,A,White,75,84,All Origins,3,24,neo_lung,total,479297.66921426,666,nvss,Deaths,age-adjusted rate
1992,A,White,55,64,All Origins,3,24,resp_copd,total,162170.230331502,666,nvss,Deaths,age-adjusted rate
1992,A,White,65,74,All Origins,3,24,resp_copd,total,427271.544576558,666,nvss,Deaths,age-adjusted rate
1992,A,White,75,84,All Origins,3,24,resp_copd,total,676655.533008367,666,nvss,Deaths,age-adjusted rate
1992,A,White,85,150,All Origins,3,24,resp_copd,total,208304.124460096,666,nvss,Deaths,age-adjusted rate
1992,A,White,25,34,All Origins,3,24,t2_dm,total,25880.169905845,666,nvss,Deaths,age-adjusted rate
1992,A,White,45,54,All Origins,3,24,t2_dm,total,66990.007227655,666,nvss,Deaths,age-adjusted rate
1992,A,White,55,64,All Origins,3,24,t2_dm,total,101356.393957188,666,nvss,Deaths,age-adjusted rate
1992,A,White,65,74,All Origins,3,24,t2_dm,total,149545.040601795,666,nvss,Deaths,age-adjusted rate
1992,A,White,75,84,All Origins,3,24,t2_dm,total,225551.844336122,666,nvss,Deaths,age-adjusted rate
1992,A,White,85,150,All Origins,3,24,t2_dm,total,208304.124460096,666,nvss,Deaths,age-adjusted rate
1992,A,White,25,34,All Origins,3,27,all-cause,overall,241.884562886178,666,nvss,Deaths,age-adjusted rate
1992,A,White,35,44,All Origins,3,27,all-cause,overall,565.394591732301,666,nvss,Deaths,age-adjusted rate
1992,A,White,45,54,All Origins,3,27,all-cause,overall,639.16216986226,666,nvss,Deaths,age-adjusted rate
1992,A,White,55,64,All Origins,3,27,all-cause,overall,943.132610921053,666,nvss,Deaths,age-adjusted rate
1992,A,White,65,74,All Origins,3,27,all-cause,overall,1680.5243403449,666,nvss,Deaths,age-adjusted rate
1992,A,White,75,84,All Origins,3,27,all-cause,overall,3334.98305909948,666,nvss,Deaths,age-adjusted rate
1992,A,White,85,150,All Origins,3,27,all-cause,overall,2724.75549324065,666,nvss,Deaths,age-adjusted rate
1992,A,White,35,44,All Origins,3,27,cvd_ihd,total,19.8384067274492,666,nvss,Deaths,age-adjusted rate
1992,A,White,45,54,All Origins,3,27,cvd_ihd,total,27.0068522477011,666,nvss,Deaths,age-adjusted rate
1992,A,White,55,64,All Origins,3,27,cvd_ihd,total,97.3886935190218,666,nvss,Deaths,age-adjusted rate
1992,A,White,65,74,All Origins,3,27,cvd_ihd,total,130.417631734083,666,nvss,Deaths,age-adjusted rate
1992,A,White,75,84,All Origins,3,27,cvd_ihd,total,447.84058222193,666,nvss,Deaths,age-adjusted rate
1992,A,White,85,150,All Origins,3,27,cvd_ihd,total,288.101387278133,666,nvss,Deaths,age-adjusted rate
1992,A,White,35,44,All Origins,3,27,cvd_stroke,total,9.91920336372458,666,nvss,Deaths,age-adjusted rate
1992,A,White,45,54,All Origins,3,27,cvd_stroke,total,9.00228408256704,666,nvss,Deaths,age-adjusted rate
1992,A,White,55,64,All Origins,3,27,cvd_stroke,total,10.2514414230549,666,nvss,Deaths,age-adjusted rate
1992,A,White,65,74,All Origins,3,27,cvd_stroke,total,14.9048721981809,666,nvss,Deaths,age-adjusted rate
1992,A,White,75,84,All Origins,3,27,cvd_stroke,total,23.8213075649963,666,nvss,Deaths,age-adjusted rate
1992,A,White,85,150,All Origins,3,27,cvd_stroke,total,34.1815205245242,666,nvss,Deaths,age-adjusted rate
1992,A,White,25,34,All Origins,3,27,ncd_lri,total,90.7067110823168,666,nvss,Deaths,age-adjusted rate
1992,A,White,35,44,All Origins,3,27,ncd_lri,total,446.364151367606,666,nvss,Deaths,age-adjusted rate
1992,A,White,45,54,All Origins,3,27,ncd_lri,total,558.141613119157,666,nvss,Deaths,age-adjusted rate
1992,A,White,55,64,All Origins,3,27,ncd_lri,total,886.749683094251,666,nvss,Deaths,age-adjusted rate
1992,A,White,65,74,All Origins,3,27,ncd_lri,total,1587.36888910627,666,nvss,Deaths,age-adjusted rate
1992,A,White,75,84,All Origins,3,27,ncd_lri,total,3049.12736831952,666,nvss,Deaths,age-adjusted rate
1992,A,White,85,150,All Origins,3,27,ncd_lri,total,2363.40799055282,666,nvss,Deaths,age-adjusted rate
1992,A,White,35,44,All Origins,3,27,neo_lung,total,9.91920336372458,666,nvss,Deaths,age-adjusted rate
1992,A,White,45,54,All Origins,3,27,neo_lung,total,54.0137044954023,666,nvss,Deaths,age-adjusted rate
1992,A,White,55,64,All Origins,3,27,neo_lung,total,82.0115313844394,666,nvss,Deaths,age-adjusted rate
1992,A,White,65,74,All Origins,3,27,neo_lung,total,152.774940031354,666,nvss,Deaths,age-adjusted rate
1992,A,White,75,84,All Origins,3,27,neo_lung,total,171.513414467973,666,nvss,Deaths,age-adjusted rate
1992,A,White,85,150,All Origins,3,27,neo_lung,total,34.1815205245242,666,nvss,Deaths,age-adjusted rate
1992,A,White,45,54,All Origins,3,27,resp_copd,total,9.00228408256704,666,nvss,Deaths,age-adjusted rate
1992,A,White,55,64,All Origins,3,27,resp_copd,total,61.5086485383296,666,nvss,Deaths,age-adjusted rate
1992,A,White,65,74,All Origins,3,27,resp_copd,total,67.0719248918141,666,nvss,Deaths,age-adjusted rate
1992,A,White,75,84,All Origins,3,27,resp_copd,total,238.213075649963,666,nvss,Deaths,age-adjusted rate
1992,A,White,85,150,All Origins,3,27,resp_copd,total,78.1291897703411,666,nvss,Deaths,age-adjusted rate
1992,A,White,25,34,All Origins,3,27,t2_dm,total,10.0785234535908,666,nvss,Deaths,age-adjusted rate
1992,A,White,35,44,All Origins,3,27,t2_dm,total,19.8384067274492,666,nvss,Deaths,age-adjusted rate
1992,A,White,45,54,All Origins,3,27,t2_dm,total,54.0137044954023,666,nvss,Deaths,age-adjusted rate
1992,A,White,55,64,All Origins,3,27,t2_dm,total,25.6286035576373,666,nvss,Deaths,age-adjusted rate
1992,A,White,65,74,All Origins,3,27,t2_dm,total,44.7146165945427,666,nvss,Deaths,age-adjusted rate
1992,A,White,75,84,All Origins,3,27,t2_dm,total,109.578014798983,666,nvss,Deaths,age-adjusted rate
1992,A,White,85,150,All Origins,3,27,t2_dm,total,63.4799666884022,666,nvss,Deaths,age-adjusted rate
1992,A,White,25,34,All Origins,3,28,all-cause,overall,1448.33166266789,666,nvss,Deaths,age-adjusted rate
1992,A,White,35,44,All Origins,3,28,all-cause,overall,1945.8630786473,666,nvss,Deaths,age-adjusted rate
1992,A,White,45,54,All Origins,3,28,all-cause,overall,2561.58921779944,666,nvss,Deaths,age-adjusted rate
1992,A,White,55,64,All Origins,3,28,all-cause,overall,4135.82090946502,666,nvss,Deaths,age-adjusted rate
1992,A,White,65,74,All Origins,3,28,all-cause,overall,6591.03311461746,666,nvss,Deaths,age-adjusted rate
1992,A,White,75,84,All Origins,3,28,all-cause,overall,8803.1212763741,666,nvss,Deaths,age-adjusted rate
1992,A,White,85,150,All Origins,3,28,all-cause,overall,8605.61368418277,666,nvss,Deaths,age-adjusted rate
1992,A,White,25,34,All Origins,3,28,cvd_ihd,total,13.7936348825514,666,nvss,Deaths,age-adjusted rate
1992,A,White,35,44,All Origins,3,28,cvd_ihd,total,16.2155256553942,666,nvss,Deaths,age-adjusted rate
1992,A,White,45,54,All Origins,3,28,cvd_ihd,total,71.1552560499845,666,nvss,Deaths,age-adjusted rate
1992,A,White,55,64,All Origins,3,28,cvd_ihd,total,369.452984468339,666,nvss,Deaths,age-adjusted rate
1992,A,White,65,74,All Origins,3,28,cvd_ihd,total,511.069412630766,666,nvss,Deaths,age-adjusted rate
1992,A,White,75,84,All Origins,3,28,cvd_ihd,total,793.72404950914,666,nvss,Deaths,age-adjusted rate
1992,A,White,85,150,All Origins,3,28,cvd_ihd,total,1077.49753975577,666,nvss,Deaths,age-adjusted rate
1992,A,White,35,44,All Origins,3,28,cvd_stroke,total,16.2155256553942,666,nvss,Deaths,age-adjusted rate
1992,A,White,45,54,All Origins,3,28,cvd_stroke,total,28.4621024199938,666,nvss,Deaths,age-adjusted rate
1992,A,White,55,64,All Origins,3,28,cvd_stroke,total,10.2625829018983,666,nvss,Deaths,age-adjusted rate
1992,A,White,65,74,All Origins,3,28,cvd_stroke,total,44.0577079854108,666,nvss,Deaths,age-adjusted rate
1992,A,White,75,84,All Origins,3,28,cvd_stroke,total,61.8486272344785,666,nvss,Deaths,age-adjusted rate
1992,A,White,85,150,All Origins,3,28,cvd_stroke,total,57.4665354536412,666,nvss,Deaths,age-adjusted rate
1992,A,White,45,54,All Origins,3,28,lri,total,14.2310512099969,666,nvss,Deaths,age-adjusted rate
1992,A,White,25,34,All Origins,3,28,ncd_lri,total,703.47537901012,666,nvss,Deaths,age-adjusted rate
1992,A,White,35,44,All Origins,3,28,ncd_lri,total,1199.94889849917,666,nvss,Deaths,age-adjusted rate
1992,A,White,45,54,All Origins,3,28,ncd_lri,total,2020.80927181956,666,nvss,Deaths,age-adjusted rate
1992,A,White,55,64,All Origins,3,28,ncd_lri,total,3766.36792499668,666,nvss,Deaths,age-adjusted rate
1992,A,White,65,74,All Origins,3,28,ncd_lri,total,6220.94836754001,666,nvss,Deaths,age-adjusted rate
1992,A,White,75,84,All Origins,3,28,ncd_lri,total,8060.93774956036,666,nvss,Deaths,age-adjusted rate
1992,A,White,85,150,All Origins,3,28,ncd_lri,total,7513.74951056359,666,nvss,Deaths,age-adjusted rate
1992,A,White,35,44,All Origins,3,28,neo_lung,total,64.8621026215766,666,nvss,Deaths,age-adjusted rate
1992,A,White,45,54,All Origins,3,28,neo_lung,total,256.158921779944,666,nvss,Deaths,age-adjusted rate
1992,A,White,55,64,All Origins,3,28,neo_lung,total,502.866562193017,666,nvss,Deaths,age-adjusted rate
1992,A,White,65,74,All Origins,3,28,neo_lung,total,748.981035751984,666,nvss,Deaths,age-adjusted rate
1992,A,White,75,84,All Origins,3,28,neo_lung,total,742.183526813742,666,nvss,Deaths,age-adjusted rate
1992,A,White,85,150,All Origins,3,28,neo_lung,total,71.8331693170515,666,nvss,Deaths,age-adjusted rate
1992,A,White,25,34,All Origins,3,28,resp_copd,total,13.7936348825514,666,nvss,Deaths,age-adjusted rate
1992,A,White,45,54,All Origins,3,28,resp_copd,total,113.848409679975,666,nvss,Deaths,age-adjusted rate
1992,A,White,55,64,All Origins,3,28,resp_copd,total,205.251658037966,666,nvss,Deaths,age-adjusted rate
1992,A,White,65,74,All Origins,3,28,resp_copd,total,467.011704645355,666,nvss,Deaths,age-adjusted rate
1992,A,White,75,84,All Origins,3,28,resp_copd,total,453.556599719509,666,nvss,Deaths,age-adjusted rate
1992,A,White,85,150,All Origins,3,28,resp_copd,total,430.999015902309,666,nvss,Deaths,age-adjusted rate
1992,A,White,35,44,All Origins,3,28,t2_dm,total,32.4310513107883,666,nvss,Deaths,age-adjusted rate
1992,A,White,45,54,All Origins,3,28,t2_dm,total,113.848409679975,666,nvss,Deaths,age-adjusted rate
1992,A,White,55,64,All Origins,3,28,t2_dm,total,82.1006632151864,666,nvss,Deaths,age-adjusted rate
1992,A,White,65,74,All Origins,3,28,t2_dm,total,96.9269575679039,666,nvss,Deaths,age-adjusted rate
1992,A,White,75,84,All Origins,3,28,t2_dm,total,113.389149929877,666,nvss,Deaths,age-adjusted rate
1992,A,White,85,150,All Origins,3,28,t2_dm,total,71.8331693170515,666,nvss,Deaths,age-adjusted rate
1992,A,White,25,34,All Origins,3,29,all-cause,overall,168.012551693058,666,nvss,Deaths,age-adjusted rate
1992,A,White,35,44,All Origins,3,29,all-cause,overall,402.117470840809,666,nvss,Deaths,age-adjusted rate
1992,A,White,45,54,All Origins,3,29,all-cause,overall,587.234290675674,666,nvss,Deaths,age-adjusted rate
1992,A,White,55,64,All Origins,3,29,all-cause,overall,892.340805762924,666,nvss,Deaths,age-adjusted rate
1992,A,White,65,74,All Origins,3,29,all-cause,overall,1362.6105955353,666,nvss,Deaths,age-adjusted rate
1992,A,White,75,84,All Origins,3,29,all-cause,overall,1914.76471426346,666,nvss,Deaths,age-adjusted rate
1992,A,White,85,150,All Origins,3,29,all-cause,overall,1599.52451222025,666,nvss,Deaths,age-adjusted rate
1992,A,White,35,44,All Origins,3,29,cvd_ihd,total,6.59208968591491,666,nvss,Deaths,age-adjusted rate
1992,A,White,45,54,All Origins,3,29,cvd_ihd,total,7.16139378872774,666,nvss,Deaths,age-adjusted rate
1992,A,White,55,64,All Origins,3,29,cvd_ihd,total,33.4031317665266,666,nvss,Deaths,age-adjusted rate
1992,A,White,65,74,All Origins,3,29,cvd_ihd,total,113.255945602934,666,nvss,Deaths,age-adjusted rate
1992,A,White,75,84,All Origins,3,29,cvd_ihd,total,190.118482267294,666,nvss,Deaths,age-adjusted rate
1992,A,White,85,150,All Origins,3,29,cvd_ihd,total,243.341391469499,666,nvss,Deaths,age-adjusted rate
1992,A,White,45,54,All Origins,3,29,cvd_stroke,total,7.16139378872774,666,nvss,Deaths,age-adjusted rate
1992,A,White,55,64,All Origins,3,29,cvd_stroke,total,4.77187596664666,666,nvss,Deaths,age-adjusted rate
1992,A,White,65,74,All Origins,3,29,cvd_stroke,total,7.07849660018338,666,nvss,Deaths,age-adjusted rate
1992,A,White,75,84,All Origins,3,29,cvd_stroke,total,13.579891590521,666,nvss,Deaths,age-adjusted rate
1992,A,White,85,150,All Origins,3,29,cvd_stroke,total,20.77304561325,666,nvss,Deaths,age-adjusted rate
1992,A,White,35,44,All Origins,3,29,lri,total,6.59208968591491,666,nvss,Deaths,age-adjusted rate
1992,A,White,65,74,All Origins,3,29,lri,total,3.53924830009169,666,nvss,Deaths,age-adjusted rate
1992,A,White,25,34,All Origins,3,29,ncd_lri,total,89.6066942362977,666,nvss,Deaths,age-adjusted rate
1992,A,White,35,44,All Origins,3,29,ncd_lri,total,296.644035866171,666,nvss,Deaths,age-adjusted rate
1992,A,White,45,54,All Origins,3,29,ncd_lri,total,522.781746577125,666,nvss,Deaths,age-adjusted rate
1992,A,White,55,64,All Origins,3,29,ncd_lri,total,839.850170129811,666,nvss,Deaths,age-adjusted rate
1992,A,White,65,74,All Origins,3,29,ncd_lri,total,1277.6686363331,666,nvss,Deaths,age-adjusted rate
1992,A,White,75,84,All Origins,3,29,ncd_lri,total,1775.57082546062,666,nvss,Deaths,age-adjusted rate
1992,A,White,85,150,All Origins,3,29,ncd_lri,total,1421.46983553525,666,nvss,Deaths,age-adjusted rate
1992,A,White,35,44,All Origins,3,29,neo_lung,total,19.7762690577447,666,nvss,Deaths,age-adjusted rate
1992,A,White,45,54,All Origins,3,29,neo_lung,total,85.9367254647328,666,nvss,Deaths,age-adjusted rate
1992,A,White,55,64,All Origins,3,29,neo_lung,total,128.84065109946,666,nvss,Deaths,age-adjusted rate
1992,A,White,65,74,All Origins,3,29,neo_lung,total,180.501663304676,666,nvss,Deaths,age-adjusted rate
1992,A,White,75,84,All Origins,3,29,neo_lung,total,108.639132724168,666,nvss,Deaths,age-adjusted rate
1992,A,White,85,150,All Origins,3,29,neo_lung,total,35.6109353369999,666,nvss,Deaths,age-adjusted rate
1992,A,White,35,44,All Origins,3,29,resp_copd,total,6.59208968591491,666,nvss,Deaths,age-adjusted rate
1992,A,White,45,54,All Origins,3,29,resp_copd,total,7.16139378872774,666,nvss,Deaths,age-adjusted rate
1992,A,White,55,64,All Origins,3,29,resp_copd,total,52.4906356331132,666,nvss,Deaths,age-adjusted rate
1992,A,White,65,74,All Origins,3,29,resp_copd,total,116.795193903026,666,nvss,Deaths,age-adjusted rate
1992,A,White,75,84,All Origins,3,29,resp_copd,total,135.79891590521,666,nvss,Deaths,age-adjusted rate
1992,A,White,85,150,All Origins,3,29,resp_copd,total,65.2867147844999,666,nvss,Deaths,age-adjusted rate
1992,A,White,35,44,All Origins,3,29,t2_dm,total,13.1841793718298,666,nvss,Deaths,age-adjusted rate
1992,A,White,45,54,All Origins,3,29,t2_dm,total,7.16139378872774,666,nvss,Deaths,age-adjusted rate
1992,A,White,55,64,All Origins,3,29,t2_dm,total,42.9468836998199,666,nvss,Deaths,age-adjusted rate
1992,A,White,65,74,All Origins,3,29,t2_dm,total,42.4709796011003,666,nvss,Deaths,age-adjusted rate
1992,A,White,75,84,All Origins,3,29,t2_dm,total,40.7396747715629,666,nvss,Deaths,age-adjusted rate
1992,A,White,85,150,All Origins,3,29,t2_dm,total,29.6757794474999,666,nvss,Deaths,age-adjusted rate
1992,A,White,25,34,All Origins,3,31,all-cause,overall,4439.01636110097,666,nvss,Deaths,age-adjusted rate
1992,A,White,35,44,All Origins,3,31,all-cause,overall,7013.98498797712,666,nvss,Deaths,age-adjusted rate
1992,A,White,45,54,All Origins,3,31,all-cause,overall,10725.4917453098,666,nvss,Deaths,age-adjusted rate
1992,A,White,55,64,All Origins,3,31,all-cause,overall,13217.7887978406,666,nvss,Deaths,age-adjusted rate
1992,A,White,65,74,All Origins,3,31,all-cause,overall,20334.4208230442,666,nvss,Deaths,age-adjusted rate
1992,A,White,75,84,All Origins,3,31,all-cause,overall,23327.178882452,666,nvss,Deaths,age-adjusted rate
1992,A,White,85,150,All Origins,3,31,all-cause,overall,15887.4834304019,666,nvss,Deaths,age-adjusted rate
1992,A,White,25,34,All Origins,3,31,cvd_ihd,total,138.719261284405,666,nvss,Deaths,age-adjusted rate
1992,A,White,35,44,All Origins,3,31,cvd_ihd,total,323.012466551578,666,nvss,Deaths,age-adjusted rate
1992,A,White,45,54,All Origins,3,31,cvd_ihd,total,1087.37704330329,666,nvss,Deaths,age-adjusted rate
1992,A,White,55,64,All Origins,3,31,cvd_ihd,total,1681.20997867271,666,nvss,Deaths,age-adjusted rate
1992,A,White,65,74,All Origins,3,31,cvd_ihd,total,3010.97914823981,666,nvss,Deaths,age-adjusted rate
1992,A,White,75,84,All Origins,3,31,cvd_ihd,total,3538.19252866459,666,nvss,Deaths,age-adjusted rate
1992,A,White,85,150,All Origins,3,31,cvd_ihd,total,2855.41652795128,666,nvss,Deaths,age-adjusted rate
1992,A,White,35,44,All Origins,3,31,cvd_stroke,total,138.43391423639,666,nvss,Deaths,age-adjusted rate
1992,A,White,45,54,All Origins,3,31,cvd_stroke,total,197.704916964235,666,nvss,Deaths,age-adjusted rate
1992,A,White,55,64,All Origins,3,31,cvd_stroke,total,86.959136827899,666,nvss,Deaths,age-adjusted rate
1992,A,White,65,74,All Origins,3,31,cvd_stroke,total,144.362013956703,666,nvss,Deaths,age-adjusted rate
1992,A,White,75,84,All Origins,3,31,cvd_stroke,total,266.697929296326,666,nvss,Deaths,age-adjusted rate
1992,A,White,85,150,All Origins,3,31,cvd_stroke,total,270.655595066472,666,nvss,Deaths,age-adjusted rate
1992,A,White,25,34,All Origins,3,31,ncd_lri,total,1757.1106429358,666,nvss,Deaths,age-adjusted rate
1992,A,White,35,44,All Origins,3,31,ncd_lri,total,4383.7406174857,666,nvss,Deaths,age-adjusted rate
1992,A,White,45,54,All Origins,3,31,ncd_lri,total,9242.704868078,666,nvss,Deaths,age-adjusted rate
1992,A,White,55,64,All Origins,3,31,ncd_lri,total,12203.2655348485,666,nvss,Deaths,age-adjusted rate
1992,A,White,65,74,All Origins,3,31,ncd_lri,total,19117.6552768377,666,nvss,Deaths,age-adjusted rate
1992,A,White,75,84,All Origins,3,31,ncd_lri,total,21264.7148958937,666,nvss,Deaths,age-adjusted rate
1992,A,White,85,150,All Origins,3,31,ncd_lri,total,13857.5664674034,666,nvss,Deaths,age-adjusted rate
1992,A,White,35,44,All Origins,3,31,neo_lung,total,230.723190393984,666,nvss,Deaths,age-adjusted rate
1992,A,White,45,54,All Origins,3,31,neo_lung,total,889.672126339059,666,nvss,Deaths,age-adjusted rate
1992,A,White,55,64,All Origins,3,31,neo_lung,total,1913.10101021378,666,nvss,Deaths,age-adjusted rate
1992,A,White,65,74,All Origins,3,31,neo_lung,total,2516.02367181683,666,nvss,Deaths,age-adjusted rate
1992,A,White,75,84,All Origins,3,31,neo_lung,total,1795.76605726193,666,nvss,Deaths,age-adjusted rate
1992,A,White,85,150,All Origins,3,31,neo_lung,total,243.590035559825,666,nvss,Deaths,age-adjusted rate
1992,A,White,25,34,All Origins,3,31,resp_copd,total,92.4795075229369,666,nvss,Deaths,age-adjusted rate
1992,A,White,35,44,All Origins,3,31,resp_copd,total,46.1446380787968,666,nvss,Deaths,age-adjusted rate
1992,A,White,45,54,All Origins,3,31,resp_copd,total,247.131146205294,666,nvss,Deaths,age-adjusted rate
1992,A,White,55,64,All Origins,3,31,resp_copd,total,927.564126164256,666,nvss,Deaths,age-adjusted rate
1992,A,White,65,74,All Origins,3,31,resp_copd,total,1505.4895741199,666,nvss,Deaths,age-adjusted rate
1992,A,White,75,84,All Origins,3,31,resp_copd,total,1351.26950843472,666,nvss,Deaths,age-adjusted rate
1992,A,White,85,150,All Origins,3,31,resp_copd,total,527.77841037962,666,nvss,Deaths,age-adjusted rate
1992,A,White,35,44,All Origins,3,31,t2_dm,total,92.2892761575937,666,nvss,Deaths,age-adjusted rate
1992,A,White,45,54,All Origins,3,31,t2_dm,total,247.131146205294,666,nvss,Deaths,age-adjusted rate
1992,A,White,55,64,All Origins,3,31,t2_dm,total,202.904652598431,666,nvss,Deaths,age-adjusted rate
1992,A,White,65,74,All Origins,3,31,t2_dm,total,412.462897019152,666,nvss,Deaths,age-adjusted rate
1992,A,White,75,84,All Origins,3,31,t2_dm,total,480.056272733387,666,nvss,Deaths,age-adjusted rate
1992,A,White,85,150,All Origins,3,31,t2_dm,total,162.393357039883,666,nvss,Deaths,age-adjusted rate
1992,A,White,25,34,All Origins,3,37,all-cause,overall,1946.95569300313,666,nvss,Deaths,age-adjusted rate
1992,A,White,35,44,All Origins,3,37,all-cause,overall,3946.03274826021,666,nvss,Deaths,age-adjusted rate
1992,A,White,45,54,All Origins,3,37,all-cause,overall,6014.30914360712,666,nvss,Deaths,age-adjusted rate
1992,A,White,55,64,All Origins,3,37,all-cause,overall,9002.90087380188,666,nvss,Deaths,age-adjusted rate
1992,A,White,65,74,All Origins,3,37,all-cause,overall,14746.2787206249,666,nvss,Deaths,age-adjusted rate
1992,A,White,75,84,All Origins,3,37,all-cause,overall,20541.7623003319,666,nvss,Deaths,age-adjusted rate
1992,A,White,85,150,All Origins,3,37,all-cause,overall,15987.0259182518,666,nvss,Deaths,age-adjusted rate
1992,A,White,25,34,All Origins,3,37,cvd_ihd,total,31.5722544811319,666,nvss,Deaths,age-adjusted rate
1992,A,White,35,44,All Origins,3,37,cvd_ihd,total,134.802360965411,666,nvss,Deaths,age-adjusted rate
1992,A,White,45,54,All Origins,3,37,cvd_ihd,total,588.11510075863,666,nvss,Deaths,age-adjusted rate
1992,A,White,55,64,All Origins,3,37,cvd_ihd,total,1023.5663234115,666,nvss,Deaths,age-adjusted rate
1992,A,White,65,74,All Origins,3,37,cvd_ihd,total,1941.33190603971,666,nvss,Deaths,age-adjusted rate
1992,A,White,75,84,All Origins,3,37,cvd_ihd,total,2471.35992354987,666,nvss,Deaths,age-adjusted rate
1992,A,White,85,150,All Origins,3,37,cvd_ihd,total,2195.34757824798,666,nvss,Deaths,age-adjusted rate
1992,A,White,25,34,All Origins,3,37,cvd_stroke,total,21.0481696540879,666,nvss,Deaths,age-adjusted rate
1992,A,White,35,44,All Origins,3,37,cvd_stroke,total,49.0190403510585,666,nvss,Deaths,age-adjusted rate
1992,A,White,45,54,All Origins,3,37,cvd_stroke,total,188.640692696164,666,nvss,Deaths,age-adjusted rate
1992,A,White,55,64,All Origins,3,37,cvd_stroke,total,141.954453611814,666,nvss,Deaths,age-adjusted rate
1992,A,White,65,74,All Origins,3,37,cvd_stroke,total,143.802363410349,666,nvss,Deaths,age-adjusted rate
1992,A,White,75,84,All Origins,3,37,cvd_stroke,total,309.864699894632,666,nvss,Deaths,age-adjusted rate
1992,A,White,85,150,All Origins,3,37,cvd_stroke,total,298.322493211398,666,nvss,Deaths,age-adjusted rate
1992,A,White,75,84,All Origins,3,37,lri,total,15.1153512143723,666,nvss,Deaths,age-adjusted rate
1992,A,White,85,150,All Origins,3,37,lri,total,7.64929469772814,666,nvss,Deaths,age-adjusted rate
1992,A,White,25,34,All Origins,3,37,ncd_lri,total,778.782277201254,666,nvss,Deaths,age-adjusted rate
1992,A,White,35,44,All Origins,3,37,ncd_lri,total,2781.83053992257,666,nvss,Deaths,age-adjusted rate
1992,A,White,45,54,All Origins,3,37,ncd_lri,total,5126.58823680165,666,nvss,Deaths,age-adjusted rate
1992,A,White,55,64,All Origins,3,37,ncd_lri,total,8270.71474464621,666,nvss,Deaths,age-adjusted rate
1992,A,White,65,74,All Origins,3,37,ncd_lri,total,13863.8551269705,666,nvss,Deaths,age-adjusted rate
1992,A,White,75,84,All Origins,3,37,ncd_lri,total,18637.228047321,666,nvss,Deaths,age-adjusted rate
1992,A,White,85,150,All Origins,3,37,ncd_lri,total,13921.7163498652,666,nvss,Deaths,age-adjusted rate
1992,A,White,25,34,All Origins,3,37,neo_lung,total,21.0481696540879,666,nvss,Deaths,age-adjusted rate
1992,A,White,35,44,All Origins,3,37,neo_lung,total,134.802360965411,666,nvss,Deaths,age-adjusted rate
1992,A,White,45,54,All Origins,3,37,neo_lung,total,632.501146098904,666,nvss,Deaths,age-adjusted rate
1992,A,White,55,64,All Origins,3,37,neo_lung,total,1329.88909173173,666,nvss,Deaths,age-adjusted rate
1992,A,White,65,74,All Origins,3,37,neo_lung,total,1928.2589639115,666,nvss,Deaths,age-adjusted rate
1992,A,White,75,84,All Origins,3,37,neo_lung,total,1224.34344836415,666,nvss,Deaths,age-adjusted rate
1992,A,White,85,150,All Origins,3,37,neo_lung,total,290.673198513669,666,nvss,Deaths,age-adjusted rate
1992,A,White,25,34,All Origins,3,37,resp_copd,total,10.524084827044,666,nvss,Deaths,age-adjusted rate
1992,A,White,35,44,All Origins,3,37,resp_copd,total,24.5095201755293,666,nvss,Deaths,age-adjusted rate
1992,A,White,45,54,All Origins,3,37,resp_copd,total,133.158136020822,666,nvss,Deaths,age-adjusted rate
1992,A,White,55,64,All Origins,3,37,resp_copd,total,582.760388511657,666,nvss,Deaths,age-adjusted rate
1992,A,White,65,74,All Origins,3,37,resp_copd,total,1065.4447834494,666,nvss,Deaths,age-adjusted rate
1992,A,White,75,84,All Origins,3,37,resp_copd,total,1367.93928490069,666,nvss,Deaths,age-adjusted rate
1992,A,White,85,150,All Origins,3,37,resp_copd,total,405.412618979591,666,nvss,Deaths,age-adjusted rate
1992,A,White,35,44,All Origins,3,37,t2_dm,total,73.5285605265878,666,nvss,Deaths,age-adjusted rate
1992,A,White,45,54,All Origins,3,37,t2_dm,total,210.833715366301,666,nvss,Deaths,age-adjusted rate
1992,A,White,55,64,All Origins,3,37,t2_dm,total,283.908907223628,666,nvss,Deaths,age-adjusted rate
1992,A,White,65,74,All Origins,3,37,t2_dm,total,346.432966397659,666,nvss,Deaths,age-adjusted rate
1992,A,White,75,84,All Origins,3,37,t2_dm,total,408.114482788052,666,nvss,Deaths,age-adjusted rate
1992,A,White,85,150,All Origins,3,37,t2_dm,total,168.284483350019,666,nvss,Deaths,age-adjusted rate
1992,A,White,25,34,All Origins,3,39,all-cause,overall,578.75782627104,666,nvss,Deaths,age-adjusted rate
1992,A,White,35,44,All Origins,3,39,all-cause,overall,1271.57705585809,666,nvss,Deaths,age-adjusted rate
1992,A,White,45,54,All Origins,3,39,all-cause,overall,2283.6395340885,666,nvss,Deaths,age-adjusted rate
1992,A,White,55,64,All Origins,3,39,all-cause,overall,4679.06028709532,666,nvss,Deaths,age-adjusted rate
1992,A,White,65,74,All Origins,3,39,all-cause,overall,9378.91423587973,666,nvss,Deaths,age-adjusted rate
1992,A,White,75,84,All Origins,3,39,all-cause,overall,13267.4586503854,666,nvss,Deaths,age-adjusted rate
1992,A,White,85,150,All Origins,3,39,all-cause,overall,10096.8981375723,666,nvss,Deaths,age-adjusted rate
1992,A,White,25,34,All Origins,3,39,cvd_ihd,total,1.81999316437434,666,nvss,Deaths,age-adjusted rate
1992,A,White,35,44,All Origins,3,39,cvd_ihd,total,40.6331014089992,666,nvss,Deaths,age-adjusted rate
1992,A,White,45,54,All Origins,3,39,cvd_ihd,total,159.449387587245,666,nvss,Deaths,age-adjusted rate
1992,A,White,55,64,All Origins,3,39,cvd_ihd,total,393.502411771187,666,nvss,Deaths,age-adjusted rate
1992,A,White,65,74,All Origins,3,39,cvd_ihd,total,1002.53099931375,666,nvss,Deaths,age-adjusted rate
1992,A,White,75,84,All Origins,3,39,cvd_ihd,total,1819.09950826139,666,nvss,Deaths,age-adjusted rate
1992,A,White,85,150,All Origins,3,39,cvd_ihd,total,1838.01574015681,666,nvss,Deaths,age-adjusted rate
1992,A,White,25,34,All Origins,3,39,cvd_stroke,total,3.63998632874868,666,nvss,Deaths,age-adjusted rate
1992,A,White,35,44,All Origins,3,39,cvd_stroke,total,31.0723716657052,666,nvss,Deaths,age-adjusted rate
1992,A,White,45,54,All Origins,3,39,cvd_stroke,total,64.8607678320995,666,nvss,Deaths,age-adjusted rate
1992,A,White,55,64,All Origins,3,39,cvd_stroke,total,52.0146866134327,666,nvss,Deaths,age-adjusted rate
1992,A,White,65,74,All Origins,3,39,cvd_stroke,total,115.28077199501,666,nvss,Deaths,age-adjusted rate
1992,A,White,75,84,All Origins,3,39,cvd_stroke,total,232.174542501783,666,nvss,Deaths,age-adjusted rate
1992,A,White,85,150,All Origins,3,39,cvd_stroke,total,177.951126036402,666,nvss,Deaths,age-adjusted rate
1992,A,White,25,34,All Origins,3,39,lri,total,1.81999316437434,666,nvss,Deaths,age-adjusted rate
1992,A,White,35,44,All Origins,3,39,lri,total,2.39018243582348,666,nvss,Deaths,age-adjusted rate
1992,A,White,65,74,All Origins,3,39,lri,total,4.11717042839321,666,nvss,Deaths,age-adjusted rate
1992,A,White,25,34,All Origins,3,39,ncd_lri,total,254.799043012408,666,nvss,Deaths,age-adjusted rate
1992,A,White,35,44,All Origins,3,39,ncd_lri,total,841.344217409865,666,nvss,Deaths,age-adjusted rate
1992,A,White,45,54,All Origins,3,39,ncd_lri,total,1951.22809894899,666,nvss,Deaths,age-adjusted rate
1992,A,White,55,64,All Origins,3,39,ncd_lri,total,4312.69597268766,666,nvss,Deaths,age-adjusted rate
1992,A,White,65,74,All Origins,3,39,ncd_lri,total,8882.79519925834,666,nvss,Deaths,age-adjusted rate
1992,A,White,75,84,All Origins,3,39,ncd_lri,total,12278.9216807644,666,nvss,Deaths,age-adjusted rate
1992,A,White,85,150,All Origins,3,39,ncd_lri,total,9063.31899456634,666,nvss,Deaths,age-adjusted rate
1992,A,White,25,34,All Origins,3,39,neo_lung,total,9.0999658218717,666,nvss,Deaths,age-adjusted rate
1992,A,White,35,44,All Origins,3,39,neo_lung,total,45.4134662806461,666,nvss,Deaths,age-adjusted rate
1992,A,White,45,54,All Origins,3,39,neo_lung,total,205.392431468315,666,nvss,Deaths,age-adjusted rate
1992,A,White,55,64,All Origins,3,39,neo_lung,total,653.57584483835,666,nvss,Deaths,age-adjusted rate
1992,A,White,65,74,All Origins,3,39,neo_lung,total,1140.45620866492,666,nvss,Deaths,age-adjusted rate
1992,A,White,75,84,All Origins,3,39,neo_lung,total,830.562538640398,666,nvss,Deaths,age-adjusted rate
1992,A,White,85,150,All Origins,3,39,neo_lung,total,195.014932642632,666,nvss,Deaths,age-adjusted rate
1992,A,White,35,44,All Origins,3,39,resp_copd,total,14.3410946149409,666,nvss,Deaths,age-adjusted rate
1992,A,White,45,54,All Origins,3,39,resp_copd,total,67.5632998251036,666,nvss,Deaths,age-adjusted rate
1992,A,White,55,64,All Origins,3,39,resp_copd,total,201.274222112848,666,nvss,Deaths,age-adjusted rate
1992,A,White,65,74,All Origins,3,39,resp_copd,total,607.282638187998,666,nvss,Deaths,age-adjusted rate
1992,A,White,75,84,All Origins,3,39,resp_copd,total,828.168986655843,666,nvss,Deaths,age-adjusted rate
1992,A,White,85,150,All Origins,3,39,resp_copd,total,316.899265544278,666,nvss,Deaths,age-adjusted rate
1992,A,White,25,34,All Origins,3,39,t2_dm,total,7.27997265749736,666,nvss,Deaths,age-adjusted rate
1992,A,White,35,44,All Origins,3,39,t2_dm,total,14.3410946149409,666,nvss,Deaths,age-adjusted rate
1992,A,White,45,54,All Origins,3,39,t2_dm,total,83.7784917831285,666,nvss,Deaths,age-adjusted rate
1992,A,White,55,64,All Origins,3,39,t2_dm,total,178.659140976573,666,nvss,Deaths,age-adjusted rate
1992,A,White,65,74,All Origins,3,39,t2_dm,total,327.31504905726,666,nvss,Deaths,age-adjusted rate
1992,A,White,75,84,All Origins,3,39,t2_dm,total,406.903837374258,666,nvss,Deaths,age-adjusted rate
1992,A,White,85,150,All Origins,3,39,t2_dm,total,226.70485919706,666,nvss,Deaths,age-adjusted rate
1992,A,White,25,34,All Origins,3,40,all-cause,overall,1722.12699052795,666,nvss,Deaths,age-adjusted rate
1992,A,White,35,44,All Origins,3,40,all-cause,overall,2701.55602928184,666,nvss,Deaths,age-adjusted rate
1992,A,White,45,54,All Origins,3,40,all-cause,overall,4165.23842406342,666,nvss,Deaths,age-adjusted rate
1992,A,White,55,64,All Origins,3,40,all-cause,overall,6297.95229593117,666,nvss,Deaths,age-adjusted rate
1992,A,White,65,74,All Origins,3,40,all-cause,overall,10728.8745643164,666,nvss,Deaths,age-adjusted rate
1992,A,White,75,84,All Origins,3,40,all-cause,overall,12129.8572652262,666,nvss,Deaths,age-adjusted rate
1992,A,White,85,150,All Origins,3,40,all-cause,overall,13534.7447867569,666,nvss,Deaths,age-adjusted rate
1992,A,White,25,34,All Origins,3,40,cvd_ihd,total,37.8489448467681,666,nvss,Deaths,age-adjusted rate
1992,A,White,35,44,All Origins,3,40,cvd_ihd,total,300.172892142427,666,nvss,Deaths,age-adjusted rate
1992,A,White,45,54,All Origins,3,40,cvd_ihd,total,614.868529266505,666,nvss,Deaths,age-adjusted rate
1992,A,White,55,64,All Origins,3,40,cvd_ihd,total,821.472038599717,666,nvss,Deaths,age-adjusted rate
1992,A,White,65,74,All Origins,3,40,cvd_ihd,total,1624.83533864214,666,nvss,Deaths,age-adjusted rate
1992,A,White,75,84,All Origins,3,40,cvd_ihd,total,1899.42264410875,666,nvss,Deaths,age-adjusted rate
1992,A,White,85,150,All Origins,3,40,cvd_ihd,total,2663.08635850542,666,nvss,Deaths,age-adjusted rate
1992,A,White,35,44,All Origins,3,40,cvd_stroke,total,20.0115261428284,666,nvss,Deaths,age-adjusted rate
1992,A,White,45,54,All Origins,3,40,cvd_stroke,total,59.5034060580489,666,nvss,Deaths,age-adjusted rate
1992,A,White,55,64,All Origins,3,40,cvd_stroke,total,100.882531056106,666,nvss,Deaths,age-adjusted rate
1992,A,White,65,74,All Origins,3,40,cvd_stroke,total,62.0166159787075,666,nvss,Deaths,age-adjusted rate
1992,A,White,75,84,All Origins,3,40,cvd_stroke,total,144.259947653829,666,nvss,Deaths,age-adjusted rate
1992,A,White,85,150,All Origins,3,40,cvd_stroke,total,125.32171098849,666,nvss,Deaths,age-adjusted rate
1992,A,White,75,84,All Origins,3,40,lri,total,12.0216623044858,666,nvss,Deaths,age-adjusted rate
1992,A,White,85,150,All Origins,3,40,lri,total,31.3304277471225,666,nvss,Deaths,age-adjusted rate
1992,A,White,25,34,All Origins,3,40,ncd_lri,total,738.054424511977,666,nvss,Deaths,age-adjusted rate
1992,A,White,35,44,All Origins,3,40,ncd_lri,total,1700.97972214042,666,nvss,Deaths,age-adjusted rate
1992,A,White,45,54,All Origins,3,40,ncd_lri,total,3768.5490503431,666,nvss,Deaths,age-adjusted rate
1992,A,White,55,64,All Origins,3,40,ncd_lri,total,5865.598591405,666,nvss,Deaths,age-adjusted rate
1992,A,White,65,74,All Origins,3,40,ncd_lri,total,9922.6585565932,666,nvss,Deaths,age-adjusted rate
1992,A,White,75,84,All Origins,3,40,ncd_lri,total,11288.3409039121,666,nvss,Deaths,age-adjusted rate
1992,A,White,85,150,All Origins,3,40,ncd_lri,total,11717.5799774238,666,nvss,Deaths,age-adjusted rate
1992,A,White,35,44,All Origins,3,40,neo_lung,total,40.0230522856569,666,nvss,Deaths,age-adjusted rate
1992,A,White,45,54,All Origins,3,40,neo_lung,total,535.53065452244,666,nvss,Deaths,age-adjusted rate
1992,A,White,55,64,All Origins,3,40,neo_lung,total,907.942779504951,666,nvss,Deaths,age-adjusted rate
1992,A,White,65,74,All Origins,3,40,neo_lung,total,1327.15558194434,666,nvss,Deaths,age-adjusted rate
1992,A,White,75,84,All Origins,3,40,neo_lung,total,745.343062878118,666,nvss,Deaths,age-adjusted rate
1992,A,White,85,150,All Origins,3,40,neo_lung,total,234.978208103419,666,nvss,Deaths,age-adjusted rate
1992,A,White,35,44,All Origins,3,40,resp_copd,total,40.0230522856569,666,nvss,Deaths,age-adjusted rate
1992,A,White,45,54,All Origins,3,40,resp_copd,total,119.006812116098,666,nvss,Deaths,age-adjusted rate
1992,A,White,55,64,All Origins,3,40,resp_copd,total,302.647593168317,666,nvss,Deaths,age-adjusted rate
1992,A,White,65,74,All Origins,3,40,resp_copd,total,744.19939174449,666,nvss,Deaths,age-adjusted rate
1992,A,White,75,84,All Origins,3,40,resp_copd,total,1033.86295818578,666,nvss,Deaths,age-adjusted rate
1992,A,White,85,150,All Origins,3,40,resp_copd,total,422.960774586154,666,nvss,Deaths,age-adjusted rate
1992,A,White,25,34,All Origins,3,40,t2_dm,total,37.8489448467681,666,nvss,Deaths,age-adjusted rate
1992,A,White,35,44,All Origins,3,40,t2_dm,total,60.0345784284854,666,nvss,Deaths,age-adjusted rate
1992,A,White,45,54,All Origins,3,40,t2_dm,total,138.841280802114,666,nvss,Deaths,age-adjusted rate
1992,A,White,55,64,All Origins,3,40,t2_dm,total,201.765062112211,666,nvss,Deaths,age-adjusted rate
1992,A,White,65,74,All Origins,3,40,t2_dm,total,198.453171131864,666,nvss,Deaths,age-adjusted rate
1992,A,White,75,84,All Origins,3,40,t2_dm,total,180.324934567287,666,nvss,Deaths,age-adjusted rate
1992,A,White,85,150,All Origins,3,40,t2_dm,total,187.982566482735,666,nvss,Deaths,age-adjusted rate
1992,A,White,25,34,All Origins,3,42,all-cause,overall,388.611043620028,666,nvss,Deaths,age-adjusted rate
1992,A,White,35,44,All Origins,3,42,all-cause,overall,831.481439632859,666,nvss,Deaths,age-adjusted rate
1992,A,White,45,54,All Origins,3,42,all-cause,overall,1407.8755843117,666,nvss,Deaths,age-adjusted rate
1992,A,White,55,64,All Origins,3,42,all-cause,overall,2314.77349515708,666,nvss,Deaths,age-adjusted rate
1992,A,White,65,74,All Origins,3,42,all-cause,overall,4433.89624554755,666,nvss,Deaths,age-adjusted rate
1992,A,White,75,84,All Origins,3,42,all-cause,overall,6884.74692200332,666,nvss,Deaths,age-adjusted rate
1992,A,White,85,150,All Origins,3,42,all-cause,overall,6421.50425468042,666,nvss,Deaths,age-adjusted rate
1992,A,White,25,34,All Origins,3,42,cvd_ihd,total,5.72890973395619,666,nvss,Deaths,age-adjusted rate
1992,A,White,35,44,All Origins,3,42,cvd_ihd,total,33.3068387835766,666,nvss,Deaths,age-adjusted rate
1992,A,White,45,54,All Origins,3,42,cvd_ihd,total,89.1530713020601,666,nvss,Deaths,age-adjusted rate
1992,A,White,55,64,All Origins,3,42,cvd_ihd,total,199.504377264197,666,nvss,Deaths,age-adjusted rate
1992,A,White,65,74,All Origins,3,42,cvd_ihd,total,437.736958321315,666,nvss,Deaths,age-adjusted rate
1992,A,White,75,84,All Origins,3,42,cvd_ihd,total,791.395932000151,666,nvss,Deaths,age-adjusted rate
1992,A,White,85,150,All Origins,3,42,cvd_ihd,total,988.524841152507,666,nvss,Deaths,age-adjusted rate
1992,A,White,25,34,All Origins,3,42,cvd_stroke,total,5.72890973395619,666,nvss,Deaths,age-adjusted rate
1992,A,White,35,44,All Origins,3,42,cvd_stroke,total,16.6534193917883,666,nvss,Deaths,age-adjusted rate
1992,A,White,45,54,All Origins,3,42,cvd_stroke,total,9.90589681134001,666,nvss,Deaths,age-adjusted rate
1992,A,White,55,64,All Origins,3,42,cvd_stroke,total,25.2647464657716,666,nvss,Deaths,age-adjusted rate
1992,A,White,65,74,All Origins,3,42,cvd_stroke,total,48.9438173871076,666,nvss,Deaths,age-adjusted rate
1992,A,White,75,84,All Origins,3,42,cvd_stroke,total,87.4910075578056,666,nvss,Deaths,age-adjusted rate
1992,A,White,85,150,All Origins,3,42,cvd_stroke,total,95.7267138665472,666,nvss,Deaths,age-adjusted rate
1992,A,White,45,54,All Origins,3,42,lri,total,1.2382371014175,666,nvss,Deaths,age-adjusted rate
1992,A,White,55,64,All Origins,3,42,lri,total,0.871198153992125,666,nvss,Deaths,age-adjusted rate
1992,A,White,65,74,All Origins,3,42,lri,total,3.44674770331744,666,nvss,Deaths,age-adjusted rate
1992,A,White,75,84,All Origins,3,42,lri,total,5.56760957186036,666,nvss,Deaths,age-adjusted rate
1992,A,White,85,150,All Origins,3,42,lri,total,2.93040960815961,666,nvss,Deaths,age-adjusted rate
1992,A,White,25,34,All Origins,3,42,ncd_lri,total,180.46065661962,666,nvss,Deaths,age-adjusted rate
1992,A,White,35,44,All Origins,3,42,ncd_lri,total,609.03933775683,666,nvss,Deaths,age-adjusted rate
1992,A,White,45,54,All Origins,3,42,ncd_lri,total,1236.99886431608,666,nvss,Deaths,age-adjusted rate
1992,A,White,55,64,All Origins,3,42,ncd_lri,total,2179.7377812883,666,nvss,Deaths,age-adjusted rate
1992,A,White,65,74,All Origins,3,42,ncd_lri,total,4196.76000355931,666,nvss,Deaths,age-adjusted rate
1992,A,White,75,84,All Origins,3,42,ncd_lri,total,6386.04817892383,666,nvss,Deaths,age-adjusted rate
1992,A,White,85,150,All Origins,3,42,ncd_lri,total,5763.13889604723,666,nvss,Deaths,age-adjusted rate
1992,A,White,25,34,All Origins,3,42,neo_lung,total,0.954818288992698,666,nvss,Deaths,age-adjusted rate
1992,A,White,35,44,All Origins,3,42,neo_lung,total,32.1173088270203,666,nvss,Deaths,age-adjusted rate
1992,A,White,45,54,All Origins,3,42,neo_lung,total,154.779637677188,666,nvss,Deaths,age-adjusted rate
1992,A,White,55,64,All Origins,3,42,neo_lung,total,271.813824045543,666,nvss,Deaths,age-adjusted rate
1992,A,White,65,74,All Origins,3,42,neo_lung,total,433.600861077334,666,nvss,Deaths,age-adjusted rate
1992,A,White,75,84,All Origins,3,42,neo_lung,total,389.732670030225,666,nvss,Deaths,age-adjusted rate
1992,A,White,85,150,All Origins,3,42,neo_lung,total,92.7963042583876,666,nvss,Deaths,age-adjusted rate
1992,A,White,25,34,All Origins,3,42,resp_copd,total,2.86445486697809,666,nvss,Deaths,age-adjusted rate
1992,A,White,35,44,All Origins,3,42,resp_copd,total,4.75811982622523,666,nvss,Deaths,age-adjusted rate
1992,A,White,45,54,All Origins,3,42,resp_copd,total,28.4794533326025,666,nvss,Deaths,age-adjusted rate
1992,A,White,55,64,All Origins,3,42,resp_copd,total,84.5062209372361,666,nvss,Deaths,age-adjusted rate
1992,A,White,65,74,All Origins,3,42,resp_copd,total,236.446892447576,666,nvss,Deaths,age-adjusted rate
1992,A,White,75,84,All Origins,3,42,resp_copd,total,357.122385395043,666,nvss,Deaths,age-adjusted rate
1992,A,White,85,150,All Origins,3,42,resp_copd,total,193.407034138534,666,nvss,Deaths,age-adjusted rate
1992,A,White,25,34,All Origins,3,42,t2_dm,total,6.68372802294889,666,nvss,Deaths,age-adjusted rate
1992,A,White,35,44,All Origins,3,42,t2_dm,total,22.6010691745699,666,nvss,Deaths,age-adjusted rate
1992,A,White,45,54,All Origins,3,42,t2_dm,total,39.62358724536,666,nvss,Deaths,age-adjusted rate
1992,A,White,55,64,All Origins,3,42,t2_dm,total,81.8926264752598,666,nvss,Deaths,age-adjusted rate
1992,A,White,65,74,All Origins,3,42,t2_dm,total,159.929093433929,666,nvss,Deaths,age-adjusted rate
1992,A,White,75,84,All Origins,3,42,t2_dm,total,209.183045342753,666,nvss,Deaths,age-adjusted rate
1992,A,White,85,150,All Origins,3,42,t2_dm,total,130.891629164462,666,nvss,Deaths,age-adjusted rate
1992,A,White,25,34,All Origins,3,45,all-cause,overall,1319.77336579186,666,nvss,Deaths,age-adjusted rate
1992,A,White,35,44,All Origins,3,45,all-cause,overall,2178.39161132842,666,nvss,Deaths,age-adjusted rate
1992,A,White,45,54,All Origins,3,45,all-cause,overall,3934.33965918372,666,nvss,Deaths,age-adjusted rate
1992,A,White,55,64,All Origins,3,45,all-cause,overall,5608.09904476486,666,nvss,Deaths,age-adjusted rate
1992,A,White,65,74,All Origins,3,45,all-cause,overall,8932.33323511112,666,nvss,Deaths,age-adjusted rate
1992,A,White,75,84,All Origins,3,45,all-cause,overall,11130.8707304857,666,nvss,Deaths,age-adjusted rate
1992,A,White,85,150,All Origins,3,45,all-cause,overall,8503.58043517641,666,nvss,Deaths,age-adjusted rate
1992,A,White,25,34,All Origins,3,45,cvd_ihd,total,9.99828307418073,666,nvss,Deaths,age-adjusted rate
1992,A,White,35,44,All Origins,3,45,cvd_ihd,total,61.7585250634346,666,nvss,Deaths,age-adjusted rate
1992,A,White,45,54,All Origins,3,45,cvd_ihd,total,227.418477409464,666,nvss,Deaths,age-adjusted rate
1992,A,White,55,64,All Origins,3,45,cvd_ihd,total,409.139134437525,666,nvss,Deaths,age-adjusted rate
1992,A,White,65,74,All Origins,3,45,cvd_ihd,total,812.030294101011,666,nvss,Deaths,age-adjusted rate
1992,A,White,75,84,All Origins,3,45,cvd_ihd,total,1229.61692298024,666,nvss,Deaths,age-adjusted rate
1992,A,White,85,150,All Origins,3,45,cvd_ihd,total,1209.63883048157,666,nvss,Deaths,age-adjusted rate
1992,A,White,25,34,All Origins,3,45,cvd_stroke,total,9.99828307418073,666,nvss,Deaths,age-adjusted rate
1992,A,White,35,44,All Origins,3,45,cvd_stroke,total,33.6864682164188,666,nvss,Deaths,age-adjusted rate
1992,A,White,45,54,All Origins,3,45,cvd_stroke,total,39.7982335466561,666,nvss,Deaths,age-adjusted rate
1992,A,White,55,64,All Origins,3,45,cvd_stroke,total,66.1234964747514,666,nvss,Deaths,age-adjusted rate
1992,A,White,65,74,All Origins,3,45,cvd_stroke,total,86.0201582734122,666,nvss,Deaths,age-adjusted rate
1992,A,White,75,84,All Origins,3,45,cvd_stroke,total,170.254650874187,666,nvss,Deaths,age-adjusted rate
1992,A,White,85,150,All Origins,3,45,cvd_stroke,total,121.866598593292,666,nvss,Deaths,age-adjusted rate
1992,A,White,55,64,All Origins,3,45,lri,total,4.13271852967196,666,nvss,Deaths,age-adjusted rate
1992,A,White,65,74,All Origins,3,45,lri,total,3.44080633093649,666,nvss,Deaths,age-adjusted rate
1992,A,White,25,34,All Origins,3,45,ncd_lri,total,539.90728600576,666,nvss,Deaths,age-adjusted rate
1992,A,White,35,44,All Origins,3,45,ncd_lri,total,1296.92902633213,666,nvss,Deaths,age-adjusted rate
1992,A,White,45,54,All Origins,3,45,ncd_lri,total,3314.62430824293,666,nvss,Deaths,age-adjusted rate
1992,A,White,55,64,All Origins,3,45,ncd_lri,total,5170.03088061963,666,nvss,Deaths,age-adjusted rate
1992,A,White,65,74,All Origins,3,45,ncd_lri,total,8378.36341583035,666,nvss,Deaths,age-adjusted rate
1992,A,White,75,84,All Origins,3,45,ncd_lri,total,10317.4318429757,666,nvss,Deaths,age-adjusted rate
1992,A,White,85,150,All Origins,3,45,ncd_lri,total,7506.07975780168,666,nvss,Deaths,age-adjusted rate
1992,A,White,35,44,All Origins,3,45,neo_lung,total,101.059404649257,666,nvss,Deaths,age-adjusted rate
1992,A,White,45,54,All Origins,3,45,neo_lung,total,426.409645142744,666,nvss,Deaths,age-adjusted rate
1992,A,White,55,64,All Origins,3,45,neo_lung,total,929.861669176192,666,nvss,Deaths,age-adjusted rate
1992,A,White,65,74,All Origins,3,45,neo_lung,total,1066.64996259031,666,nvss,Deaths,age-adjusted rate
1992,A,White,75,84,All Origins,3,45,neo_lung,total,646.96767332191,666,nvss,Deaths,age-adjusted rate
1992,A,White,85,150,All Origins,3,45,neo_lung,total,117.353020867615,666,nvss,Deaths,age-adjusted rate
1992,A,White,25,34,All Origins,3,45,resp_copd,total,4.99914153709037,666,nvss,Deaths,age-adjusted rate
1992,A,White,35,44,All Origins,3,45,resp_copd,total,5.61441136940314,666,nvss,Deaths,age-adjusted rate
1992,A,White,45,54,All Origins,3,45,resp_copd,total,73.9110051580757,666,nvss,Deaths,age-adjusted rate
1992,A,White,55,64,All Origins,3,45,resp_copd,total,289.290297077038,666,nvss,Deaths,age-adjusted rate
1992,A,White,65,74,All Origins,3,45,resp_copd,total,691.602072518234,666,nvss,Deaths,age-adjusted rate
1992,A,White,75,84,All Origins,3,45,resp_copd,total,624.267053205352,666,nvss,Deaths,age-adjusted rate
1992,A,White,85,150,All Origins,3,45,resp_copd,total,334.004751700135,666,nvss,Deaths,age-adjusted rate
1992,A,White,25,34,All Origins,3,45,t2_dm,total,19.9965661483615,666,nvss,Deaths,age-adjusted rate
1992,A,White,35,44,All Origins,3,45,t2_dm,total,50.5297023246283,666,nvss,Deaths,age-adjusted rate
1992,A,White,45,54,All Origins,3,45,t2_dm,total,39.7982335466561,666,nvss,Deaths,age-adjusted rate
1992,A,White,55,64,All Origins,3,45,t2_dm,total,128.114274419831,666,nvss,Deaths,age-adjusted rate
1992,A,White,65,74,All Origins,3,45,t2_dm,total,192.685154532443,666,nvss,Deaths,age-adjusted rate
1992,A,White,75,84,All Origins,3,45,t2_dm,total,272.407441398699,666,nvss,Deaths,age-adjusted rate
1992,A,White,85,150,All Origins,3,45,t2_dm,total,130.893754044647,666,nvss,Deaths,age-adjusted rate
1992,A,White,25,34,All Origins,3,48,all-cause,overall,2472.30701950999,666,nvss,Deaths,age-adjusted rate
1992,A,White,35,44,All Origins,3,48,all-cause,overall,3596.87526222365,666,nvss,Deaths,age-adjusted rate
1992,A,White,45,54,All Origins,3,48,all-cause,overall,5031.05730278457,666,nvss,Deaths,age-adjusted rate
1992,A,White,55,64,All Origins,3,48,all-cause,overall,6791.95431050752,666,nvss,Deaths,age-adjusted rate
1992,A,White,65,74,All Origins,3,48,all-cause,overall,9554.9099832003,666,nvss,Deaths,age-adjusted rate
1992,A,White,75,84,All Origins,3,48,all-cause,overall,10835.8141420053,666,nvss,Deaths,age-adjusted rate
1992,A,White,85,150,All Origins,3,48,all-cause,overall,9147.78731532672,666,nvss,Deaths,age-adjusted rate
1992,A,White,25,34,All Origins,3,48,cvd_ihd,total,11.0125034276614,666,nvss,Deaths,age-adjusted rate
1992,A,White,35,44,All Origins,3,48,cvd_ihd,total,68.5712788292204,666,nvss,Deaths,age-adjusted rate
1992,A,White,45,54,All Origins,3,48,cvd_ihd,total,256.930479833416,666,nvss,Deaths,age-adjusted rate
1992,A,White,55,64,All Origins,3,48,cvd_ihd,total,462.464286578123,666,nvss,Deaths,age-adjusted rate
1992,A,White,65,74,All Origins,3,48,cvd_ihd,total,948.132359114959,666,nvss,Deaths,age-adjusted rate
1992,A,White,75,84,All Origins,3,48,cvd_ihd,total,1259.54305549963,666,nvss,Deaths,age-adjusted rate
1992,A,White,85,150,All Origins,3,48,cvd_ihd,total,1294.79947401959,666,nvss,Deaths,age-adjusted rate
1992,A,White,25,34,All Origins,3,48,cvd_stroke,total,22.0250068553229,666,nvss,Deaths,age-adjusted rate
1992,A,White,35,44,All Origins,3,48,cvd_stroke,total,87.2725366917351,666,nvss,Deaths,age-adjusted rate
1992,A,White,45,54,All Origins,3,48,cvd_stroke,total,65.7264018178507,666,nvss,Deaths,age-adjusted rate
1992,A,White,55,64,All Origins,3,48,cvd_stroke,total,82.3029662554287,666,nvss,Deaths,age-adjusted rate
1992,A,White,65,74,All Origins,3,48,cvd_stroke,total,110.37958807607,666,nvss,Deaths,age-adjusted rate
1992,A,White,75,84,All Origins,3,48,cvd_stroke,total,120.338508487226,666,nvss,Deaths,age-adjusted rate
1992,A,White,85,150,All Origins,3,48,cvd_stroke,total,69.6753080189912,666,nvss,Deaths,age-adjusted rate
1992,A,White,25,34,All Origins,3,48,lri,total,5.50625171383072,666,nvss,Deaths,age-adjusted rate
1992,A,White,55,64,All Origins,3,48,lri,total,7.83837773861226,666,nvss,Deaths,age-adjusted rate
1992,A,White,65,74,All Origins,3,48,lri,total,2.83024584810435,666,nvss,Deaths,age-adjusted rate
1992,A,White,75,84,All Origins,3,48,lri,total,10.6967563099756,666,nvss,Deaths,age-adjusted rate
1992,A,White,85,150,All Origins,3,48,lri,total,2.90313783412463,666,nvss,Deaths,age-adjusted rate
1992,A,White,25,34,All Origins,3,48,ncd_lri,total,1062.70658076933,666,nvss,Deaths,age-adjusted rate
1992,A,White,35,44,All Origins,3,48,ncd_lri,total,2362.59224329769,666,nvss,Deaths,age-adjusted rate
1992,A,White,45,54,All Origins,3,48,ncd_lri,total,4152.71356940056,666,nvss,Deaths,age-adjusted rate
1992,A,White,55,64,All Origins,3,48,ncd_lri,total,6219.75273558883,666,nvss,Deaths,age-adjusted rate
1992,A,White,65,74,All Origins,3,48,ncd_lri,total,8895.46270059199,666,nvss,Deaths,age-adjusted rate
1992,A,White,75,84,All Origins,3,48,ncd_lri,total,9891.82539764994,666,nvss,Deaths,age-adjusted rate
1992,A,White,85,150,All Origins,3,48,ncd_lri,total,8053.30435186173,666,nvss,Deaths,age-adjusted rate
1992,A,White,25,34,All Origins,3,48,neo_lung,total,16.5187551414922,666,nvss,Deaths,age-adjusted rate
1992,A,White,35,44,All Origins,3,48,neo_lung,total,31.1687631041911,666,nvss,Deaths,age-adjusted rate
1992,A,White,45,54,All Origins,3,48,neo_lung,total,316.68175421328,666,nvss,Deaths,age-adjusted rate
1992,A,White,55,64,All Origins,3,48,neo_lung,total,725.049940821634,666,nvss,Deaths,age-adjusted rate
1992,A,White,65,74,All Origins,3,48,neo_lung,total,1083.98415982397,666,nvss,Deaths,age-adjusted rate
1992,A,White,75,84,All Origins,3,48,neo_lung,total,582.97321889367,666,nvss,Deaths,age-adjusted rate
1992,A,White,85,150,All Origins,3,48,neo_lung,total,206.122786222849,666,nvss,Deaths,age-adjusted rate
1992,A,White,25,34,All Origins,3,48,resp_copd,total,11.0125034276614,666,nvss,Deaths,age-adjusted rate
1992,A,White,35,44,All Origins,3,48,resp_copd,total,43.6362683458675,666,nvss,Deaths,age-adjusted rate
1992,A,White,45,54,All Origins,3,48,resp_copd,total,59.7512743798642,666,nvss,Deaths,age-adjusted rate
1992,A,White,55,64,All Origins,3,48,resp_copd,total,254.747276504898,666,nvss,Deaths,age-adjusted rate
1992,A,White,65,74,All Origins,3,48,resp_copd,total,540.576956987932,666,nvss,Deaths,age-adjusted rate
1992,A,White,75,84,All Origins,3,48,resp_copd,total,649.827945831018,666,nvss,Deaths,age-adjusted rate
1992,A,White,85,150,All Origins,3,48,resp_copd,total,377.407918436202,666,nvss,Deaths,age-adjusted rate
1992,A,White,25,34,All Origins,3,48,t2_dm,total,16.5187551414922,666,nvss,Deaths,age-adjusted rate
1992,A,White,35,44,All Origins,3,48,t2_dm,total,93.5062893125733,666,nvss,Deaths,age-adjusted rate
1992,A,White,45,54,All Origins,3,48,t2_dm,total,233.029970081471,666,nvss,Deaths,age-adjusted rate
1992,A,White,55,64,All Origins,3,48,t2_dm,total,333.131053891021,666,nvss,Deaths,age-adjusted rate
1992,A,White,65,74,All Origins,3,48,t2_dm,total,450.009089848592,666,nvss,Deaths,age-adjusted rate
1992,A,White,75,84,All Origins,3,48,t2_dm,total,344.970390996713,666,nvss,Deaths,age-adjusted rate
1992,A,White,85,150,All Origins,3,48,t2_dm,total,258.379267237092,666,nvss,Deaths,age-adjusted rate
1992,A,White,25,34,All Origins,3,49,all-cause,overall,1335.09315376967,666,nvss,Deaths,age-adjusted rate
1992,A,White,35,44,All Origins,3,49,all-cause,overall,2057.69695145403,666,nvss,Deaths,age-adjusted rate
1992,A,White,45,54,All Origins,3,49,all-cause,overall,3149.77798720381,666,nvss,Deaths,age-adjusted rate
1992,A,White,55,64,All Origins,3,49,all-cause,overall,3897.85621002786,666,nvss,Deaths,age-adjusted rate
1992,A,White,65,74,All Origins,3,49,all-cause,overall,5912.46261814258,666,nvss,Deaths,age-adjusted rate
1992,A,White,75,84,All Origins,3,49,all-cause,overall,8604.13931992137,666,nvss,Deaths,age-adjusted rate
1992,A,White,85,150,All Origins,3,49,all-cause,overall,8161.38103490575,666,nvss,Deaths,age-adjusted rate
1992,A,White,35,44,All Origins,3,49,cvd_ihd,total,27.8067155601896,666,nvss,Deaths,age-adjusted rate
1992,A,White,45,54,All Origins,3,49,cvd_ihd,total,90.85898040011,666,nvss,Deaths,age-adjusted rate
1992,A,White,55,64,All Origins,3,49,cvd_ihd,total,354.350564547987,666,nvss,Deaths,age-adjusted rate
1992,A,White,65,74,All Origins,3,49,cvd_ihd,total,537.496601649325,666,nvss,Deaths,age-adjusted rate
1992,A,White,75,84,All Origins,3,49,cvd_ihd,total,1025.87814968293,666,nvss,Deaths,age-adjusted rate
1992,A,White,85,150,All Origins,3,49,cvd_ihd,total,1104.98508073546,666,nvss,Deaths,age-adjusted rate
1992,A,White,45,54,All Origins,3,49,cvd_stroke,total,30.2863268000367,666,nvss,Deaths,age-adjusted rate
1992,A,White,65,74,All Origins,3,49,cvd_stroke,total,46.0711372842279,666,nvss,Deaths,age-adjusted rate
1992,A,White,75,84,All Origins,3,49,cvd_stroke,total,99.2785306144773,666,nvss,Deaths,age-adjusted rate
1992,A,White,85,150,All Origins,3,49,cvd_stroke,total,58.1571095123925,666,nvss,Deaths,age-adjusted rate
1992,A,White,25,34,All Origins,3,49,ncd_lri,total,453.427863544418,666,nvss,Deaths,age-adjusted rate
1992,A,White,35,44,All Origins,3,49,ncd_lri,total,1167.88205352796,666,nvss,Deaths,age-adjusted rate
1992,A,White,45,54,All Origins,3,49,ncd_lri,total,2332.04716360282,666,nvss,Deaths,age-adjusted rate
1992,A,White,55,64,All Origins,3,49,ncd_lri,total,3563.19178795476,666,nvss,Deaths,age-adjusted rate
1992,A,White,65,74,All Origins,3,49,ncd_lri,total,5605.32170291439,666,nvss,Deaths,age-adjusted rate
1992,A,White,75,84,All Origins,3,49,ncd_lri,total,7644.44685731475,666,nvss,Deaths,age-adjusted rate
1992,A,White,85,150,All Origins,3,49,ncd_lri,total,6901.31032880391,666,nvss,Deaths,age-adjusted rate
1992,A,White,35,44,All Origins,3,49,neo_lung,total,27.8067155601896,666,nvss,Deaths,age-adjusted rate
1992,A,White,45,54,All Origins,3,49,neo_lung,total,181.71796080022,666,nvss,Deaths,age-adjusted rate
1992,A,White,55,64,All Origins,3,49,neo_lung,total,354.350564547987,666,nvss,Deaths,age-adjusted rate
1992,A,White,65,74,All Origins,3,49,neo_lung,total,276.426823705367,666,nvss,Deaths,age-adjusted rate
1992,A,White,75,84,All Origins,3,49,neo_lung,total,248.196326536193,666,nvss,Deaths,age-adjusted rate
1992,A,White,85,150,All Origins,3,49,neo_lung,total,38.771406341595,666,nvss,Deaths,age-adjusted rate
1992,A,White,45,54,All Origins,3,49,resp_copd,total,60.5726536000734,666,nvss,Deaths,age-adjusted rate
1992,A,White,55,64,All Origins,3,49,resp_copd,total,216.54756722377,666,nvss,Deaths,age-adjusted rate
1992,A,White,65,74,All Origins,3,49,resp_copd,total,337.855006751005,666,nvss,Deaths,age-adjusted rate
1992,A,White,75,84,All Origins,3,49,resp_copd,total,347.474857150671,666,nvss,Deaths,age-adjusted rate
1992,A,White,85,150,All Origins,3,49,resp_copd,total,252.014141220368,666,nvss,Deaths,age-adjusted rate
1992,A,White,25,34,All Origins,3,49,t2_dm,total,25.1904368635788,666,nvss,Deaths,age-adjusted rate
1992,A,White,35,44,All Origins,3,49,t2_dm,total,55.6134311203791,666,nvss,Deaths,age-adjusted rate
1992,A,White,45,54,All Origins,3,49,t2_dm,total,121.145307200147,666,nvss,Deaths,age-adjusted rate
1992,A,White,55,64,All Origins,3,49,t2_dm,total,157.489139799105,666,nvss,Deaths,age-adjusted rate
1992,A,White,65,74,All Origins,3,49,t2_dm,total,476.068418603688,666,nvss,Deaths,age-adjusted rate
1992,A,White,75,84,All Origins,3,49,t2_dm,total,397.114122457909,666,nvss,Deaths,age-adjusted rate
1992,A,White,85,150,All Origins,3,49,t2_dm,total,155.08562536638,666,nvss,Deaths,age-adjusted rate
1992,A,White,25,34,All Origins,3,51,all-cause,overall,110.75877593967,666,nvss,Deaths,age-adjusted rate
1992,A,White,35,44,All Origins,3,51,all-cause,overall,215.34230930138,666,nvss,Deaths,age-adjusted rate
1992,A,White,45,54,All Origins,3,51,all-cause,overall,341.469166112915,666,nvss,Deaths,age-adjusted rate
1992,A,White,55,64,All Origins,3,51,all-cause,overall,428.271176244026,666,nvss,Deaths,age-adjusted rate
1992,A,White,65,74,All Origins,3,51,all-cause,overall,895.831935582336,666,nvss,Deaths,age-adjusted rate
1992,A,White,75,84,All Origins,3,51,all-cause,overall,1454.07659752796,666,nvss,Deaths,age-adjusted rate
1992,A,White,85,150,All Origins,3,51,all-cause,overall,1642.11365812088,666,nvss,Deaths,age-adjusted rate
1992,A,White,35,44,All Origins,3,51,cvd_ihd,total,13.8930522129922,666,nvss,Deaths,age-adjusted rate
1992,A,White,45,54,All Origins,3,51,cvd_ihd,total,13.3909476907025,666,nvss,Deaths,age-adjusted rate
1992,A,White,55,64,All Origins,3,51,cvd_ihd,total,38.068548999469,666,nvss,Deaths,age-adjusted rate
1992,A,White,65,74,All Origins,3,51,cvd_ihd,total,59.7221290388224,666,nvss,Deaths,age-adjusted rate
1992,A,White,75,84,All Origins,3,51,cvd_ihd,total,183.030620667856,666,nvss,Deaths,age-adjusted rate
1992,A,White,85,150,All Origins,3,51,cvd_ihd,total,200.563500228504,666,nvss,Deaths,age-adjusted rate
1992,A,White,55,64,All Origins,3,51,cvd_stroke,total,19.0342744997345,666,nvss,Deaths,age-adjusted rate
1992,A,White,65,74,All Origins,3,51,cvd_stroke,total,4.26586635991589,666,nvss,Deaths,age-adjusted rate
1992,A,White,75,84,All Origins,3,51,cvd_stroke,total,15.2525517223213,666,nvss,Deaths,age-adjusted rate
1992,A,White,85,150,All Origins,3,51,cvd_stroke,total,50.1408750571261,666,nvss,Deaths,age-adjusted rate
1992,A,White,75,84,All Origins,3,51,lri,total,5.08418390744043,666,nvss,Deaths,age-adjusted rate
1992,A,White,85,150,All Origins,3,51,lri,total,6.26760938214076,666,nvss,Deaths,age-adjusted rate
1992,A,White,25,34,All Origins,3,51,ncd_lri,total,55.379387969835,666,nvss,Deaths,age-adjusted rate
1992,A,White,35,44,All Origins,3,51,ncd_lri,total,152.823574342915,666,nvss,Deaths,age-adjusted rate
1992,A,White,45,54,All Origins,3,51,ncd_lri,total,294.600849195456,666,nvss,Deaths,age-adjusted rate
1992,A,White,55,64,All Origins,3,51,ncd_lri,total,390.202627244557,666,nvss,Deaths,age-adjusted rate
1992,A,White,65,74,All Origins,3,51,ncd_lri,total,861.705004703009,666,nvss,Deaths,age-adjusted rate
1992,A,White,75,84,All Origins,3,51,ncd_lri,total,1311.71944811963,666,nvss,Deaths,age-adjusted rate
1992,A,White,85,150,All Origins,3,51,ncd_lri,total,1454.08537665666,666,nvss,Deaths,age-adjusted rate
1992,A,White,45,54,All Origins,3,51,neo_lung,total,40.1728430721076,666,nvss,Deaths,age-adjusted rate
1992,A,White,55,64,All Origins,3,51,neo_lung,total,95.1713724986724,666,nvss,Deaths,age-adjusted rate
1992,A,White,65,74,All Origins,3,51,neo_lung,total,85.3173271983178,666,nvss,Deaths,age-adjusted rate
1992,A,White,75,84,All Origins,3,51,neo_lung,total,81.346942519047,666,nvss,Deaths,age-adjusted rate
1992,A,White,85,150,All Origins,3,51,neo_lung,total,43.8732656749853,666,nvss,Deaths,age-adjusted rate
1992,A,White,55,64,All Origins,3,51,resp_copd,total,14.2757058748009,666,nvss,Deaths,age-adjusted rate
1992,A,White,65,74,All Origins,3,51,resp_copd,total,76.785594478486,666,nvss,Deaths,age-adjusted rate
1992,A,White,75,84,All Origins,3,51,resp_copd,total,86.4311264264874,666,nvss,Deaths,age-adjusted rate
1992,A,White,85,150,All Origins,3,51,resp_copd,total,62.6760938214076,666,nvss,Deaths,age-adjusted rate
1992,A,White,35,44,All Origins,3,51,t2_dm,total,13.8930522129922,666,nvss,Deaths,age-adjusted rate
1992,A,White,45,54,All Origins,3,51,t2_dm,total,6.69547384535127,666,nvss,Deaths,age-adjusted rate
1992,A,White,55,64,All Origins,3,51,t2_dm,total,4.75856862493362,666,nvss,Deaths,age-adjusted rate
1992,A,White,65,74,All Origins,3,51,t2_dm,total,21.3293317995794,666,nvss,Deaths,age-adjusted rate
1992,A,White,75,84,All Origins,3,51,t2_dm,total,5.08418390744043,666,nvss,Deaths,age-adjusted rate
1992,A,White,85,150,All Origins,3,51,t2_dm,total,18.8028281464223,666,nvss,Deaths,age-adjusted rate
1992,A,White,25,34,All Origins,3,54,all-cause,overall,128.49987879408,666,nvss,Deaths,age-adjusted rate
1992,A,White,35,44,All Origins,3,54,all-cause,overall,338.228518832591,666,nvss,Deaths,age-adjusted rate
1992,A,White,45,54,All Origins,3,54,all-cause,overall,421.246487106974,666,nvss,Deaths,age-adjusted rate
1992,A,White,55,64,All Origins,3,54,all-cause,overall,741.846132949616,666,nvss,Deaths,age-adjusted rate
1992,A,White,65,74,All Origins,3,54,all-cause,overall,1403.36055478773,666,nvss,Deaths,age-adjusted rate
1992,A,White,75,84,All Origins,3,54,all-cause,overall,1925.3613145014,666,nvss,Deaths,age-adjusted rate
1992,A,White,85,150,All Origins,3,54,all-cause,overall,1756.15301104436,666,nvss,Deaths,age-adjusted rate
1992,A,White,35,44,All Origins,3,54,cvd_ihd,total,41.247380345438,666,nvss,Deaths,age-adjusted rate
1992,A,White,45,54,All Origins,3,54,cvd_ihd,total,17.925382430084,666,nvss,Deaths,age-adjusted rate
1992,A,White,55,64,All Origins,3,54,cvd_ihd,total,39.3900601566168,666,nvss,Deaths,age-adjusted rate
1992,A,White,65,74,All Origins,3,54,cvd_ihd,total,149.176121965625,666,nvss,Deaths,age-adjusted rate
1992,A,White,75,84,All Origins,3,54,cvd_ihd,total,252.883277128542,666,nvss,Deaths,age-adjusted rate
1992,A,White,85,150,All Origins,3,54,cvd_ihd,total,259.712769238955,666,nvss,Deaths,age-adjusted rate
1992,A,White,55,64,All Origins,3,54,cvd_stroke,total,13.1300200522056,666,nvss,Deaths,age-adjusted rate
1992,A,White,65,74,All Origins,3,54,cvd_stroke,total,16.5751246628472,666,nvss,Deaths,age-adjusted rate
1992,A,White,75,84,All Origins,3,54,cvd_stroke,total,40.231430452268,666,nvss,Deaths,age-adjusted rate
1992,A,White,85,150,All Origins,3,54,cvd_stroke,total,68.0200109911548,666,nvss,Deaths,age-adjusted rate
1992,A,White,25,34,All Origins,3,54,ncd_lri,total,60.4705311972142,666,nvss,Deaths,age-adjusted rate
1992,A,White,35,44,All Origins,3,54,ncd_lri,total,247.484282072628,666,nvss,Deaths,age-adjusted rate
1992,A,White,45,54,All Origins,3,54,ncd_lri,total,358.50764860168,666,nvss,Deaths,age-adjusted rate
1992,A,White,55,64,All Origins,3,54,ncd_lri,total,728.71611289741,666,nvss,Deaths,age-adjusted rate
1992,A,White,65,74,All Origins,3,54,ncd_lri,total,1320.48493147349,666,nvss,Deaths,age-adjusted rate
1992,A,White,75,84,All Origins,3,54,ncd_lri,total,1729.95150944752,666,nvss,Deaths,age-adjusted rate
1992,A,White,85,150,All Origins,3,54,ncd_lri,total,1521.17479125673,666,nvss,Deaths,age-adjusted rate
1992,A,White,35,44,All Origins,3,54,neo_lung,total,8.24947606908759,666,nvss,Deaths,age-adjusted rate
1992,A,White,45,54,All Origins,3,54,neo_lung,total,80.6642209353779,666,nvss,Deaths,age-adjusted rate
1992,A,White,55,64,All Origins,3,54,neo_lung,total,85.3451303393363,666,nvss,Deaths,age-adjusted rate
1992,A,White,65,74,All Origins,3,54,neo_lung,total,204.426537508449,666,nvss,Deaths,age-adjusted rate
1992,A,White,75,84,All Origins,3,54,neo_lung,total,97.7049025269366,666,nvss,Deaths,age-adjusted rate
1992,A,White,85,150,All Origins,3,54,neo_lung,total,30.9181868141613,666,nvss,Deaths,age-adjusted rate
1992,A,White,45,54,All Origins,3,54,resp_copd,total,8.96269121504199,666,nvss,Deaths,age-adjusted rate
1992,A,White,55,64,All Origins,3,54,resp_copd,total,59.0850902349252,666,nvss,Deaths,age-adjusted rate
1992,A,White,65,74,All Origins,3,54,resp_copd,total,77.3505817599536,666,nvss,Deaths,age-adjusted rate
1992,A,White,75,84,All Origins,3,54,resp_copd,total,114.946944149337,666,nvss,Deaths,age-adjusted rate
1992,A,White,85,150,All Origins,3,54,resp_copd,total,49.469098902658,666,nvss,Deaths,age-adjusted rate
1992,A,White,35,44,All Origins,3,54,t2_dm,total,16.4989521381752,666,nvss,Deaths,age-adjusted rate
1992,A,White,45,54,All Origins,3,54,t2_dm,total,17.925382430084,666,nvss,Deaths,age-adjusted rate
1992,A,White,55,64,All Origins,3,54,t2_dm,total,19.6950300783084,666,nvss,Deaths,age-adjusted rate
1992,A,White,65,74,All Origins,3,54,t2_dm,total,27.625207771412,666,nvss,Deaths,age-adjusted rate
1992,A,White,75,84,All Origins,3,54,t2_dm,total,57.4734720746686,666,nvss,Deaths,age-adjusted rate
1992,A,White,85,150,All Origins,3,54,t2_dm,total,18.5509120884968,666,nvss,Deaths,age-adjusted rate
1992,A,White,25,34,All Origins,4,13,all-cause,overall,82.134033598964,666,nvss,Deaths,age-adjusted rate
1992,A,White,35,44,All Origins,4,13,all-cause,overall,270.777223940982,666,nvss,Deaths,age-adjusted rate
1992,A,White,45,54,All Origins,4,13,all-cause,overall,389.730473190752,666,nvss,Deaths,age-adjusted rate
1992,A,White,55,64,All Origins,4,13,all-cause,overall,711.835855266278,666,nvss,Deaths,age-adjusted rate
1992,A,White,65,74,All Origins,4,13,all-cause,overall,1350.76340953349,666,nvss,Deaths,age-adjusted rate
1992,A,White,75,84,All Origins,4,13,all-cause,overall,1651.99182349911,666,nvss,Deaths,age-adjusted rate
1992,A,White,85,150,All Origins,4,13,all-cause,overall,1439.42281401168,666,nvss,Deaths,age-adjusted rate
1992,A,White,35,44,All Origins,4,13,cvd_ihd,total,10.6187146643523,666,nvss,Deaths,age-adjusted rate
1992,A,White,45,54,All Origins,4,13,cvd_ihd,total,33.4054691306358,666,nvss,Deaths,age-adjusted rate
1992,A,White,55,64,All Origins,4,13,cvd_ihd,total,73.3406638759195,666,nvss,Deaths,age-adjusted rate
1992,A,White,65,74,All Origins,4,13,cvd_ihd,total,162.831753478009,666,nvss,Deaths,age-adjusted rate
1992,A,White,75,84,All Origins,4,13,cvd_ihd,total,162.563025184753,666,nvss,Deaths,age-adjusted rate
1992,A,White,85,150,All Origins,4,13,cvd_ihd,total,197.340224501602,666,nvss,Deaths,age-adjusted rate
1992,A,White,55,64,All Origins,4,13,cvd_stroke,total,8.628313397167,666,nvss,Deaths,age-adjusted rate
1992,A,White,65,74,All Origins,4,13,cvd_stroke,total,7.40144333990951,666,nvss,Deaths,age-adjusted rate
1992,A,White,75,84,All Origins,4,13,cvd_stroke,total,21.967976376318,666,nvss,Deaths,age-adjusted rate
1992,A,White,85,150,All Origins,4,13,cvd_stroke,total,5.80412425004711,666,nvss,Deaths,age-adjusted rate
1992,A,White,25,34,All Origins,4,13,ncd_lri,total,45.6300186660911,666,nvss,Deaths,age-adjusted rate
1992,A,White,35,44,All Origins,4,13,ncd_lri,total,148.662005300932,666,nvss,Deaths,age-adjusted rate
1992,A,White,45,54,All Origins,4,13,ncd_lri,total,328.487113117919,666,nvss,Deaths,age-adjusted rate
1992,A,White,55,64,All Origins,4,13,ncd_lri,total,655.751818184692,666,nvss,Deaths,age-adjusted rate
1992,A,White,65,74,All Origins,4,13,ncd_lri,total,1254.54464611466,666,nvss,Deaths,age-adjusted rate
1992,A,White,75,84,All Origins,4,13,ncd_lri,total,1520.18396524121,666,nvss,Deaths,age-adjusted rate
1992,A,White,85,150,All Origins,4,13,ncd_lri,total,1288.51558351046,666,nvss,Deaths,age-adjusted rate
1992,A,White,35,44,All Origins,4,13,neo_lung,total,10.6187146643523,666,nvss,Deaths,age-adjusted rate
1992,A,White,45,54,All Origins,4,13,neo_lung,total,27.8378909421965,666,nvss,Deaths,age-adjusted rate
1992,A,White,55,64,All Origins,4,13,neo_lung,total,133.738857656089,666,nvss,Deaths,age-adjusted rate
1992,A,White,65,74,All Origins,4,13,neo_lung,total,162.831753478009,666,nvss,Deaths,age-adjusted rate
1992,A,White,75,84,All Origins,4,13,neo_lung,total,140.595048808435,666,nvss,Deaths,age-adjusted rate
1992,A,White,85,150,All Origins,4,13,neo_lung,total,11.6082485000942,666,nvss,Deaths,age-adjusted rate
1992,A,White,55,64,All Origins,4,13,resp_copd,total,30.1990968900845,666,nvss,Deaths,age-adjusted rate
1992,A,White,65,74,All Origins,4,13,resp_copd,total,88.8173200789142,666,nvss,Deaths,age-adjusted rate
1992,A,White,75,84,All Origins,4,13,resp_copd,total,101.052691331063,666,nvss,Deaths,age-adjusted rate
1992,A,White,85,150,All Origins,4,13,resp_copd,total,34.8247455002827,666,nvss,Deaths,age-adjusted rate
1992,A,White,45,54,All Origins,4,13,t2_dm,total,11.1351563768786,666,nvss,Deaths,age-adjusted rate
1992,A,White,55,64,All Origins,4,13,t2_dm,total,12.9424700957505,666,nvss,Deaths,age-adjusted rate
1992,A,White,65,74,All Origins,4,13,t2_dm,total,14.802886679819,666,nvss,Deaths,age-adjusted rate
1992,A,White,75,84,All Origins,4,13,t2_dm,total,21.967976376318,666,nvss,Deaths,age-adjusted rate
1992,A,White,85,150,All Origins,4,13,t2_dm,total,5.80412425004711,666,nvss,Deaths,age-adjusted rate
1992,A,White,25,34,All Origins,4,17,all-cause,overall,1394.31483108503,666,nvss,Deaths,age-adjusted rate
1992,A,White,35,44,All Origins,4,17,all-cause,overall,2999.98388324843,666,nvss,Deaths,age-adjusted rate
1992,A,White,45,54,All Origins,4,17,all-cause,overall,4589.96908916201,666,nvss,Deaths,age-adjusted rate
1992,A,White,55,64,All Origins,4,17,all-cause,overall,5678.21074943865,666,nvss,Deaths,age-adjusted rate
1992,A,White,65,74,All Origins,4,17,all-cause,overall,9413.97703743485,666,nvss,Deaths,age-adjusted rate
1992,A,White,75,84,All Origins,4,17,all-cause,overall,13703.3019850614,666,nvss,Deaths,age-adjusted rate
1992,A,White,85,150,All Origins,4,17,all-cause,overall,13747.5856931332,666,nvss,Deaths,age-adjusted rate
1992,A,White,35,44,All Origins,4,17,cvd_ihd,total,180.721920677616,666,nvss,Deaths,age-adjusted rate
1992,A,White,45,54,All Origins,4,17,cvd_ihd,total,241.577320482211,666,nvss,Deaths,age-adjusted rate
1992,A,White,55,64,All Origins,4,17,cvd_ihd,total,472.268979160275,666,nvss,Deaths,age-adjusted rate
1992,A,White,65,74,All Origins,4,17,cvd_ihd,total,996.369832429236,666,nvss,Deaths,age-adjusted rate
1992,A,White,75,84,All Origins,4,17,cvd_ihd,total,1782.04375590485,666,nvss,Deaths,age-adjusted rate
1992,A,White,85,150,All Origins,4,17,cvd_ihd,total,2401.32501190099,666,nvss,Deaths,age-adjusted rate
1992,A,White,25,34,All Origins,4,17,cvd_stroke,total,14.8331365009046,666,nvss,Deaths,age-adjusted rate
1992,A,White,35,44,All Origins,4,17,cvd_stroke,total,72.2887682710465,666,nvss,Deaths,age-adjusted rate
1992,A,White,45,54,All Origins,4,17,cvd_stroke,total,17.2555228915865,666,nvss,Deaths,age-adjusted rate
1992,A,White,55,64,All Origins,4,17,cvd_stroke,total,43.9319980614209,666,nvss,Deaths,age-adjusted rate
1992,A,White,65,74,All Origins,4,17,cvd_stroke,total,34.3575804285943,666,nvss,Deaths,age-adjusted rate
1992,A,White,75,84,All Origins,4,17,cvd_stroke,total,210.684976067568,666,nvss,Deaths,age-adjusted rate
1992,A,White,85,150,All Origins,4,17,cvd_stroke,total,210.115938541337,666,nvss,Deaths,age-adjusted rate
1992,A,White,85,150,All Origins,4,17,lri,total,20.0110417658416,666,nvss,Deaths,age-adjusted rate
1992,A,White,25,34,All Origins,4,17,ncd_lri,total,726.823688544325,666,nvss,Deaths,age-adjusted rate
1992,A,White,35,44,All Origins,4,17,ncd_lri,total,2078.30208779259,666,nvss,Deaths,age-adjusted rate
1992,A,White,45,54,All Origins,4,17,ncd_lri,total,3934.25921928172,666,nvss,Deaths,age-adjusted rate
1992,A,White,55,64,All Origins,4,17,ncd_lri,total,5260.85676785515,666,nvss,Deaths,age-adjusted rate
1992,A,White,65,74,All Origins,4,17,ncd_lri,total,8907.20272611308,666,nvss,Deaths,age-adjusted rate
1992,A,White,75,84,All Origins,4,17,ncd_lri,total,12746.4410520879,666,nvss,Deaths,age-adjusted rate
1992,A,White,85,150,All Origins,4,17,ncd_lri,total,12286.7796442267,666,nvss,Deaths,age-adjusted rate
1992,A,White,25,34,All Origins,4,17,neo_lung,total,29.6662730018092,666,nvss,Deaths,age-adjusted rate
1992,A,White,35,44,All Origins,4,17,neo_lung,total,54.2165762032849,666,nvss,Deaths,age-adjusted rate
1992,A,White,45,54,All Origins,4,17,neo_lung,total,569.432255422355,666,nvss,Deaths,age-adjusted rate
1992,A,White,55,64,All Origins,4,17,neo_lung,total,680.945969952024,666,nvss,Deaths,age-adjusted rate
1992,A,White,65,74,All Origins,4,17,neo_lung,total,1159.56833946506,666,nvss,Deaths,age-adjusted rate
1992,A,White,75,84,All Origins,4,17,neo_lung,total,851.518444939755,666,nvss,Deaths,age-adjusted rate
1992,A,White,85,150,All Origins,4,17,neo_lung,total,180.099375892574,666,nvss,Deaths,age-adjusted rate
1992,A,White,25,34,All Origins,4,17,resp_copd,total,14.8331365009046,666,nvss,Deaths,age-adjusted rate
1992,A,White,35,44,All Origins,4,17,resp_copd,total,54.2165762032849,666,nvss,Deaths,age-adjusted rate
1992,A,White,45,54,All Origins,4,17,resp_copd,total,103.533137349519,666,nvss,Deaths,age-adjusted rate
1992,A,White,55,64,All Origins,4,17,resp_copd,total,241.625989337815,666,nvss,Deaths,age-adjusted rate
1992,A,White,65,74,All Origins,4,17,resp_copd,total,747.277374321927,666,nvss,Deaths,age-adjusted rate
1992,A,White,75,84,All Origins,4,17,resp_copd,total,763.733038244935,666,nvss,Deaths,age-adjusted rate
1992,A,White,85,150,All Origins,4,17,resp_copd,total,340.187710019307,666,nvss,Deaths,age-adjusted rate
1992,A,White,35,44,All Origins,4,17,t2_dm,total,54.2165762032849,666,nvss,Deaths,age-adjusted rate
1992,A,White,45,54,All Origins,4,17,t2_dm,total,138.044183132692,666,nvss,Deaths,age-adjusted rate
1992,A,White,55,64,All Origins,4,17,t2_dm,total,186.710991761039,666,nvss,Deaths,age-adjusted rate
1992,A,White,65,74,All Origins,4,17,t2_dm,total,274.860643428755,666,nvss,Deaths,age-adjusted rate
1992,A,White,75,84,All Origins,4,17,t2_dm,total,298.470382762388,666,nvss,Deaths,age-adjusted rate
1992,A,White,85,150,All Origins,4,17,t2_dm,total,270.149063838862,666,nvss,Deaths,age-adjusted rate
1992,A,White,25,34,All Origins,4,18,all-cause,overall,2425.51894574991,666,nvss,Deaths,age-adjusted rate
1992,A,White,35,44,All Origins,4,18,all-cause,overall,6355.9153966393,666,nvss,Deaths,age-adjusted rate
1992,A,White,45,54,All Origins,4,18,all-cause,overall,15053.8374502918,666,nvss,Deaths,age-adjusted rate
1992,A,White,55,64,All Origins,4,18,all-cause,overall,43895.9706191725,666,nvss,Deaths,age-adjusted rate
1992,A,White,65,74,All Origins,4,18,all-cause,overall,58051.0734494926,666,nvss,Deaths,age-adjusted rate
1992,A,White,75,84,All Origins,4,18,all-cause,overall,58253.9588911338,666,nvss,Deaths,age-adjusted rate
1992,A,White,85,150,All Origins,4,18,all-cause,overall,35563.3940656867,666,nvss,Deaths,age-adjusted rate
1992,A,White,35,44,All Origins,4,18,cvd_ihd,total,281.235194541562,666,nvss,Deaths,age-adjusted rate
1992,A,White,45,54,All Origins,4,18,cvd_ihd,total,1028.0669478248,666,nvss,Deaths,age-adjusted rate
1992,A,White,55,64,All Origins,4,18,cvd_ihd,total,4594.90115612719,666,nvss,Deaths,age-adjusted rate
1992,A,White,65,74,All Origins,4,18,cvd_ihd,total,7082.62811755497,666,nvss,Deaths,age-adjusted rate
1992,A,White,75,84,All Origins,4,18,cvd_ihd,total,9392.81465837979,666,nvss,Deaths,age-adjusted rate
1992,A,White,85,150,All Origins,4,18,cvd_ihd,total,6487.91648495636,666,nvss,Deaths,age-adjusted rate
1992,A,White,35,44,All Origins,4,18,cvd_stroke,total,56.2470389083124,666,nvss,Deaths,age-adjusted rate
1992,A,White,45,54,All Origins,4,18,cvd_stroke,total,220.300060248172,666,nvss,Deaths,age-adjusted rate
1992,A,White,55,64,All Origins,4,18,cvd_stroke,total,488.819271928425,666,nvss,Deaths,age-adjusted rate
1992,A,White,65,74,All Origins,4,18,cvd_stroke,total,330.963930726868,666,nvss,Deaths,age-adjusted rate
1992,A,White,75,84,All Origins,4,18,cvd_stroke,total,694.050344215256,666,nvss,Deaths,age-adjusted rate
1992,A,White,85,150,All Origins,4,18,cvd_stroke,total,343.276004495045,666,nvss,Deaths,age-adjusted rate
1992,A,White,65,74,All Origins,4,18,lri,total,66.1927861453736,666,nvss,Deaths,age-adjusted rate
1992,A,White,75,84,All Origins,4,18,lri,total,46.2700229476837,666,nvss,Deaths,age-adjusted rate
1992,A,White,25,34,All Origins,4,18,ncd_lri,total,1195.67835353869,666,nvss,Deaths,age-adjusted rate
1992,A,White,35,44,All Origins,4,18,ncd_lri,total,4106.03384030681,666,nvss,Deaths,age-adjusted rate
1992,A,White,45,54,All Origins,4,18,ncd_lri,total,12777.403494394,666,nvss,Deaths,age-adjusted rate
1992,A,White,55,64,All Origins,4,18,ncd_lri,total,41256.346550759,666,nvss,Deaths,age-adjusted rate
1992,A,White,65,74,All Origins,4,18,ncd_lri,total,54344.2774253517,666,nvss,Deaths,age-adjusted rate
1992,A,White,75,84,All Origins,4,18,ncd_lri,total,53997.1167799469,666,nvss,Deaths,age-adjusted rate
1992,A,White,85,150,All Origins,4,18,ncd_lri,total,31958.9960184887,666,nvss,Deaths,age-adjusted rate
1992,A,White,35,44,All Origins,4,18,neo_lung,total,224.98815563325,666,nvss,Deaths,age-adjusted rate
1992,A,White,45,54,All Origins,4,18,neo_lung,total,1835.83383540144,666,nvss,Deaths,age-adjusted rate
1992,A,White,55,64,All Origins,4,18,neo_lung,total,6745.70595261226,666,nvss,Deaths,age-adjusted rate
1992,A,White,65,74,All Origins,4,18,neo_lung,total,7016.4353314096,666,nvss,Deaths,age-adjusted rate
1992,A,White,75,84,All Origins,4,18,neo_lung,total,3609.06178991933,666,nvss,Deaths,age-adjusted rate
1992,A,White,85,150,All Origins,4,18,neo_lung,total,583.569207641577,666,nvss,Deaths,age-adjusted rate
1992,A,White,35,44,All Origins,4,18,resp_copd,total,56.2470389083124,666,nvss,Deaths,age-adjusted rate
1992,A,White,45,54,All Origins,4,18,resp_copd,total,514.033473912402,666,nvss,Deaths,age-adjusted rate
1992,A,White,55,64,All Origins,4,18,resp_copd,total,3030.67948595623,666,nvss,Deaths,age-adjusted rate
1992,A,White,65,74,All Origins,4,18,resp_copd,total,3574.41045185017,666,nvss,Deaths,age-adjusted rate
1992,A,White,75,84,All Origins,4,18,resp_copd,total,4071.76201939617,666,nvss,Deaths,age-adjusted rate
1992,A,White,85,150,All Origins,4,18,resp_copd,total,1235.79361618216,666,nvss,Deaths,age-adjusted rate
1992,A,White,25,34,All Origins,4,18,t2_dm,total,34.1622386725339,666,nvss,Deaths,age-adjusted rate
1992,A,White,35,44,All Origins,4,18,t2_dm,total,56.2470389083124,666,nvss,Deaths,age-adjusted rate
1992,A,White,45,54,All Origins,4,18,t2_dm,total,587.46682732846,666,nvss,Deaths,age-adjusted rate
1992,A,White,55,64,All Origins,4,18,t2_dm,total,1270.9301070139,666,nvss,Deaths,age-adjusted rate
1992,A,White,65,74,All Origins,4,18,t2_dm,total,1721.01243977971,666,nvss,Deaths,age-adjusted rate
1992,A,White,75,84,All Origins,4,18,t2_dm,total,1203.02059663978,666,nvss,Deaths,age-adjusted rate
1992,A,White,85,150,All Origins,4,18,t2_dm,total,789.534810338604,666,nvss,Deaths,age-adjusted rate
1992,A,White,25,34,All Origins,4,22,all-cause,overall,122.997906119865,666,nvss,Deaths,age-adjusted rate
1992,A,White,35,44,All Origins,4,22,all-cause,overall,275.281863522739,666,nvss,Deaths,age-adjusted rate
1992,A,White,45,54,All Origins,4,22,all-cause,overall,495.283826982071,666,nvss,Deaths,age-adjusted rate
1992,A,White,55,64,All Origins,4,22,all-cause,overall,725.143999152904,666,nvss,Deaths,age-adjusted rate
1992,A,White,65,74,All Origins,4,22,all-cause,overall,1330.57991107522,666,nvss,Deaths,age-adjusted rate
1992,A,White,75,84,All Origins,4,22,all-cause,overall,1884.5077627707,666,nvss,Deaths,age-adjusted rate
1992,A,White,85,150,All Origins,4,22,all-cause,overall,1571.32776252288,666,nvss,Deaths,age-adjusted rate
1992,A,White,25,34,All Origins,4,22,cvd_ihd,total,1.95234771618833,666,nvss,Deaths,age-adjusted rate
1992,A,White,45,54,All Origins,4,22,cvd_ihd,total,39.1749919646836,666,nvss,Deaths,age-adjusted rate
1992,A,White,55,64,All Origins,4,22,cvd_ihd,total,66.5072898631362,666,nvss,Deaths,age-adjusted rate
1992,A,White,65,74,All Origins,4,22,cvd_ihd,total,132.45591874957,666,nvss,Deaths,age-adjusted rate
1992,A,White,75,84,All Origins,4,22,cvd_ihd,total,221.036581606721,666,nvss,Deaths,age-adjusted rate
1992,A,White,85,150,All Origins,4,22,cvd_ihd,total,235.145879955009,666,nvss,Deaths,age-adjusted rate
1992,A,White,35,44,All Origins,4,22,cvd_stroke,total,5.19399742495735,666,nvss,Deaths,age-adjusted rate
1992,A,White,45,54,All Origins,4,22,cvd_stroke,total,8.39464113528934,666,nvss,Deaths,age-adjusted rate
1992,A,White,55,64,All Origins,4,22,cvd_stroke,total,6.43618934159382,666,nvss,Deaths,age-adjusted rate
1992,A,White,65,74,All Origins,4,22,cvd_stroke,total,14.0483550188938,666,nvss,Deaths,age-adjusted rate
1992,A,White,75,84,All Origins,4,22,cvd_stroke,total,13.6723658725807,666,nvss,Deaths,age-adjusted rate
1992,A,White,85,150,All Origins,4,22,cvd_stroke,total,27.6642211711775,666,nvss,Deaths,age-adjusted rate
1992,A,White,25,34,All Origins,4,22,ncd_lri,total,48.8086929047081,666,nvss,Deaths,age-adjusted rate
1992,A,White,35,44,All Origins,4,22,ncd_lri,total,168.804916311114,666,nvss,Deaths,age-adjusted rate
1992,A,White,45,54,All Origins,4,22,ncd_lri,total,430.92491161152,666,nvss,Deaths,age-adjusted rate
1992,A,White,55,64,All Origins,4,22,ncd_lri,total,665.072898631362,666,nvss,Deaths,age-adjusted rate
1992,A,White,65,74,All Origins,4,22,ncd_lri,total,1238.26214952249,666,nvss,Deaths,age-adjusted rate
1992,A,White,75,84,All Origins,4,22,ncd_lri,total,1772.85010814463,666,nvss,Deaths,age-adjusted rate
1992,A,White,85,150,All Origins,4,22,ncd_lri,total,1416.40812396429,666,nvss,Deaths,age-adjusted rate
1992,A,White,35,44,All Origins,4,22,neo_lung,total,12.9849935623934,666,nvss,Deaths,age-adjusted rate
1992,A,White,45,54,All Origins,4,22,neo_lung,total,55.9642742352623,666,nvss,Deaths,age-adjusted rate
1992,A,White,55,64,All Origins,4,22,neo_lung,total,85.8158578879176,666,nvss,Deaths,age-adjusted rate
1992,A,White,65,74,All Origins,4,22,neo_lung,total,174.600983806251,666,nvss,Deaths,age-adjusted rate
1992,A,White,75,84,All Origins,4,22,neo_lung,total,154.953479889248,666,nvss,Deaths,age-adjusted rate
1992,A,White,85,150,All Origins,4,22,neo_lung,total,38.7299096396485,666,nvss,Deaths,age-adjusted rate
1992,A,White,45,54,All Origins,4,22,resp_copd,total,2.79821371176311,666,nvss,Deaths,age-adjusted rate
1992,A,White,55,64,All Origins,4,22,resp_copd,total,23.5993609191773,666,nvss,Deaths,age-adjusted rate
1992,A,White,65,74,All Origins,4,22,resp_copd,total,76.2624986739948,666,nvss,Deaths,age-adjusted rate
1992,A,White,75,84,All Origins,4,22,resp_copd,total,97.9852887534949,666,nvss,Deaths,age-adjusted rate
1992,A,White,85,150,All Origins,4,22,resp_copd,total,74.6933971621793,666,nvss,Deaths,age-adjusted rate
1992,A,White,25,34,All Origins,4,22,t2_dm,total,1.95234771618833,666,nvss,Deaths,age-adjusted rate
1992,A,White,35,44,All Origins,4,22,t2_dm,total,7.79099613743602,666,nvss,Deaths,age-adjusted rate
1992,A,White,45,54,All Origins,4,22,t2_dm,total,30.7803508293942,666,nvss,Deaths,age-adjusted rate
1992,A,White,55,64,All Origins,4,22,t2_dm,total,19.3085680247815,666,nvss,Deaths,age-adjusted rate
1992,A,White,65,74,All Origins,4,22,t2_dm,total,42.1450650566813,666,nvss,Deaths,age-adjusted rate
1992,A,White,75,84,All Origins,4,22,t2_dm,total,75.1980122991938,666,nvss,Deaths,age-adjusted rate
1992,A,White,85,150,All Origins,4,22,t2_dm,total,41.4963317567663,666,nvss,Deaths,age-adjusted rate
1992,A,White,25,34,All Origins,4,27,all-cause,overall,515.946746960959,666,nvss,Deaths,age-adjusted rate
1992,A,White,35,44,All Origins,4,27,all-cause,overall,403.244551345844,666,nvss,Deaths,age-adjusted rate
1992,A,White,45,54,All Origins,4,27,all-cause,overall,455.38286238021,666,nvss,Deaths,age-adjusted rate
1992,A,White,55,64,All Origins,4,27,all-cause,overall,852.140209250132,666,nvss,Deaths,age-adjusted rate
1992,A,White,65,74,All Origins,4,27,all-cause,overall,1368.60717510946,666,nvss,Deaths,age-adjusted rate
1992,A,White,75,84,All Origins,4,27,all-cause,overall,1769.80776916566,666,nvss,Deaths,age-adjusted rate
1992,A,White,85,150,All Origins,4,27,all-cause,overall,1122.1642722226,666,nvss,Deaths,age-adjusted rate
1992,A,White,45,54,All Origins,4,27,cvd_ihd,total,41.3984420345645,666,nvss,Deaths,age-adjusted rate
1992,A,White,55,64,All Origins,4,27,cvd_ihd,total,76.3110635149372,666,nvss,Deaths,age-adjusted rate
1992,A,White,65,74,All Origins,4,27,cvd_ihd,total,180.580113382498,666,nvss,Deaths,age-adjusted rate
1992,A,White,75,84,All Origins,4,27,cvd_ihd,total,187.191206354061,666,nvss,Deaths,age-adjusted rate
1992,A,White,85,150,All Origins,4,27,cvd_ihd,total,176.520222596814,666,nvss,Deaths,age-adjusted rate
1992,A,White,55,64,All Origins,4,27,cvd_stroke,total,25.4370211716457,666,nvss,Deaths,age-adjusted rate
1992,A,White,65,74,All Origins,4,27,cvd_stroke,total,76.0337319505255,666,nvss,Deaths,age-adjusted rate
1992,A,White,75,84,All Origins,4,27,cvd_stroke,total,25.5260735937355,666,nvss,Deaths,age-adjusted rate
1992,A,White,85,150,All Origins,4,27,cvd_stroke,total,12.6085873283439,666,nvss,Deaths,age-adjusted rate
1992,A,White,55,64,All Origins,4,27,lri,total,12.7185105858229,666,nvss,Deaths,age-adjusted rate
1992,A,White,25,34,All Origins,4,27,ncd_lri,total,218.28516217579,666,nvss,Deaths,age-adjusted rate
1992,A,White,35,44,All Origins,4,27,ncd_lri,total,254.68076927106,666,nvss,Deaths,age-adjusted rate
1992,A,White,45,54,All Origins,4,27,ncd_lri,total,393.285199328363,666,nvss,Deaths,age-adjusted rate
1992,A,White,55,64,All Origins,4,27,ncd_lri,total,813.984677492663,666,nvss,Deaths,age-adjusted rate
1992,A,White,65,74,All Origins,4,27,ncd_lri,total,1273.5650101713,666,nvss,Deaths,age-adjusted rate
1992,A,White,75,84,All Origins,4,27,ncd_lri,total,1642.17740119699,666,nvss,Deaths,age-adjusted rate
1992,A,White,85,150,All Origins,4,27,ncd_lri,total,945.644049625791,666,nvss,Deaths,age-adjusted rate
1992,A,White,45,54,All Origins,4,27,neo_lung,total,41.3984420345645,666,nvss,Deaths,age-adjusted rate
1992,A,White,55,64,All Origins,4,27,neo_lung,total,101.748084686583,666,nvss,Deaths,age-adjusted rate
1992,A,White,65,74,All Origins,4,27,neo_lung,total,180.580113382498,666,nvss,Deaths,age-adjusted rate
1992,A,White,75,84,All Origins,4,27,neo_lung,total,85.0869119791185,666,nvss,Deaths,age-adjusted rate
1992,A,White,85,150,All Origins,4,27,neo_lung,total,18.9128809925158,666,nvss,Deaths,age-adjusted rate
1992,A,White,45,54,All Origins,4,27,resp_copd,total,20.6992210172823,666,nvss,Deaths,age-adjusted rate
1992,A,White,55,64,All Origins,4,27,resp_copd,total,12.7185105858229,666,nvss,Deaths,age-adjusted rate
1992,A,White,65,74,All Origins,4,27,resp_copd,total,66.5295154567098,666,nvss,Deaths,age-adjusted rate
1992,A,White,75,84,All Origins,4,27,resp_copd,total,119.121676770766,666,nvss,Deaths,age-adjusted rate
1992,A,White,85,150,All Origins,4,27,resp_copd,total,25.2171746566878,666,nvss,Deaths,age-adjusted rate
1992,A,White,25,34,All Origins,4,27,t2_dm,total,19.8441056523446,666,nvss,Deaths,age-adjusted rate
1992,A,White,55,64,All Origins,4,27,t2_dm,total,12.7185105858229,666,nvss,Deaths,age-adjusted rate
1992,A,White,65,74,All Origins,4,27,t2_dm,total,9.50421649381568,666,nvss,Deaths,age-adjusted rate
1992,A,White,75,84,All Origins,4,27,t2_dm,total,25.5260735937355,666,nvss,Deaths,age-adjusted rate
1992,A,White,85,150,All Origins,4,27,t2_dm,total,18.9128809925158,666,nvss,Deaths,age-adjusted rate
1992,A,White,25,34,All Origins,4,29,all-cause,overall,74.1323205992059,666,nvss,Deaths,age-adjusted rate
1992,A,White,35,44,All Origins,4,29,all-cause,overall,107.88671734312,666,nvss,Deaths,age-adjusted rate
1992,A,White,45,54,All Origins,4,29,all-cause,overall,221.211193491545,666,nvss,Deaths,age-adjusted rate
1992,A,White,55,64,All Origins,4,29,all-cause,overall,312.34719933079,666,nvss,Deaths,age-adjusted rate
1992,A,White,65,74,All Origins,4,29,all-cause,overall,472.267362462486,666,nvss,Deaths,age-adjusted rate
1992,A,White,75,84,All Origins,4,29,all-cause,overall,732.392115403146,666,nvss,Deaths,age-adjusted rate
1992,A,White,85,150,All Origins,4,29,all-cause,overall,694.033605178324,666,nvss,Deaths,age-adjusted rate
1992,A,White,25,34,All Origins,4,29,cvd_ihd,total,4.36072474112976,666,nvss,Deaths,age-adjusted rate
1992,A,White,35,44,All Origins,4,29,cvd_ihd,total,17.0347448436506,666,nvss,Deaths,age-adjusted rate
1992,A,White,45,54,All Origins,4,29,cvd_ihd,total,13.0124231465615,666,nvss,Deaths,age-adjusted rate
1992,A,White,55,64,All Origins,4,29,cvd_ihd,total,31.234719933079,666,nvss,Deaths,age-adjusted rate
1992,A,White,65,74,All Origins,4,29,cvd_ihd,total,73.9201089071716,666,nvss,Deaths,age-adjusted rate
1992,A,White,75,84,All Origins,4,29,cvd_ihd,total,88.1938149438344,666,nvss,Deaths,age-adjusted rate
1992,A,White,85,150,All Origins,4,29,cvd_ihd,total,112.6441976991,666,nvss,Deaths,age-adjusted rate
1992,A,White,35,44,All Origins,4,29,cvd_stroke,total,5.67824828121687,666,nvss,Deaths,age-adjusted rate
1992,A,White,75,84,All Origins,4,29,cvd_stroke,total,15.3380547728408,666,nvss,Deaths,age-adjusted rate
1992,A,White,85,150,All Origins,4,29,cvd_stroke,total,7.26736759349031,666,nvss,Deaths,age-adjusted rate
1992,A,White,25,34,All Origins,4,29,ncd_lri,total,56.6894216346868,666,nvss,Deaths,age-adjusted rate
1992,A,White,35,44,All Origins,4,29,ncd_lri,total,73.8172276558192,666,nvss,Deaths,age-adjusted rate
1992,A,White,45,54,All Origins,4,29,ncd_lri,total,188.680135625141,666,nvss,Deaths,age-adjusted rate
1992,A,White,55,64,All Origins,4,29,ncd_lri,total,291.524052708737,666,nvss,Deaths,age-adjusted rate
1992,A,White,65,74,All Origins,4,29,ncd_lri,total,459.94734431129,666,nvss,Deaths,age-adjusted rate
1992,A,White,75,84,All Origins,4,29,ncd_lri,total,655.701841538943,666,nvss,Deaths,age-adjusted rate
1992,A,White,85,150,All Origins,4,29,ncd_lri,total,621.359929243421,666,nvss,Deaths,age-adjusted rate
1992,A,White,35,44,All Origins,4,29,neo_lung,total,5.67824828121687,666,nvss,Deaths,age-adjusted rate
1992,A,White,45,54,All Origins,4,29,neo_lung,total,19.5186347198422,666,nvss,Deaths,age-adjusted rate
1992,A,White,55,64,All Origins,4,29,neo_lung,total,72.8810131771843,666,nvss,Deaths,age-adjusted rate
1992,A,White,65,74,All Origins,4,29,neo_lung,total,45.173399887716,666,nvss,Deaths,age-adjusted rate
1992,A,White,75,84,All Origins,4,29,neo_lung,total,46.0141643185223,666,nvss,Deaths,age-adjusted rate
1992,A,White,85,150,All Origins,4,29,neo_lung,total,3.63368379674515,666,nvss,Deaths,age-adjusted rate
1992,A,White,25,34,All Origins,4,29,resp_copd,total,4.36072474112976,666,nvss,Deaths,age-adjusted rate
1992,A,White,35,44,All Origins,4,29,resp_copd,total,5.67824828121687,666,nvss,Deaths,age-adjusted rate
1992,A,White,45,54,All Origins,4,29,resp_copd,total,6.50621157328073,666,nvss,Deaths,age-adjusted rate
1992,A,White,55,64,All Origins,4,29,resp_copd,total,10.4115733110263,666,nvss,Deaths,age-adjusted rate
1992,A,White,65,74,All Origins,4,29,resp_copd,total,28.7467090194556,666,nvss,Deaths,age-adjusted rate
1992,A,White,75,84,All Origins,4,29,resp_copd,total,46.0141643185223,666,nvss,Deaths,age-adjusted rate
1992,A,White,85,150,All Origins,4,29,resp_copd,total,14.5347351869806,666,nvss,Deaths,age-adjusted rate
1992,A,White,45,54,All Origins,4,29,t2_dm,total,13.0124231465615,666,nvss,Deaths,age-adjusted rate
1992,A,White,55,64,All Origins,4,29,t2_dm,total,15.6173599665395,666,nvss,Deaths,age-adjusted rate
1992,A,White,65,74,All Origins,4,29,t2_dm,total,16.4266908682604,666,nvss,Deaths,age-adjusted rate
1992,A,White,75,84,All Origins,4,29,t2_dm,total,23.0070821592611,666,nvss,Deaths,age-adjusted rate
1992,A,White,85,150,All Origins,4,29,t2_dm,total,25.4357865772161,666,nvss,Deaths,age-adjusted rate
1992,A,White,25,34,All Origins,4,46,all-cause,overall,323.567860833231,666,nvss,Deaths,age-adjusted rate
1992,A,White,35,44,All Origins,4,46,all-cause,overall,622.972703803035,666,nvss,Deaths,age-adjusted rate
1992,A,White,45,54,All Origins,4,46,all-cause,overall,925.780101688621,666,nvss,Deaths,age-adjusted rate
1992,A,White,55,64,All Origins,4,46,all-cause,overall,1379.97111891082,666,nvss,Deaths,age-adjusted rate
1992,A,White,65,74,All Origins,4,46,all-cause,overall,1672.00247186089,666,nvss,Deaths,age-adjusted rate
1992,A,White,75,84,All Origins,4,46,all-cause,overall,2036.11491414459,666,nvss,Deaths,age-adjusted rate
1992,A,White,85,150,All Origins,4,46,all-cause,overall,1539.263482921,666,nvss,Deaths,age-adjusted rate
1992,A,White,45,54,All Origins,4,46,cvd_ihd,total,20.572891148636,666,nvss,Deaths,age-adjusted rate
1992,A,White,55,64,All Origins,4,46,cvd_ihd,total,136.753894666838,666,nvss,Deaths,age-adjusted rate
1992,A,White,65,74,All Origins,4,46,cvd_ihd,total,158.400234176295,666,nvss,Deaths,age-adjusted rate
1992,A,White,75,84,All Origins,4,46,cvd_ihd,total,239.089251282129,666,nvss,Deaths,age-adjusted rate
1992,A,White,85,150,All Origins,4,46,cvd_ihd,total,334.902515112518,666,nvss,Deaths,age-adjusted rate
1992,A,White,25,34,All Origins,4,46,cvd_stroke,total,14.7076300378741,666,nvss,Deaths,age-adjusted rate
1992,A,White,45,54,All Origins,4,46,cvd_stroke,total,20.572891148636,666,nvss,Deaths,age-adjusted rate
1992,A,White,55,64,All Origins,4,46,cvd_stroke,total,49.7286889697594,666,nvss,Deaths,age-adjusted rate
1992,A,White,65,74,All Origins,4,46,cvd_stroke,total,17.6000260195884,666,nvss,Deaths,age-adjusted rate
1992,A,White,75,84,All Origins,4,46,cvd_stroke,total,23.1376694789158,666,nvss,Deaths,age-adjusted rate
1992,A,White,85,150,All Origins,4,46,cvd_stroke,total,6.44043298293305,666,nvss,Deaths,age-adjusted rate
1992,A,White,85,150,All Origins,4,46,lri,total,6.44043298293305,666,nvss,Deaths,age-adjusted rate
1992,A,White,25,34,All Origins,4,46,ncd_lri,total,132.368670340867,666,nvss,Deaths,age-adjusted rate
1992,A,White,35,44,All Origins,4,46,ncd_lri,total,391.582842390479,666,nvss,Deaths,age-adjusted rate
1992,A,White,45,54,All Origins,4,46,ncd_lri,total,864.061428242713,666,nvss,Deaths,age-adjusted rate
1992,A,White,55,64,All Origins,4,46,ncd_lri,total,1280.5137409713,666,nvss,Deaths,age-adjusted rate
1992,A,White,65,74,All Origins,4,46,ncd_lri,total,1601.60236778254,666,nvss,Deaths,age-adjusted rate
1992,A,White,75,84,All Origins,4,46,ncd_lri,total,1881.86378428515,666,nvss,Deaths,age-adjusted rate
1992,A,White,85,150,All Origins,4,46,ncd_lri,total,1326.72919448421,666,nvss,Deaths,age-adjusted rate
1992,A,White,35,44,All Origins,4,46,neo_lung,total,17.7992201086581,666,nvss,Deaths,age-adjusted rate
1992,A,White,45,54,All Origins,4,46,neo_lung,total,123.437346891816,666,nvss,Deaths,age-adjusted rate
1992,A,White,55,64,All Origins,4,46,neo_lung,total,186.482583636598,666,nvss,Deaths,age-adjusted rate
1992,A,White,65,74,All Origins,4,46,neo_lung,total,184.800273205678,666,nvss,Deaths,age-adjusted rate
1992,A,White,75,84,All Origins,4,46,neo_lung,total,131.113460380523,666,nvss,Deaths,age-adjusted rate
1992,A,White,85,150,All Origins,4,46,neo_lung,total,32.2021649146652,666,nvss,Deaths,age-adjusted rate
1992,A,White,35,44,All Origins,4,46,resp_copd,total,17.7992201086581,666,nvss,Deaths,age-adjusted rate
1992,A,White,45,54,All Origins,4,46,resp_copd,total,61.7186734459081,666,nvss,Deaths,age-adjusted rate
1992,A,White,55,64,All Origins,4,46,resp_copd,total,37.2965167273195,666,nvss,Deaths,age-adjusted rate
1992,A,White,65,74,All Origins,4,46,resp_copd,total,176.000260195884,666,nvss,Deaths,age-adjusted rate
1992,A,White,75,84,All Origins,4,46,resp_copd,total,123.400903887551,666,nvss,Deaths,age-adjusted rate
1992,A,White,85,150,All Origins,4,46,resp_copd,total,45.0830308805313,666,nvss,Deaths,age-adjusted rate
1992,A,White,35,44,All Origins,4,46,t2_dm,total,17.7992201086581,666,nvss,Deaths,age-adjusted rate
1992,A,White,45,54,All Origins,4,46,t2_dm,total,20.572891148636,666,nvss,Deaths,age-adjusted rate
1992,A,White,55,64,All Origins,4,46,t2_dm,total,37.2965167273195,666,nvss,Deaths,age-adjusted rate
1992,A,White,65,74,All Origins,4,46,t2_dm,total,52.8000780587651,666,nvss,Deaths,age-adjusted rate
1992,A,White,75,84,All Origins,4,46,t2_dm,total,53.9878954508034,666,nvss,Deaths,age-adjusted rate
1992,A,White,85,150,All Origins,4,46,t2_dm,total,6.44043298293305,666,nvss,Deaths,age-adjusted rate
1992,A,White,25,34,All Origins,4,48,all-cause,overall,7807.98037483066,666,nvss,Deaths,age-adjusted rate
1992,A,White,35,44,All Origins,4,48,all-cause,overall,9846.05024046247,666,nvss,Deaths,age-adjusted rate
1992,A,White,45,54,All Origins,4,48,all-cause,overall,14798.9335181959,666,nvss,Deaths,age-adjusted rate
1992,A,White,55,64,All Origins,4,48,all-cause,overall,19623.9623992846,666,nvss,Deaths,age-adjusted rate
1992,A,White,65,74,All Origins,4,48,all-cause,overall,31214.8649383086,666,nvss,Deaths,age-adjusted rate
1992,A,White,75,84,All Origins,4,48,all-cause,overall,37124.4759641773,666,nvss,Deaths,age-adjusted rate
1992,A,White,85,150,All Origins,4,48,all-cause,overall,44275.9889758788,666,nvss,Deaths,age-adjusted rate
1992,A,White,35,44,All Origins,4,48,cvd_ihd,total,230.766802510839,666,nvss,Deaths,age-adjusted rate
1992,A,White,45,54,All Origins,4,48,cvd_ihd,total,929.401621915682,666,nvss,Deaths,age-adjusted rate
1992,A,White,55,64,All Origins,4,48,cvd_ihd,total,1223.55640858849,666,nvss,Deaths,age-adjusted rate
1992,A,White,65,74,All Origins,4,48,cvd_ihd,total,2937.86964125258,666,nvss,Deaths,age-adjusted rate
1992,A,White,75,84,All Origins,4,48,cvd_ihd,total,5398.11737926931,666,nvss,Deaths,age-adjusted rate
1992,A,White,85,150,All Origins,4,48,cvd_ihd,total,6509.76702780488,666,nvss,Deaths,age-adjusted rate
1992,A,White,35,44,All Origins,4,48,cvd_stroke,total,230.766802510839,666,nvss,Deaths,age-adjusted rate
1992,A,White,45,54,All Origins,4,48,cvd_stroke,total,142.984864910105,666,nvss,Deaths,age-adjusted rate
1992,A,White,55,64,All Origins,4,48,cvd_stroke,total,47.0598618687881,666,nvss,Deaths,age-adjusted rate
1992,A,White,65,74,All Origins,4,48,cvd_stroke,total,166.924411434805,666,nvss,Deaths,age-adjusted rate
1992,A,White,75,84,All Origins,4,48,cvd_stroke,total,430.524698960129,666,nvss,Deaths,age-adjusted rate
1992,A,White,85,150,All Origins,4,48,cvd_stroke,total,813.72087847561,666,nvss,Deaths,age-adjusted rate
1992,A,White,65,74,All Origins,4,48,lri,total,33.3848822869611,666,nvss,Deaths,age-adjusted rate
1992,A,White,25,34,All Origins,4,48,ncd_lri,total,2839.26559084751,666,nvss,Deaths,age-adjusted rate
1992,A,White,35,44,All Origins,4,48,ncd_lri,total,6538.39273780711,666,nvss,Deaths,age-adjusted rate
1992,A,White,45,54,All Origins,4,48,ncd_lri,total,12296.698382269,666,nvss,Deaths,age-adjusted rate
1992,A,White,55,64,All Origins,4,48,ncd_lri,total,17929.8073720083,666,nvss,Deaths,age-adjusted rate
1992,A,White,65,74,All Origins,4,48,ncd_lri,total,29245.1568833779,666,nvss,Deaths,age-adjusted rate
1992,A,White,75,84,All Origins,4,48,ncd_lri,total,34210.1549250626,666,nvss,Deaths,age-adjusted rate
1992,A,White,85,150,All Origins,4,48,ncd_lri,total,38723.5406286335,666,nvss,Deaths,age-adjusted rate
1992,A,White,35,44,All Origins,4,48,neo_lung,total,307.689070014452,666,nvss,Deaths,age-adjusted rate
1992,A,White,45,54,All Origins,4,48,neo_lung,total,1572.83351401115,666,nvss,Deaths,age-adjusted rate
1992,A,White,55,64,All Origins,4,48,neo_lung,total,2682.41212652092,666,nvss,Deaths,age-adjusted rate
1992,A,White,65,74,All Origins,4,48,neo_lung,total,3739.10681613964,666,nvss,Deaths,age-adjusted rate
1992,A,White,75,84,All Origins,4,48,neo_lung,total,2384.44448654841,666,nvss,Deaths,age-adjusted rate
1992,A,White,85,150,All Origins,4,48,neo_lung,total,717.989010419656,666,nvss,Deaths,age-adjusted rate
1992,A,White,35,44,All Origins,4,48,resp_copd,total,76.922267503613,666,nvss,Deaths,age-adjusted rate
1992,A,White,45,54,All Origins,4,48,resp_copd,total,571.93945964042,666,nvss,Deaths,age-adjusted rate
1992,A,White,55,64,All Origins,4,48,resp_copd,total,1458.85571793243,666,nvss,Deaths,age-adjusted rate
1992,A,White,65,74,All Origins,4,48,resp_copd,total,2069.86270179159,666,nvss,Deaths,age-adjusted rate
1992,A,White,75,84,All Origins,4,48,resp_copd,total,2848.08647004393,666,nvss,Deaths,age-adjusted rate
1992,A,White,85,150,All Origins,4,48,resp_copd,total,1435.97802083931,666,nvss,Deaths,age-adjusted rate
1992,A,White,25,34,All Origins,4,48,t2_dm,total,88.7270497139848,666,nvss,Deaths,age-adjusted rate
1992,A,White,35,44,All Origins,4,48,t2_dm,total,153.844535007226,666,nvss,Deaths,age-adjusted rate
1992,A,White,45,54,All Origins,4,48,t2_dm,total,643.431892095472,666,nvss,Deaths,age-adjusted rate
1992,A,White,55,64,All Origins,4,48,t2_dm,total,894.137375506973,666,nvss,Deaths,age-adjusted rate
1992,A,White,65,74,All Origins,4,48,t2_dm,total,1001.54646860883,666,nvss,Deaths,age-adjusted rate
1992,A,White,75,84,All Origins,4,48,t2_dm,total,993.518536061836,666,nvss,Deaths,age-adjusted rate
1992,A,White,85,150,All Origins,4,48,t2_dm,total,574.391208335725,666,nvss,Deaths,age-adjusted rate
1992,A,White,25,34,All Origins,4,54,all-cause,overall,45.3374793419891,666,nvss,Deaths,age-adjusted rate
1992,A,White,35,44,All Origins,4,54,all-cause,overall,85.3504907853755,666,nvss,Deaths,age-adjusted rate
1992,A,White,45,54,All Origins,4,54,all-cause,overall,209.755621150569,666,nvss,Deaths,age-adjusted rate
1992,A,White,55,64,All Origins,4,54,all-cause,overall,322.716513294617,666,nvss,Deaths,age-adjusted rate
1992,A,White,65,74,All Origins,4,54,all-cause,overall,593.173948081187,666,nvss,Deaths,age-adjusted rate
1992,A,White,75,84,All Origins,4,54,all-cause,overall,888.797721810457,666,nvss,Deaths,age-adjusted rate
1992,A,White,85,150,All Origins,4,54,all-cause,overall,891.210977896832,666,nvss,Deaths,age-adjusted rate
1992,A,White,35,44,All Origins,4,54,cvd_ihd,total,2.79837674706149,666,nvss,Deaths,age-adjusted rate
1992,A,White,45,54,All Origins,4,54,cvd_ihd,total,7.94528867994581,666,nvss,Deaths,age-adjusted rate
1992,A,White,55,64,All Origins,4,54,cvd_ihd,total,11.3013564966986,666,nvss,Deaths,age-adjusted rate
1992,A,White,65,74,All Origins,4,54,cvd_ihd,total,66.3028764322285,666,nvss,Deaths,age-adjusted rate
1992,A,White,75,84,All Origins,4,54,cvd_ihd,total,76.6459063584474,666,nvss,Deaths,age-adjusted rate
1992,A,White,85,150,All Origins,4,54,cvd_ihd,total,121.189777329067,666,nvss,Deaths,age-adjusted rate
1992,A,White,35,44,All Origins,4,54,cvd_stroke,total,1.39918837353075,666,nvss,Deaths,age-adjusted rate
1992,A,White,45,54,All Origins,4,54,cvd_stroke,total,1.58905773598916,666,nvss,Deaths,age-adjusted rate
1992,A,White,55,64,All Origins,4,54,cvd_stroke,total,3.76711883223288,666,nvss,Deaths,age-adjusted rate
1992,A,White,65,74,All Origins,4,54,cvd_stroke,total,8.28785955402856,666,nvss,Deaths,age-adjusted rate
1992,A,White,75,84,All Origins,4,54,cvd_stroke,total,13.265637638962,666,nvss,Deaths,age-adjusted rate
1992,A,White,85,150,All Origins,4,54,cvd_stroke,total,13.0512067892842,666,nvss,Deaths,age-adjusted rate
1992,A,White,25,34,All Origins,4,54,ncd_lri,total,20.4018657038951,666,nvss,Deaths,age-adjusted rate
1992,A,White,35,44,All Origins,4,54,ncd_lri,total,65.7618535559451,666,nvss,Deaths,age-adjusted rate
1992,A,White,45,54,All Origins,4,54,ncd_lri,total,181.152581902764,666,nvss,Deaths,age-adjusted rate
1992,A,White,55,64,All Origins,4,54,ncd_lri,total,301.369506578631,666,nvss,Deaths,age-adjusted rate
1992,A,White,65,74,All Origins,4,54,ncd_lri,total,576.59822897313,666,nvss,Deaths,age-adjusted rate
1992,A,White,75,84,All Origins,4,54,ncd_lri,total,809.203895976685,666,nvss,Deaths,age-adjusted rate
1992,A,White,85,150,All Origins,4,54,ncd_lri,total,771.88565868052,666,nvss,Deaths,age-adjusted rate
1992,A,White,35,44,All Origins,4,54,neo_lung,total,2.79837674706149,666,nvss,Deaths,age-adjusted rate
1992,A,White,45,54,All Origins,4,54,neo_lung,total,22.2468083038483,666,nvss,Deaths,age-adjusted rate
1992,A,White,55,64,All Origins,4,54,neo_lung,total,56.5067824834932,666,nvss,Deaths,age-adjusted rate
1992,A,White,65,74,All Origins,4,54,neo_lung,total,79.3266557314162,666,nvss,Deaths,age-adjusted rate
1992,A,White,75,84,All Origins,4,54,neo_lung,total,69.2761076701351,666,nvss,Deaths,age-adjusted rate
1992,A,White,85,150,All Origins,4,54,neo_lung,total,9.32229056377439,666,nvss,Deaths,age-adjusted rate
1992,A,White,45,54,All Origins,4,54,resp_copd,total,7.94528867994581,666,nvss,Deaths,age-adjusted rate
1992,A,White,55,64,All Origins,4,54,resp_copd,total,17.5798878837535,666,nvss,Deaths,age-adjusted rate
1992,A,White,65,74,All Origins,4,54,resp_copd,total,46.175217515302,666,nvss,Deaths,age-adjusted rate
1992,A,White,75,84,All Origins,4,54,resp_copd,total,45.6927518675359,666,nvss,Deaths,age-adjusted rate
1992,A,White,85,150,All Origins,4,54,resp_copd,total,41.0180784806073,666,nvss,Deaths,age-adjusted rate
1992,A,White,35,44,All Origins,4,54,t2_dm,total,1.39918837353075,666,nvss,Deaths,age-adjusted rate
1992,A,White,45,54,All Origins,4,54,t2_dm,total,7.94528867994581,666,nvss,Deaths,age-adjusted rate
1992,A,White,55,64,All Origins,4,54,t2_dm,total,11.3013564966986,666,nvss,Deaths,age-adjusted rate
1992,A,White,65,74,All Origins,4,54,t2_dm,total,16.5757191080571,666,nvss,Deaths,age-adjusted rate
1992,A,White,75,84,All Origins,4,54,t2_dm,total,25.0573155402616,666,nvss,Deaths,age-adjusted rate
1992,A,White,85,150,All Origins,4,54,t2_dm,total,20.5090392403037,666,nvss,Deaths,age-adjusted rate
1992,A,White,25,34,All Origins,4,55,all-cause,overall,376.703805830011,666,nvss,Deaths,age-adjusted rate
1992,A,White,35,44,All Origins,4,55,all-cause,overall,640.312821873944,666,nvss,Deaths,age-adjusted rate
1992,A,White,45,54,All Origins,4,55,all-cause,overall,1190.09658490494,666,nvss,Deaths,age-adjusted rate
1992,A,White,55,64,All Origins,4,55,all-cause,overall,1900.09427749559,666,nvss,Deaths,age-adjusted rate
1992,A,White,65,74,All Origins,4,55,all-cause,overall,2968.05442043316,666,nvss,Deaths,age-adjusted rate
1992,A,White,75,84,All Origins,4,55,all-cause,overall,4728.70966759594,666,nvss,Deaths,age-adjusted rate
1992,A,White,85,150,All Origins,4,55,all-cause,overall,4372.22350643893,666,nvss,Deaths,age-adjusted rate
1992,A,White,25,34,All Origins,4,55,cvd_ihd,total,3.84391638602052,666,nvss,Deaths,age-adjusted rate
1992,A,White,35,44,All Origins,4,55,cvd_ihd,total,30.0818104236081,666,nvss,Deaths,age-adjusted rate
1992,A,White,45,54,All Origins,4,55,cvd_ihd,total,36.759740074284,666,nvss,Deaths,age-adjusted rate
1992,A,White,55,64,All Origins,4,55,cvd_ihd,total,155.353620172596,666,nvss,Deaths,age-adjusted rate
1992,A,White,65,74,All Origins,4,55,cvd_ihd,total,270.636461848088,666,nvss,Deaths,age-adjusted rate
1992,A,White,75,84,All Origins,4,55,cvd_ihd,total,541.509695736753,666,nvss,Deaths,age-adjusted rate
1992,A,White,85,150,All Origins,4,55,cvd_ihd,total,719.020144746601,666,nvss,Deaths,age-adjusted rate
1992,A,White,35,44,All Origins,4,55,cvd_stroke,total,12.8922044672606,666,nvss,Deaths,age-adjusted rate
1992,A,White,45,54,All Origins,4,55,cvd_stroke,total,4.5949675092855,666,nvss,Deaths,age-adjusted rate
1992,A,White,55,64,All Origins,4,55,cvd_stroke,total,32.8632658057414,666,nvss,Deaths,age-adjusted rate
1992,A,White,65,74,All Origins,4,55,cvd_stroke,total,22.3666497395114,666,nvss,Deaths,age-adjusted rate
1992,A,White,75,84,All Origins,4,55,cvd_stroke,total,61.7511056541911,666,nvss,Deaths,age-adjusted rate
1992,A,White,85,150,All Origins,4,55,cvd_stroke,total,48.4188649661011,666,nvss,Deaths,age-adjusted rate
1992,A,White,45,54,All Origins,4,55,lri,total,4.5949675092855,666,nvss,Deaths,age-adjusted rate
1992,A,White,65,74,All Origins,4,55,lri,total,2.23666497395114,666,nvss,Deaths,age-adjusted rate
1992,A,White,25,34,All Origins,4,55,ncd_lri,total,157.600571826841,666,nvss,Deaths,age-adjusted rate
1992,A,White,35,44,All Origins,4,55,ncd_lri,total,459.821959332296,666,nvss,Deaths,age-adjusted rate
1992,A,White,45,54,All Origins,4,55,ncd_lri,total,1033.86768958924,666,nvss,Deaths,age-adjusted rate
1992,A,White,55,64,All Origins,4,55,ncd_lri,total,1771.62878389133,666,nvss,Deaths,age-adjusted rate
1992,A,White,65,74,All Origins,4,55,ncd_lri,total,2824.90786210029,666,nvss,Deaths,age-adjusted rate
1992,A,White,75,84,All Origins,4,55,ncd_lri,total,4317.82731074306,666,nvss,Deaths,age-adjusted rate
1992,A,White,85,150,All Origins,4,55,ncd_lri,total,3810.56467283216,666,nvss,Deaths,age-adjusted rate
1992,A,White,35,44,All Origins,4,55,neo_lung,total,30.0818104236081,666,nvss,Deaths,age-adjusted rate
1992,A,White,45,54,All Origins,4,55,neo_lung,total,137.849025278565,666,nvss,Deaths,age-adjusted rate
1992,A,White,55,64,All Origins,4,55,neo_lung,total,328.632658057414,666,nvss,Deaths,age-adjusted rate
1992,A,White,65,74,All Origins,4,55,neo_lung,total,353.39306588428,666,nvss,Deaths,age-adjusted rate
1992,A,White,75,84,All Origins,4,55,neo_lung,total,292.130230594827,666,nvss,Deaths,age-adjusted rate
1992,A,White,85,150,All Origins,4,55,neo_lung,total,43.576978469491,666,nvss,Deaths,age-adjusted rate
1992,A,White,45,54,All Origins,4,55,resp_copd,total,4.5949675092855,666,nvss,Deaths,age-adjusted rate
1992,A,White,55,64,All Origins,4,55,resp_copd,total,38.838405043149,666,nvss,Deaths,age-adjusted rate
1992,A,White,65,74,All Origins,4,55,resp_copd,total,147.619888280775,666,nvss,Deaths,age-adjusted rate
1992,A,White,75,84,All Origins,4,55,resp_copd,total,258.87963524257,666,nvss,Deaths,age-adjusted rate
1992,A,White,85,150,All Origins,4,55,resp_copd,total,152.519424643218,666,nvss,Deaths,age-adjusted rate
1992,A,White,25,34,All Origins,4,55,t2_dm,total,11.5317491580616,666,nvss,Deaths,age-adjusted rate
1992,A,White,35,44,All Origins,4,55,t2_dm,total,12.8922044672606,666,nvss,Deaths,age-adjusted rate
1992,A,White,45,54,All Origins,4,55,t2_dm,total,50.5446426021405,666,nvss,Deaths,age-adjusted rate
1992,A,White,55,64,All Origins,4,55,t2_dm,total,41.8259746618527,666,nvss,Deaths,age-adjusted rate
1992,A,White,65,74,All Origins,4,55,t2_dm,total,87.2299339840945,666,nvss,Deaths,age-adjusted rate
1992,A,White,75,84,All Origins,4,55,t2_dm,total,116.377083732899,666,nvss,Deaths,age-adjusted rate
1992,A,White,85,150,All Origins,4,55,t2_dm,total,96.8377299322022,666,nvss,Deaths,age-adjusted rate
1992,A,White,25,34,All Origins,5,17,all-cause,overall,180.854263343148,666,nvss,Deaths,age-adjusted rate
1992,A,White,35,44,All Origins,5,17,all-cause,overall,540.460228980863,666,nvss,Deaths,age-adjusted rate
1992,A,White,45,54,All Origins,5,17,all-cause,overall,1202.12912302317,666,nvss,Deaths,age-adjusted rate
1992,A,White,55,64,All Origins,5,17,all-cause,overall,2122.17283482654,666,nvss,Deaths,age-adjusted rate
1992,A,White,65,74,All Origins,5,17,all-cause,overall,3372.61818901254,666,nvss,Deaths,age-adjusted rate
1992,A,White,75,84,All Origins,5,17,all-cause,overall,4892.67036298223,666,nvss,Deaths,age-adjusted rate
1992,A,White,85,150,All Origins,5,17,all-cause,overall,3560.20819417168,666,nvss,Deaths,age-adjusted rate
1992,A,White,35,44,All Origins,5,17,cvd_ihd,total,64.8552274777035,666,nvss,Deaths,age-adjusted rate
1992,A,White,45,54,All Origins,5,17,cvd_ihd,total,73.5997422259086,666,nvss,Deaths,age-adjusted rate
1992,A,White,55,64,All Origins,5,17,cvd_ihd,total,92.2683841228932,666,nvss,Deaths,age-adjusted rate
1992,A,White,65,74,All Origins,5,17,cvd_ihd,total,382.607945812346,666,nvss,Deaths,age-adjusted rate
1992,A,White,75,84,All Origins,5,17,cvd_ihd,total,780.745270688654,666,nvss,Deaths,age-adjusted rate
1992,A,White,85,150,All Origins,5,17,cvd_ihd,total,845.153280515532,666,nvss,Deaths,age-adjusted rate
1992,A,White,55,64,All Origins,5,17,cvd_stroke,total,18.4536768245786,666,nvss,Deaths,age-adjusted rate
1992,A,White,65,74,All Origins,5,17,cvd_stroke,total,14.1706646597165,666,nvss,Deaths,age-adjusted rate
1992,A,White,75,84,All Origins,5,17,cvd_stroke,total,65.0621058907211,666,nvss,Deaths,age-adjusted rate
1992,A,White,85,150,All Origins,5,17,cvd_stroke,total,42.2576640257766,666,nvss,Deaths,age-adjusted rate
1992,A,White,45,54,All Origins,5,17,lri,total,24.5332474086362,666,nvss,Deaths,age-adjusted rate
1992,A,White,25,34,All Origins,5,17,ncd_lri,total,32.8825933351178,666,nvss,Deaths,age-adjusted rate
1992,A,White,35,44,All Origins,5,17,ncd_lri,total,324.276137388518,666,nvss,Deaths,age-adjusted rate
1992,A,White,45,54,All Origins,5,17,ncd_lri,total,1103.99613338863,666,nvss,Deaths,age-adjusted rate
1992,A,White,55,64,All Origins,5,17,ncd_lri,total,1992.99709705449,666,nvss,Deaths,age-adjusted rate
1992,A,White,65,74,All Origins,5,17,ncd_lri,total,3202.57021309594,666,nvss,Deaths,age-adjusted rate
1992,A,White,75,84,All Origins,5,17,ncd_lri,total,4489.28530645976,666,nvss,Deaths,age-adjusted rate
1992,A,White,85,150,All Origins,5,17,ncd_lri,total,3074.24505787525,666,nvss,Deaths,age-adjusted rate
1992,A,White,35,44,All Origins,5,17,neo_lung,total,21.6184091592345,666,nvss,Deaths,age-adjusted rate
1992,A,White,45,54,All Origins,5,17,neo_lung,total,245.332474086362,666,nvss,Deaths,age-adjusted rate
1992,A,White,55,64,All Origins,5,17,neo_lung,total,516.702951088202,666,nvss,Deaths,age-adjusted rate
1992,A,White,65,74,All Origins,5,17,neo_lung,total,340.095951833197,666,nvss,Deaths,age-adjusted rate
1992,A,White,75,84,All Origins,5,17,neo_lung,total,325.310529453606,666,nvss,Deaths,age-adjusted rate
1992,A,White,85,150,All Origins,5,17,neo_lung,total,126.77299207733,666,nvss,Deaths,age-adjusted rate
1992,A,White,55,64,All Origins,5,17,resp_copd,total,73.8147072983145,666,nvss,Deaths,age-adjusted rate
1992,A,White,65,74,All Origins,5,17,resp_copd,total,155.877311256882,666,nvss,Deaths,age-adjusted rate
1992,A,White,75,84,All Origins,5,17,resp_copd,total,156.149054137731,666,nvss,Deaths,age-adjusted rate
1992,A,White,85,150,All Origins,5,17,resp_copd,total,63.3864960386649,666,nvss,Deaths,age-adjusted rate
1992,A,White,35,44,All Origins,5,17,t2_dm,total,21.6184091592345,666,nvss,Deaths,age-adjusted rate
1992,A,White,55,64,All Origins,5,17,t2_dm,total,92.2683841228932,666,nvss,Deaths,age-adjusted rate
1992,A,White,65,74,All Origins,5,17,t2_dm,total,85.0239879582992,666,nvss,Deaths,age-adjusted rate
1992,A,White,75,84,All Origins,5,17,t2_dm,total,156.149054137731,666,nvss,Deaths,age-adjusted rate
1992,A,White,85,150,All Origins,5,17,t2_dm,total,73.950912045109,666,nvss,Deaths,age-adjusted rate
1992,A,White,25,34,All Origins,5,36,all-cause,overall,48.8575633800342,666,nvss,Deaths,age-adjusted rate
1992,A,White,35,44,All Origins,5,36,all-cause,overall,65.5036709378739,666,nvss,Deaths,age-adjusted rate
1992,A,White,45,54,All Origins,5,36,all-cause,overall,132.033616259393,666,nvss,Deaths,age-adjusted rate
1992,A,White,55,64,All Origins,5,36,all-cause,overall,298.727092108605,666,nvss,Deaths,age-adjusted rate
1992,A,White,65,74,All Origins,5,36,all-cause,overall,572.015593288733,666,nvss,Deaths,age-adjusted rate
1992,A,White,75,84,All Origins,5,36,all-cause,overall,860.778484860797,666,nvss,Deaths,age-adjusted rate
1992,A,White,85,150,All Origins,5,36,all-cause,overall,781.633232219942,666,nvss,Deaths,age-adjusted rate
1992,A,White,35,44,All Origins,5,36,cvd_ihd,total,2.78739025267549,666,nvss,Deaths,age-adjusted rate
1992,A,White,45,54,All Origins,5,36,cvd_ihd,total,9.43097258995667,666,nvss,Deaths,age-adjusted rate
1992,A,White,55,64,All Origins,5,36,cvd_ihd,total,29.7582543862978,666,nvss,Deaths,age-adjusted rate
1992,A,White,65,74,All Origins,5,36,cvd_ihd,total,55.0978242222072,666,nvss,Deaths,age-adjusted rate
1992,A,White,75,84,All Origins,5,36,cvd_ihd,total,115.715077525868,666,nvss,Deaths,age-adjusted rate
1992,A,White,85,150,All Origins,5,36,cvd_ihd,total,167.066645054644,666,nvss,Deaths,age-adjusted rate
1992,A,White,35,44,All Origins,5,36,cvd_stroke,total,2.78739025267549,666,nvss,Deaths,age-adjusted rate
1992,A,White,45,54,All Origins,5,36,cvd_stroke,total,3.14365752998556,666,nvss,Deaths,age-adjusted rate
1992,A,White,55,64,All Origins,5,36,cvd_stroke,total,1.14454824562684,666,nvss,Deaths,age-adjusted rate
1992,A,White,65,74,All Origins,5,36,cvd_stroke,total,6.01067173333169,666,nvss,Deaths,age-adjusted rate
1992,A,White,75,84,All Origins,5,36,cvd_stroke,total,12.9884270692301,666,nvss,Deaths,age-adjusted rate
1992,A,White,85,150,All Origins,5,36,cvd_stroke,total,14.3199981475409,666,nvss,Deaths,age-adjusted rate
1992,A,White,25,34,All Origins,5,36,ncd_lri,total,21.9859035210154,666,nvss,Deaths,age-adjusted rate
1992,A,White,35,44,All Origins,5,36,ncd_lri,total,48.779329421821,666,nvss,Deaths,age-adjusted rate
1992,A,White,45,54,All Origins,5,36,ncd_lri,total,119.458986139451,666,nvss,Deaths,age-adjusted rate
1992,A,White,55,64,All Origins,5,36,ncd_lri,total,273.547030704815,666,nvss,Deaths,age-adjusted rate
1992,A,White,65,74,All Origins,5,36,ncd_lri,total,540.960455999853,666,nvss,Deaths,age-adjusted rate
1992,A,White,75,84,All Origins,5,36,ncd_lri,total,800.559413903457,666,nvss,Deaths,age-adjusted rate
1992,A,White,85,150,All Origins,5,36,ncd_lri,total,694.519910155735,666,nvss,Deaths,age-adjusted rate
1992,A,White,35,44,All Origins,5,36,neo_lung,total,1.39369512633774,666,nvss,Deaths,age-adjusted rate
1992,A,White,45,54,All Origins,5,36,neo_lung,total,22.0056027098989,666,nvss,Deaths,age-adjusted rate
1992,A,White,55,64,All Origins,5,36,neo_lung,total,46.9264780707005,666,nvss,Deaths,age-adjusted rate
1992,A,White,65,74,All Origins,5,36,neo_lung,total,62.1102745777608,666,nvss,Deaths,age-adjusted rate
1992,A,White,75,84,All Origins,5,36,neo_lung,total,27.157620235663,666,nvss,Deaths,age-adjusted rate
1992,A,White,85,150,All Origins,5,36,neo_lung,total,11.9333317896174,666,nvss,Deaths,age-adjusted rate
1992,A,White,45,54,All Origins,5,36,resp_copd,total,9.43097258995667,666,nvss,Deaths,age-adjusted rate
1992,A,White,55,64,All Origins,5,36,resp_copd,total,13.7345789475221,666,nvss,Deaths,age-adjusted rate
1992,A,White,65,74,All Origins,5,36,resp_copd,total,43.0764807555438,666,nvss,Deaths,age-adjusted rate
1992,A,White,75,84,All Origins,5,36,resp_copd,total,51.9537082769205,666,nvss,Deaths,age-adjusted rate
1992,A,White,85,150,All Origins,5,36,resp_copd,total,31.0266626530053,666,nvss,Deaths,age-adjusted rate
1992,A,White,35,44,All Origins,5,36,t2_dm,total,2.78739025267549,666,nvss,Deaths,age-adjusted rate
1992,A,White,45,54,All Origins,5,36,t2_dm,total,4.71548629497833,666,nvss,Deaths,age-adjusted rate
1992,A,White,55,64,All Origins,5,36,t2_dm,total,5.7227412281342,666,nvss,Deaths,age-adjusted rate
1992,A,White,65,74,All Origins,5,36,t2_dm,total,14.0249007111073,666,nvss,Deaths,age-adjusted rate
1992,A,White,75,84,All Origins,5,36,t2_dm,total,17.7114914580411,666,nvss,Deaths,age-adjusted rate
1992,A,White,85,150,All Origins,5,36,t2_dm,total,8.35333225273221,666,nvss,Deaths,age-adjusted rate
1992,A,White,25,34,All Origins,5,37,all-cause,overall,24.7932210271787,666,nvss,Deaths,age-adjusted rate
1992,A,White,35,44,All Origins,5,37,all-cause,overall,29.2708891857645,666,nvss,Deaths,age-adjusted rate
1992,A,White,45,54,All Origins,5,37,all-cause,overall,65.7467927737217,666,nvss,Deaths,age-adjusted rate
1992,A,White,55,64,All Origins,5,37,all-cause,overall,89.6005815066423,666,nvss,Deaths,age-adjusted rate
1992,A,White,65,74,All Origins,5,37,all-cause,overall,141.458996374483,666,nvss,Deaths,age-adjusted rate
1992,A,White,75,84,All Origins,5,37,all-cause,overall,180.462767318376,666,nvss,Deaths,age-adjusted rate
1992,A,White,85,150,All Origins,5,37,all-cause,overall,154.702037517376,666,nvss,Deaths,age-adjusted rate
1992,A,White,25,34,All Origins,5,37,cvd_ihd,total,1.90717084824452,666,nvss,Deaths,age-adjusted rate
1992,A,White,35,44,All Origins,5,37,cvd_ihd,total,2.09077779898318,666,nvss,Deaths,age-adjusted rate
1992,A,White,45,54,All Origins,5,37,cvd_ihd,total,1.99232705374914,666,nvss,Deaths,age-adjusted rate
1992,A,White,55,64,All Origins,5,37,cvd_ihd,total,4.40658597573651,666,nvss,Deaths,age-adjusted rate
1992,A,White,65,74,All Origins,5,37,cvd_ihd,total,8.08337122139902,666,nvss,Deaths,age-adjusted rate
1992,A,White,75,84,All Origins,5,37,cvd_ihd,total,25.3281076938072,666,nvss,Deaths,age-adjusted rate
1992,A,White,85,150,All Origins,5,37,cvd_ihd,total,30.2291337677631,666,nvss,Deaths,age-adjusted rate
1992,A,White,65,74,All Origins,5,37,cvd_stroke,total,1.34722853689984,666,nvss,Deaths,age-adjusted rate
1992,A,White,25,34,All Origins,5,37,ncd_lri,total,9.53585424122258,666,nvss,Deaths,age-adjusted rate
1992,A,White,35,44,All Origins,5,37,ncd_lri,total,20.9077779898318,666,nvss,Deaths,age-adjusted rate
1992,A,White,45,54,All Origins,5,37,ncd_lri,total,55.785157504976,666,nvss,Deaths,age-adjusted rate
1992,A,White,55,64,All Origins,5,37,ncd_lri,total,83.7251335389937,666,nvss,Deaths,age-adjusted rate
1992,A,White,65,74,All Origins,5,37,ncd_lri,total,130.681168079284,666,nvss,Deaths,age-adjusted rate
1992,A,White,75,84,All Origins,5,37,ncd_lri,total,166.21570674061,666,nvss,Deaths,age-adjusted rate
1992,A,White,85,150,All Origins,5,37,ncd_lri,total,135.142009785294,666,nvss,Deaths,age-adjusted rate
1992,A,White,35,44,All Origins,5,37,neo_lung,total,2.09077779898318,666,nvss,Deaths,age-adjusted rate
1992,A,White,45,54,All Origins,5,37,neo_lung,total,5.97698116124743,666,nvss,Deaths,age-adjusted rate
1992,A,White,55,64,All Origins,5,37,neo_lung,total,11.7508959352974,666,nvss,Deaths,age-adjusted rate
1992,A,White,65,74,All Origins,5,37,neo_lung,total,10.7778282951987,666,nvss,Deaths,age-adjusted rate
1992,A,White,75,84,All Origins,5,37,neo_lung,total,6.33202692345181,666,nvss,Deaths,age-adjusted rate
1992,A,White,85,150,All Origins,5,37,neo_lung,total,1.77818433928018,666,nvss,Deaths,age-adjusted rate
1992,A,White,45,54,All Origins,5,37,resp_copd,total,1.99232705374914,666,nvss,Deaths,age-adjusted rate
1992,A,White,55,64,All Origins,5,37,resp_copd,total,2.93772398382434,666,nvss,Deaths,age-adjusted rate
1992,A,White,65,74,All Origins,5,37,resp_copd,total,8.08337122139902,666,nvss,Deaths,age-adjusted rate
1992,A,White,75,84,All Origins,5,37,resp_copd,total,12.6640538469036,666,nvss,Deaths,age-adjusted rate
1992,A,White,85,150,All Origins,5,37,resp_copd,total,5.33455301784054,666,nvss,Deaths,age-adjusted rate
1992,A,White,35,44,All Origins,5,37,t2_dm,total,2.09077779898318,666,nvss,Deaths,age-adjusted rate
1992,A,White,45,54,All Origins,5,37,t2_dm,total,1.99232705374914,666,nvss,Deaths,age-adjusted rate
1992,A,White,55,64,All Origins,5,37,t2_dm,total,2.93772398382434,666,nvss,Deaths,age-adjusted rate
1992,A,White,65,74,All Origins,5,37,t2_dm,total,4.04168561069951,666,nvss,Deaths,age-adjusted rate
1992,A,White,75,84,All Origins,5,37,t2_dm,total,1.58300673086295,666,nvss,Deaths,age-adjusted rate
1992,A,White,25,34,All Origins,5,39,all-cause,overall,69.3248458767114,666,nvss,Deaths,age-adjusted rate
1992,A,White,35,44,All Origins,5,39,all-cause,overall,134.122270038727,666,nvss,Deaths,age-adjusted rate
1992,A,White,45,54,All Origins,5,39,all-cause,overall,231.718064224007,666,nvss,Deaths,age-adjusted rate
1992,A,White,55,64,All Origins,5,39,all-cause,overall,450.15137835659,666,nvss,Deaths,age-adjusted rate
1992,A,White,65,74,All Origins,5,39,all-cause,overall,894.615792767055,666,nvss,Deaths,age-adjusted rate
1992,A,White,75,84,All Origins,5,39,all-cause,overall,1242.99530223285,666,nvss,Deaths,age-adjusted rate
1992,A,White,85,150,All Origins,5,39,all-cause,overall,937.109715064658,666,nvss,Deaths,age-adjusted rate
1992,A,White,35,44,All Origins,5,39,cvd_ihd,total,14.370243218435,666,nvss,Deaths,age-adjusted rate
1992,A,White,45,54,All Origins,5,39,cvd_ihd,total,20.1493968890441,666,nvss,Deaths,age-adjusted rate
1992,A,White,55,64,All Origins,5,39,cvd_ihd,total,36.1728786179403,666,nvss,Deaths,age-adjusted rate
1992,A,White,65,74,All Origins,5,39,cvd_ihd,total,112.052887174863,666,nvss,Deaths,age-adjusted rate
1992,A,White,75,84,All Origins,5,39,cvd_ihd,total,177.859490400798,666,nvss,Deaths,age-adjusted rate
1992,A,White,85,150,All Origins,5,39,cvd_ihd,total,199.085540324895,666,nvss,Deaths,age-adjusted rate
1992,A,White,35,44,All Origins,5,39,cvd_stroke,total,2.39504053640584,666,nvss,Deaths,age-adjusted rate
1992,A,White,45,54,All Origins,5,39,cvd_stroke,total,5.03734922226102,666,nvss,Deaths,age-adjusted rate
1992,A,White,55,64,All Origins,5,39,cvd_stroke,total,4.01920873532669,666,nvss,Deaths,age-adjusted rate
1992,A,White,65,74,All Origins,5,39,cvd_stroke,total,9.03652315926318,666,nvss,Deaths,age-adjusted rate
1992,A,White,75,84,All Origins,5,39,cvd_stroke,total,10.1056528636817,666,nvss,Deaths,age-adjusted rate
1992,A,White,85,150,All Origins,5,39,cvd_stroke,total,12.0657903227209,666,nvss,Deaths,age-adjusted rate
1992,A,White,25,34,All Origins,5,39,ncd_lri,total,34.6624229383557,666,nvss,Deaths,age-adjusted rate
1992,A,White,35,44,All Origins,5,39,ncd_lri,total,64.6660944829576,666,nvss,Deaths,age-adjusted rate
1992,A,White,45,54,All Origins,5,39,ncd_lri,total,198.97529427931,666,nvss,Deaths,age-adjusted rate
1992,A,White,55,64,All Origins,5,39,ncd_lri,total,432.06493904762,666,nvss,Deaths,age-adjusted rate
1992,A,White,65,74,All Origins,5,39,ncd_lri,total,862.084309393708,666,nvss,Deaths,age-adjusted rate
1992,A,White,75,84,All Origins,5,39,ncd_lri,total,1172.25573218708,666,nvss,Deaths,age-adjusted rate
1992,A,White,85,150,All Origins,5,39,ncd_lri,total,850.638217751824,666,nvss,Deaths,age-adjusted rate
1992,A,White,25,34,All Origins,5,39,neo_lung,total,2.03896605519739,666,nvss,Deaths,age-adjusted rate
1992,A,White,45,54,All Origins,5,39,neo_lung,total,22.6680715001746,666,nvss,Deaths,age-adjusted rate
1992,A,White,55,64,All Origins,5,39,neo_lung,total,72.3457572358805,666,nvss,Deaths,age-adjusted rate
1992,A,White,65,74,All Origins,5,39,neo_lung,total,101.209059383748,666,nvss,Deaths,age-adjusted rate
1992,A,White,75,84,All Origins,5,39,neo_lung,total,76.8029617639809,666,nvss,Deaths,age-adjusted rate
1992,A,White,85,150,All Origins,5,39,neo_lung,total,6.03289516136046,666,nvss,Deaths,age-adjusted rate
1992,A,White,45,54,All Origins,5,39,resp_copd,total,2.51867461113051,666,nvss,Deaths,age-adjusted rate
1992,A,White,55,64,All Origins,5,39,resp_copd,total,20.0960436766335,666,nvss,Deaths,age-adjusted rate
1992,A,White,65,74,All Origins,5,39,resp_copd,total,56.0264435874317,666,nvss,Deaths,age-adjusted rate
1992,A,White,75,84,All Origins,5,39,resp_copd,total,74.7818311912446,666,nvss,Deaths,age-adjusted rate
1992,A,White,85,150,All Origins,5,39,resp_copd,total,42.2302661295232,666,nvss,Deaths,age-adjusted rate
1992,A,White,25,34,All Origins,5,39,t2_dm,total,2.03896605519739,666,nvss,Deaths,age-adjusted rate
1992,A,White,35,44,All Origins,5,39,t2_dm,total,2.39504053640584,666,nvss,Deaths,age-adjusted rate
1992,A,White,45,54,All Origins,5,39,t2_dm,total,10.074698444522,666,nvss,Deaths,age-adjusted rate
1992,A,White,55,64,All Origins,5,39,t2_dm,total,10.0480218383167,666,nvss,Deaths,age-adjusted rate
1992,A,White,65,74,All Origins,5,39,t2_dm,total,34.3387880052001,666,nvss,Deaths,age-adjusted rate
1992,A,White,75,84,All Origins,5,39,t2_dm,total,46.4860031729358,666,nvss,Deaths,age-adjusted rate
1992,A,White,85,150,All Origins,5,39,t2_dm,total,20.1096505378682,666,nvss,Deaths,age-adjusted rate
1992,A,White,25,34,All Origins,5,42,all-cause,overall,5.28492076252729,666,nvss,Deaths,age-adjusted rate
1992,A,White,35,44,All Origins,5,42,all-cause,overall,9.52161880602961,666,nvss,Deaths,age-adjusted rate
1992,A,White,45,54,All Origins,5,42,all-cause,overall,25.9594686087243,666,nvss,Deaths,age-adjusted rate
1992,A,White,55,64,All Origins,5,42,all-cause,overall,32.7833161043203,666,nvss,Deaths,age-adjusted rate
1992,A,White,65,74,All Origins,5,42,all-cause,overall,60.1647596812001,666,nvss,Deaths,age-adjusted rate
1992,A,White,75,84,All Origins,5,42,all-cause,overall,104.419399470899,666,nvss,Deaths,age-adjusted rate
1992,A,White,85,150,All Origins,5,42,all-cause,overall,81.9514150212133,666,nvss,Deaths,age-adjusted rate
1992,A,White,45,54,All Origins,5,42,cvd_ihd,total,1.79030817991202,666,nvss,Deaths,age-adjusted rate
1992,A,White,55,64,All Origins,5,42,cvd_ihd,total,1.94477298923934,666,nvss,Deaths,age-adjusted rate
1992,A,White,65,74,All Origins,5,42,cvd_ihd,total,3.94182908256138,666,nvss,Deaths,age-adjusted rate
1992,A,White,75,84,All Origins,5,42,cvd_ihd,total,11.0302182539682,666,nvss,Deaths,age-adjusted rate
1992,A,White,85,150,All Origins,5,42,cvd_ihd,total,14.4968207077237,666,nvss,Deaths,age-adjusted rate
1992,A,White,35,44,All Origins,5,42,cvd_stroke,total,0.396734116917901,666,nvss,Deaths,age-adjusted rate
1992,A,White,55,64,All Origins,5,42,cvd_stroke,total,0.277824712748477,666,nvss,Deaths,age-adjusted rate
1992,A,White,65,74,All Origins,5,42,cvd_stroke,total,0.829858754223449,666,nvss,Deaths,age-adjusted rate
1992,A,White,75,84,All Origins,5,42,cvd_stroke,total,2.45115961199294,666,nvss,Deaths,age-adjusted rate
1992,A,White,85,150,All Origins,5,42,cvd_stroke,total,2.07097438681767,666,nvss,Deaths,age-adjusted rate
1992,A,White,25,34,All Origins,5,42,ncd_lri,total,3.1087769191337,666,nvss,Deaths,age-adjusted rate
1992,A,White,35,44,All Origins,5,42,ncd_lri,total,7.53794822144011,666,nvss,Deaths,age-adjusted rate
1992,A,White,45,54,All Origins,5,42,ncd_lri,total,22.3788522489003,666,nvss,Deaths,age-adjusted rate
1992,A,White,55,64,All Origins,5,42,ncd_lri,total,30.5607184023325,666,nvss,Deaths,age-adjusted rate
1992,A,White,65,74,All Origins,5,42,ncd_lri,total,57.4677187299739,666,nvss,Deaths,age-adjusted rate
1992,A,White,75,84,All Origins,5,42,ncd_lri,total,98.5366164021164,666,nvss,Deaths,age-adjusted rate
1992,A,White,85,150,All Origins,5,42,ncd_lri,total,73.3716639901116,666,nvss,Deaths,age-adjusted rate
1992,A,White,35,44,All Origins,5,42,neo_lung,total,0.793468233835801,666,nvss,Deaths,age-adjusted rate
1992,A,White,45,54,All Origins,5,42,neo_lung,total,0.895154089956011,666,nvss,Deaths,age-adjusted rate
1992,A,White,55,64,All Origins,5,42,neo_lung,total,3.6117212657302,666,nvss,Deaths,age-adjusted rate
1992,A,White,65,74,All Origins,5,42,neo_lung,total,7.88365816512277,666,nvss,Deaths,age-adjusted rate
1992,A,White,75,84,All Origins,5,42,neo_lung,total,2.45115961199294,666,nvss,Deaths,age-adjusted rate
1992,A,White,85,150,All Origins,5,42,neo_lung,total,1.18341393532438,666,nvss,Deaths,age-adjusted rate
1992,A,White,55,64,All Origins,5,42,resp_copd,total,0.555649425496954,666,nvss,Deaths,age-adjusted rate
1992,A,White,65,74,All Origins,5,42,resp_copd,total,2.07464688555862,666,nvss,Deaths,age-adjusted rate
1992,A,White,75,84,All Origins,5,42,resp_copd,total,5.63766710758377,666,nvss,Deaths,age-adjusted rate
1992,A,White,85,150,All Origins,5,42,resp_copd,total,1.47926741915548,666,nvss,Deaths,age-adjusted rate
1992,A,White,35,44,All Origins,5,42,t2_dm,total,0.396734116917901,666,nvss,Deaths,age-adjusted rate
1992,A,White,45,54,All Origins,5,42,t2_dm,total,1.34273113493402,666,nvss,Deaths,age-adjusted rate
1992,A,White,55,64,All Origins,5,42,t2_dm,total,0.555649425496954,666,nvss,Deaths,age-adjusted rate
1992,A,White,65,74,All Origins,5,42,t2_dm,total,2.07464688555862,666,nvss,Deaths,age-adjusted rate
1992,A,White,75,84,All Origins,5,42,t2_dm,total,4.16697134038801,666,nvss,Deaths,age-adjusted rate
1992,A,White,85,150,All Origins,5,42,t2_dm,total,2.66268135447986,666,nvss,Deaths,age-adjusted rate
1992,A,White,25,34,All Origins,666,1,all-cause,overall,17.36866125998,666,nvss,Deaths,age-adjusted rate
1992,A,White,35,44,All Origins,666,1,all-cause,overall,33.2803686344361,666,nvss,Deaths,age-adjusted rate
1992,A,White,45,54,All Origins,666,1,all-cause,overall,63.3658926453437,666,nvss,Deaths,age-adjusted rate
1992,A,White,55,64,All Origins,666,1,all-cause,overall,104.468119808824,666,nvss,Deaths,age-adjusted rate
1992,A,White,65,74,All Origins,666,1,all-cause,overall,174.72804111907,666,nvss,Deaths,age-adjusted rate
1992,A,White,75,84,All Origins,666,1,all-cause,overall,267.205864592951,666,nvss,Deaths,age-adjusted rate
1992,A,White,85,150,All Origins,666,1,all-cause,overall,237.313733768615,666,nvss,Deaths,age-adjusted rate
1992,A,White,25,34,All Origins,666,1,cvd_ihd,total,0.144018750082753,666,nvss,Deaths,age-adjusted rate
1992,A,White,35,44,All Origins,666,1,cvd_ihd,total,0.593046401242572,666,nvss,Deaths,age-adjusted rate
1992,A,White,45,54,All Origins,666,1,cvd_ihd,total,1.80729263074612,666,nvss,Deaths,age-adjusted rate
1992,A,White,55,64,All Origins,666,1,cvd_ihd,total,6.06380182604051,666,nvss,Deaths,age-adjusted rate
1992,A,White,65,74,All Origins,666,1,cvd_ihd,total,11.8495876366072,666,nvss,Deaths,age-adjusted rate
1992,A,White,75,84,All Origins,666,1,cvd_ihd,total,22.1821662400637,666,nvss,Deaths,age-adjusted rate
1992,A,White,85,150,All Origins,666,1,cvd_ihd,total,22.5388226574843,666,nvss,Deaths,age-adjusted rate
1992,A,White,25,34,All Origins,666,1,cvd_stroke,total,0.0864112500496519,666,nvss,Deaths,age-adjusted rate
1992,A,White,35,44,All Origins,666,1,cvd_stroke,total,0.488391153964471,666,nvss,Deaths,age-adjusted rate
1992,A,White,45,54,All Origins,666,1,cvd_stroke,total,0.958971599987739,666,nvss,Deaths,age-adjusted rate
1992,A,White,55,64,All Origins,666,1,cvd_stroke,total,0.971385729414257,666,nvss,Deaths,age-adjusted rate
1992,A,White,65,74,All Origins,666,1,cvd_stroke,total,1.86817823099663,666,nvss,Deaths,age-adjusted rate
1992,A,White,75,84,All Origins,666,1,cvd_stroke,total,2.86838356552548,666,nvss,Deaths,age-adjusted rate
1992,A,White,85,150,All Origins,666,1,cvd_stroke,total,3.55063644604205,666,nvss,Deaths,age-adjusted rate
1992,A,White,45,54,All Origins,666,1,lri,total,0.0368835230764515,666,nvss,Deaths,age-adjusted rate
1992,A,White,55,64,All Origins,666,1,lri,total,0.0294359311943714,666,nvss,Deaths,age-adjusted rate
1992,A,White,65,74,All Origins,666,1,lri,total,0.0266882604428089,666,nvss,Deaths,age-adjusted rate
1992,A,White,75,84,All Origins,666,1,lri,total,0.0956127855175159,666,nvss,Deaths,age-adjusted rate
1992,A,White,85,150,All Origins,666,1,lri,total,0.154375497654002,666,nvss,Deaths,age-adjusted rate
1992,A,White,25,34,All Origins,666,1,ncd_lri,total,6.71127375385629,666,nvss,Deaths,age-adjusted rate
1992,A,White,35,44,All Origins,666,1,ncd_lri,total,20.4426583016557,666,nvss,Deaths,age-adjusted rate
1992,A,White,45,54,All Origins,666,1,ncd_lri,total,51.5631652608792,666,nvss,Deaths,age-adjusted rate
1992,A,White,55,64,All Origins,666,1,ncd_lri,total,93.8417486476561,666,nvss,Deaths,age-adjusted rate
1992,A,White,65,74,All Origins,666,1,ncd_lri,total,160.129562656854,666,nvss,Deaths,age-adjusted rate
1992,A,White,75,84,All Origins,666,1,ncd_lri,total,241.358541574716,666,nvss,Deaths,age-adjusted rate
1992,A,White,85,150,All Origins,666,1,ncd_lri,total,207.442074972566,666,nvss,Deaths,age-adjusted rate
1992,A,White,25,34,All Origins,666,1,neo_lung,total,0.0864112500496519,666,nvss,Deaths,age-adjusted rate
1992,A,White,35,44,All Origins,666,1,neo_lung,total,0.976782307928942,666,nvss,Deaths,age-adjusted rate
1992,A,White,45,54,All Origins,666,1,neo_lung,total,7.5242387075961,666,nvss,Deaths,age-adjusted rate
1992,A,White,55,64,All Origins,666,1,neo_lung,total,15.8954028449606,666,nvss,Deaths,age-adjusted rate
1992,A,White,65,74,All Origins,666,1,neo_lung,total,21.37729661469,666,nvss,Deaths,age-adjusted rate
1992,A,White,75,84,All Origins,666,1,neo_lung,total,17.3059141786704,666,nvss,Deaths,age-adjusted rate
1992,A,White,85,150,All Origins,666,1,neo_lung,total,3.78219969252306,666,nvss,Deaths,age-adjusted rate
1992,A,White,25,34,All Origins,666,1,resp_copd,total,0.0864112500496519,666,nvss,Deaths,age-adjusted rate
1992,A,White,35,44,All Origins,666,1,resp_copd,total,0.209310494556202,666,nvss,Deaths,age-adjusted rate
1992,A,White,45,54,All Origins,666,1,resp_copd,total,1.2909233076758,666,nvss,Deaths,age-adjusted rate
1992,A,White,55,64,All Origins,666,1,resp_copd,total,4.91580050946003,666,nvss,Deaths,age-adjusted rate
1992,A,White,65,74,All Origins,666,1,resp_copd,total,11.5827050321791,666,nvss,Deaths,age-adjusted rate
1992,A,White,75,84,All Origins,666,1,resp_copd,total,15.2661747542967,666,nvss,Deaths,age-adjusted rate
1992,A,White,85,150,All Origins,666,1,resp_copd,total,5.55751791554408,666,nvss,Deaths,age-adjusted rate
1992,A,White,25,34,All Origins,666,1,t2_dm,total,0.115215000066202,666,nvss,Deaths,age-adjusted rate
1992,A,White,35,44,All Origins,666,1,t2_dm,total,0.244195576982235,666,nvss,Deaths,age-adjusted rate
1992,A,White,45,54,All Origins,666,1,t2_dm,total,0.700786938452578,666,nvss,Deaths,age-adjusted rate
1992,A,White,55,64,All Origins,666,1,t2_dm,total,1.76615587166228,666,nvss,Deaths,age-adjusted rate
1992,A,White,65,74,All Origins,666,1,t2_dm,total,3.89648602465011,666,nvss,Deaths,age-adjusted rate
1992,A,White,75,84,All Origins,666,1,t2_dm,total,5.41805784599257,666,nvss,Deaths,age-adjusted rate
1992,A,White,85,150,All Origins,666,1,t2_dm,total,3.74360581810956,666,nvss,Deaths,age-adjusted rate
1992,A,White,25,34,All Origins,666,2,all-cause,overall,14.9076559362854,666,nvss,Deaths,age-adjusted rate
1992,A,White,35,44,All Origins,666,2,all-cause,overall,25.2756675138156,666,nvss,Deaths,age-adjusted rate
1992,A,White,45,54,All Origins,666,2,all-cause,overall,46.8994810024131,666,nvss,Deaths,age-adjusted rate
1992,A,White,55,64,All Origins,666,2,all-cause,overall,87.2249447674475,666,nvss,Deaths,age-adjusted rate
1992,A,White,65,74,All Origins,666,2,all-cause,overall,174.547003046899,666,nvss,Deaths,age-adjusted rate
1992,A,White,75,84,All Origins,666,2,all-cause,overall,244.79321071123,666,nvss,Deaths,age-adjusted rate
1992,A,White,85,150,All Origins,666,2,all-cause,overall,214.370024945334,666,nvss,Deaths,age-adjusted rate
1992,A,White,25,34,All Origins,666,2,cvd_ihd,total,0.313845388132324,666,nvss,Deaths,age-adjusted rate
1992,A,White,35,44,All Origins,666,2,cvd_ihd,total,0.343886632841029,666,nvss,Deaths,age-adjusted rate
1992,A,White,45,54,All Origins,666,2,cvd_ihd,total,4.61306370515539,666,nvss,Deaths,age-adjusted rate
1992,A,White,55,64,All Origins,666,2,cvd_ihd,total,12.019185302601,666,nvss,Deaths,age-adjusted rate
1992,A,White,65,74,All Origins,666,2,cvd_ihd,total,23.8018640518499,666,nvss,Deaths,age-adjusted rate
1992,A,White,75,84,All Origins,666,2,cvd_ihd,total,26.5667050384281,666,nvss,Deaths,age-adjusted rate
1992,A,White,85,150,All Origins,666,2,cvd_ihd,total,25.133037407384,666,nvss,Deaths,age-adjusted rate
1992,A,White,25,34,All Origins,666,2,cvd_stroke,total,0.313845388132324,666,nvss,Deaths,age-adjusted rate
1992,A,White,35,44,All Origins,666,2,cvd_stroke,total,0.171943316420515,666,nvss,Deaths,age-adjusted rate
1992,A,White,45,54,All Origins,666,2,cvd_stroke,total,0.512562633906154,666,nvss,Deaths,age-adjusted rate
1992,A,White,55,64,All Origins,666,2,cvd_stroke,total,0.686810588720059,666,nvss,Deaths,age-adjusted rate
1992,A,White,65,74,All Origins,666,2,cvd_stroke,total,3.47110517422811,666,nvss,Deaths,age-adjusted rate
1992,A,White,75,84,All Origins,666,2,cvd_stroke,total,4.74405447114787,666,nvss,Deaths,age-adjusted rate
1992,A,White,85,150,All Origins,666,2,cvd_stroke,total,4.43524189542071,666,nvss,Deaths,age-adjusted rate
1992,A,White,25,34,All Origins,666,2,ncd_lri,total,4.70768082198486,666,nvss,Deaths,age-adjusted rate
1992,A,White,35,44,All Origins,666,2,ncd_lri,total,10.8324289344924,666,nvss,Deaths,age-adjusted rate
1992,A,White,45,54,All Origins,666,2,ncd_lri,total,32.0351646191346,666,nvss,Deaths,age-adjusted rate
1992,A,White,55,64,All Origins,666,2,ncd_lri,total,80.3568388802469,666,nvss,Deaths,age-adjusted rate
1992,A,White,65,74,All Origins,666,2,ncd_lri,total,164.133687524215,666,nvss,Deaths,age-adjusted rate
1992,A,White,75,84,All Origins,666,2,ncd_lri,total,222.97056014395,666,nvss,Deaths,age-adjusted rate
1992,A,White,85,150,All Origins,666,2,ncd_lri,total,183.323331677389,666,nvss,Deaths,age-adjusted rate
1992,A,White,35,44,All Origins,666,2,neo_lung,total,0.687773265682058,666,nvss,Deaths,age-adjusted rate
1992,A,White,45,54,All Origins,666,2,neo_lung,total,2.05025053562462,666,nvss,Deaths,age-adjusted rate
1992,A,White,55,64,All Origins,666,2,neo_lung,total,13.3928064800412,666,nvss,Deaths,age-adjusted rate
1992,A,White,65,74,All Origins,666,2,neo_lung,total,19.339014542128,666,nvss,Deaths,age-adjusted rate
1992,A,White,75,84,All Origins,666,2,neo_lung,total,18.9762178845915,666,nvss,Deaths,age-adjusted rate
1992,A,White,85,150,All Origins,666,2,neo_lung,total,5.91365586056094,666,nvss,Deaths,age-adjusted rate
1992,A,White,25,34,All Origins,666,2,resp_copd,total,0.156922694066162,666,nvss,Deaths,age-adjusted rate
1992,A,White,45,54,All Origins,666,2,resp_copd,total,0.256281316953077,666,nvss,Deaths,age-adjusted rate
1992,A,White,55,64,All Origins,666,2,resp_copd,total,2.40383706052021,666,nvss,Deaths,age-adjusted rate
1992,A,White,65,74,All Origins,666,2,resp_copd,total,15.3720372001531,666,nvss,Deaths,age-adjusted rate
1992,A,White,75,84,All Origins,666,2,resp_copd,total,14.2321634134436,666,nvss,Deaths,age-adjusted rate
1992,A,White,85,150,All Origins,666,2,resp_copd,total,10.3488977559816,666,nvss,Deaths,age-adjusted rate
1992,A,White,25,34,All Origins,666,2,t2_dm,total,0.313845388132324,666,nvss,Deaths,age-adjusted rate
1992,A,White,35,44,All Origins,666,2,t2_dm,total,0.515829949261544,666,nvss,Deaths,age-adjusted rate
1992,A,White,55,64,All Origins,666,2,t2_dm,total,3.4340529436003,666,nvss,Deaths,age-adjusted rate
1992,A,White,65,74,All Origins,666,2,t2_dm,total,2.47936083873436,666,nvss,Deaths,age-adjusted rate
1992,A,White,75,84,All Origins,666,2,t2_dm,total,4.74405447114787,666,nvss,Deaths,age-adjusted rate
1992,A,White,85,150,All Origins,666,2,t2_dm,total,7.39206982570118,666,nvss,Deaths,age-adjusted rate
1992,A,White,25,34,All Origins,666,4,all-cause,overall,17.2421379582095,666,nvss,Deaths,age-adjusted rate
1992,A,White,35,44,All Origins,666,4,all-cause,overall,34.8273588691617,666,nvss,Deaths,age-adjusted rate
1992,A,White,45,54,All Origins,666,4,all-cause,overall,55.7014740232287,666,nvss,Deaths,age-adjusted rate
1992,A,White,55,64,All Origins,666,4,all-cause,overall,93.4635821139173,666,nvss,Deaths,age-adjusted rate
1992,A,White,65,74,All Origins,666,4,all-cause,overall,150.651792660378,666,nvss,Deaths,age-adjusted rate
1992,A,White,75,84,All Origins,666,4,all-cause,overall,234.090701159193,666,nvss,Deaths,age-adjusted rate
1992,A,White,85,150,All Origins,666,4,all-cause,overall,216.608438329994,666,nvss,Deaths,age-adjusted rate
1992,A,White,25,34,All Origins,666,4,cvd_ihd,total,0.16310130501009,666,nvss,Deaths,age-adjusted rate
1992,A,White,35,44,All Origins,666,4,cvd_ihd,total,1.63008340341711,666,nvss,Deaths,age-adjusted rate
1992,A,White,45,54,All Origins,666,4,cvd_ihd,total,4.27895420394075,666,nvss,Deaths,age-adjusted rate
1992,A,White,55,64,All Origins,666,4,cvd_ihd,total,8.17350571802463,666,nvss,Deaths,age-adjusted rate
1992,A,White,65,74,All Origins,666,4,cvd_ihd,total,15.3861860248292,666,nvss,Deaths,age-adjusted rate
1992,A,White,75,84,All Origins,666,4,cvd_ihd,total,28.3414708894383,666,nvss,Deaths,age-adjusted rate
1992,A,White,85,150,All Origins,666,4,cvd_ihd,total,35.9913411249532,666,nvss,Deaths,age-adjusted rate
1992,A,White,25,34,All Origins,666,4,cvd_stroke,total,0.32620261002018,666,nvss,Deaths,age-adjusted rate
1992,A,White,35,44,All Origins,666,4,cvd_stroke,total,0.344825335338235,666,nvss,Deaths,age-adjusted rate
1992,A,White,45,54,All Origins,666,4,cvd_stroke,total,0.788228405989085,666,nvss,Deaths,age-adjusted rate
1992,A,White,55,64,All Origins,666,4,cvd_stroke,total,0.850773829385463,666,nvss,Deaths,age-adjusted rate
1992,A,White,65,74,All Origins,666,4,cvd_stroke,total,1.06264306358532,666,nvss,Deaths,age-adjusted rate
1992,A,White,75,84,All Origins,666,4,cvd_stroke,total,2.16117393848033,666,nvss,Deaths,age-adjusted rate
1992,A,White,85,150,All Origins,666,4,cvd_stroke,total,2.05455158307582,666,nvss,Deaths,age-adjusted rate
1992,A,White,35,44,All Origins,666,4,lri,total,0.0313477577580213,666,nvss,Deaths,age-adjusted rate
1992,A,White,45,54,All Origins,666,4,lri,total,0.0375346859994803,666,nvss,Deaths,age-adjusted rate
1992,A,White,55,64,All Origins,666,4,lri,total,0.121539118483638,666,nvss,Deaths,age-adjusted rate
1992,A,White,65,74,All Origins,666,4,lri,total,0.0221383971580276,666,nvss,Deaths,age-adjusted rate
1992,A,White,75,84,All Origins,666,4,lri,total,0.10942652853065,666,nvss,Deaths,age-adjusted rate
1992,A,White,25,34,All Origins,666,4,ncd_lri,total,7.15315723401394,666,nvss,Deaths,age-adjusted rate
1992,A,White,35,44,All Origins,666,4,ncd_lri,total,21.6299528530347,666,nvss,Deaths,age-adjusted rate
1992,A,White,45,54,All Origins,666,4,ncd_lri,total,46.655614697354,666,nvss,Deaths,age-adjusted rate
1992,A,White,55,64,All Origins,666,4,ncd_lri,total,84.8039199219581,666,nvss,Deaths,age-adjusted rate
1992,A,White,65,74,All Origins,666,4,ncd_lri,total,140.556683556317,666,nvss,Deaths,age-adjusted rate
1992,A,White,75,84,All Origins,666,4,ncd_lri,total,214.585422448604,666,nvss,Deaths,age-adjusted rate
1992,A,White,85,150,All Origins,666,4,ncd_lri,total,190.266151961272,666,nvss,Deaths,age-adjusted rate
1992,A,White,25,34,All Origins,666,4,neo_lung,total,0.0699005592900385,666,nvss,Deaths,age-adjusted rate
1992,A,White,35,44,All Origins,666,4,neo_lung,total,0.877737217224597,666,nvss,Deaths,age-adjusted rate
1992,A,White,45,54,All Origins,666,4,neo_lung,total,5.3299254119262,666,nvss,Deaths,age-adjusted rate
1992,A,White,55,64,All Origins,666,4,neo_lung,total,12.1539118483638,666,nvss,Deaths,age-adjusted rate
1992,A,White,65,74,All Origins,666,4,neo_lung,total,18.6405304070592,666,nvss,Deaths,age-adjusted rate
1992,A,White,75,84,All Origins,666,4,neo_lung,total,15.7300634762809,666,nvss,Deaths,age-adjusted rate
1992,A,White,85,150,All Origins,666,4,neo_lung,total,4.54936421966789,666,nvss,Deaths,age-adjusted rate
1992,A,White,25,34,All Origins,666,4,resp_copd,total,0.0466003728600257,666,nvss,Deaths,age-adjusted rate
1992,A,White,35,44,All Origins,666,4,resp_copd,total,0.156738788790107,666,nvss,Deaths,age-adjusted rate
1992,A,White,45,54,All Origins,666,4,resp_copd,total,1.72659555597609,666,nvss,Deaths,age-adjusted rate
1992,A,White,55,64,All Origins,666,4,resp_copd,total,5.25656687441733,666,nvss,Deaths,age-adjusted rate
1992,A,White,65,74,All Origins,666,4,resp_copd,total,12.3532256141794,666,nvss,Deaths,age-adjusted rate
1992,A,White,75,84,All Origins,666,4,resp_copd,total,16.9337552901181,666,nvss,Deaths,age-adjusted rate
1992,A,White,85,150,All Origins,666,4,resp_copd,total,9.20879370271484,666,nvss,Deaths,age-adjusted rate
1992,A,White,25,34,All Origins,666,4,t2_dm,total,0.16310130501009,666,nvss,Deaths,age-adjusted rate
1992,A,White,35,44,All Origins,666,4,t2_dm,total,0.909084974982619,666,nvss,Deaths,age-adjusted rate
1992,A,White,45,54,All Origins,666,4,t2_dm,total,1.50138743997921,666,nvss,Deaths,age-adjusted rate
1992,A,White,55,64,All Origins,666,4,t2_dm,total,2.37001281043093,666,nvss,Deaths,age-adjusted rate
1992,A,White,65,74,All Origins,666,4,t2_dm,total,3.12151399928189,666,nvss,Deaths,age-adjusted rate
1992,A,White,75,84,All Origins,666,4,t2_dm,total,4.86948051961392,666,nvss,Deaths,age-adjusted rate
1992,A,White,85,150,All Origins,666,4,t2_dm,total,2.89838526898196,666,nvss,Deaths,age-adjusted rate
1992,A,White,25,34,All Origins,666,5,all-cause,overall,17.3446184367018,666,nvss,Deaths,age-adjusted rate
1992,A,White,35,44,All Origins,666,5,all-cause,overall,34.4179091369996,666,nvss,Deaths,age-adjusted rate
1992,A,White,45,54,All Origins,666,5,all-cause,overall,62.5618672102994,666,nvss,Deaths,age-adjusted rate
1992,A,White,55,64,All Origins,666,5,all-cause,overall,103.847588113819,666,nvss,Deaths,age-adjusted rate
1992,A,White,65,74,All Origins,666,5,all-cause,overall,179.655233962789,666,nvss,Deaths,age-adjusted rate
1992,A,White,75,84,All Origins,666,5,all-cause,overall,257.68114983963,666,nvss,Deaths,age-adjusted rate
1992,A,White,85,150,All Origins,666,5,all-cause,overall,238.197438707431,666,nvss,Deaths,age-adjusted rate
1992,A,White,25,34,All Origins,666,5,cvd_ihd,total,0.0465003175246697,666,nvss,Deaths,age-adjusted rate
1992,A,White,35,44,All Origins,666,5,cvd_ihd,total,0.786053389752031,666,nvss,Deaths,age-adjusted rate
1992,A,White,45,54,All Origins,666,5,cvd_ihd,total,2.3750338477984,666,nvss,Deaths,age-adjusted rate
1992,A,White,55,64,All Origins,666,5,cvd_ihd,total,5.6543839477644,666,nvss,Deaths,age-adjusted rate
1992,A,White,65,74,All Origins,666,5,cvd_ihd,total,13.0583945166575,666,nvss,Deaths,age-adjusted rate
1992,A,White,75,84,All Origins,666,5,cvd_ihd,total,24.7729963182959,666,nvss,Deaths,age-adjusted rate
1992,A,White,85,150,All Origins,666,5,cvd_ihd,total,30.2014923295511,666,nvss,Deaths,age-adjusted rate
1992,A,White,25,34,All Origins,666,5,cvd_stroke,total,0.0930006350493394,666,nvss,Deaths,age-adjusted rate
1992,A,White,35,44,All Origins,666,5,cvd_stroke,total,0.224586682786294,666,nvss,Deaths,age-adjusted rate
1992,A,White,45,54,All Origins,666,5,cvd_stroke,total,0.810987167540917,666,nvss,Deaths,age-adjusted rate
1992,A,White,55,64,All Origins,666,5,cvd_stroke,total,0.643588416818712,666,nvss,Deaths,age-adjusted rate
1992,A,White,65,74,All Origins,666,5,cvd_stroke,total,1.86017015906802,666,nvss,Deaths,age-adjusted rate
1992,A,White,75,84,All Origins,666,5,cvd_stroke,total,3.23308596018438,666,nvss,Deaths,age-adjusted rate
1992,A,White,85,150,All Origins,666,5,cvd_stroke,total,2.93358444602327,666,nvss,Deaths,age-adjusted rate
1992,A,White,45,54,All Origins,666,5,lri,total,0.0579276548243513,666,nvss,Deaths,age-adjusted rate
1992,A,White,65,74,All Origins,666,5,lri,total,0.111610209544081,666,nvss,Deaths,age-adjusted rate
1992,A,White,75,84,All Origins,666,5,lri,total,0.0419881293530439,666,nvss,Deaths,age-adjusted rate
1992,A,White,85,150,All Origins,666,5,lri,total,0.240457741477318,666,nvss,Deaths,age-adjusted rate
1992,A,White,25,34,All Origins,666,5,ncd_lri,total,5.76603937305905,666,nvss,Deaths,age-adjusted rate
1992,A,White,35,44,All Origins,666,5,ncd_lri,total,20.9988548405185,666,nvss,Deaths,age-adjusted rate
1992,A,White,45,54,All Origins,666,5,ncd_lri,total,52.4824552708622,666,nvss,Deaths,age-adjusted rate
1992,A,White,55,64,All Origins,666,5,ncd_lri,total,94.1018206591359,666,nvss,Deaths,age-adjusted rate
1992,A,White,65,74,All Origins,666,5,ncd_lri,total,166.224805414318,666,nvss,Deaths,age-adjusted rate
1992,A,White,75,84,All Origins,666,5,ncd_lri,total,233.705927979042,666,nvss,Deaths,age-adjusted rate
1992,A,White,85,150,All Origins,666,5,ncd_lri,total,206.264650639243,666,nvss,Deaths,age-adjusted rate
1992,A,White,25,34,All Origins,666,5,neo_lung,total,0.139500952574009,666,nvss,Deaths,age-adjusted rate
1992,A,White,35,44,All Origins,666,5,neo_lung,total,1.57210677950406,666,nvss,Deaths,age-adjusted rate
1992,A,White,45,54,All Origins,666,5,neo_lung,total,8.34158229470658,666,nvss,Deaths,age-adjusted rate
1992,A,White,55,64,All Origins,666,5,neo_lung,total,18.1583874745279,666,nvss,Deaths,age-adjusted rate
1992,A,White,65,74,All Origins,666,5,neo_lung,total,26.0423822269523,666,nvss,Deaths,age-adjusted rate
1992,A,White,75,84,All Origins,666,5,neo_lung,total,17.6770024576315,666,nvss,Deaths,age-adjusted rate
1992,A,White,85,150,All Origins,666,5,neo_lung,total,4.18396470170533,666,nvss,Deaths,age-adjusted rate
1992,A,White,25,34,All Origins,666,5,resp_copd,total,0.0465003175246697,666,nvss,Deaths,age-adjusted rate
1992,A,White,35,44,All Origins,666,5,resp_copd,total,0.168440012089721,666,nvss,Deaths,age-adjusted rate
1992,A,White,45,54,All Origins,666,5,resp_copd,total,0.984770132013971,666,nvss,Deaths,age-adjusted rate
1992,A,White,55,64,All Origins,666,5,resp_copd,total,4.32123651292564,666,nvss,Deaths,age-adjusted rate
1992,A,White,65,74,All Origins,666,5,resp_copd,total,11.1982243575895,666,nvss,Deaths,age-adjusted rate
1992,A,White,75,84,All Origins,666,5,resp_copd,total,12.9323438407375,666,nvss,Deaths,age-adjusted rate
1992,A,White,85,150,All Origins,666,5,resp_copd,total,6.63663366477397,666,nvss,Deaths,age-adjusted rate
1992,A,White,25,34,All Origins,666,5,t2_dm,total,0.186001270098679,666,nvss,Deaths,age-adjusted rate
1992,A,White,35,44,All Origins,666,5,t2_dm,total,0.729906719055457,666,nvss,Deaths,age-adjusted rate
1992,A,White,45,54,All Origins,666,5,t2_dm,total,1.44819137060878,666,nvss,Deaths,age-adjusted rate
1992,A,White,55,64,All Origins,666,5,t2_dm,total,2.06867705406015,666,nvss,Deaths,age-adjusted rate
1992,A,White,65,74,All Origins,666,5,t2_dm,total,3.68313691495468,666,nvss,Deaths,age-adjusted rate
1992,A,White,75,84,All Origins,666,5,t2_dm,total,5.24851616913048,666,nvss,Deaths,age-adjusted rate
1992,A,White,85,150,All Origins,666,5,t2_dm,total,3.36640838068245,666,nvss,Deaths,age-adjusted rate
1992,A,White,25,34,All Origins,666,6,all-cause,overall,18.282374933922,666,nvss,Deaths,age-adjusted rate
1992,A,White,35,44,All Origins,666,6,all-cause,overall,39.4841652378686,666,nvss,Deaths,age-adjusted rate
1992,A,White,45,54,All Origins,666,6,all-cause,overall,57.7546191365491,666,nvss,Deaths,age-adjusted rate
1992,A,White,55,64,All Origins,666,6,all-cause,overall,92.1543418799808,666,nvss,Deaths,age-adjusted rate
1992,A,White,65,74,All Origins,666,6,all-cause,overall,159.79501625421,666,nvss,Deaths,age-adjusted rate
1992,A,White,75,84,All Origins,666,6,all-cause,overall,252.442760334105,666,nvss,Deaths,age-adjusted rate
1992,A,White,85,150,All Origins,666,6,all-cause,overall,226.806406387436,666,nvss,Deaths,age-adjusted rate
1992,A,White,25,34,All Origins,666,6,cvd_ihd,total,0.10256180841277,666,nvss,Deaths,age-adjusted rate
1992,A,White,35,44,All Origins,666,6,cvd_ihd,total,0.972618326090054,666,nvss,Deaths,age-adjusted rate
1992,A,White,45,54,All Origins,666,6,cvd_ihd,total,3.69829020822223,666,nvss,Deaths,age-adjusted rate
1992,A,White,55,64,All Origins,666,6,cvd_ihd,total,7.99605896528903,666,nvss,Deaths,age-adjusted rate
1992,A,White,65,74,All Origins,666,6,cvd_ihd,total,18.954725269381,666,nvss,Deaths,age-adjusted rate
1992,A,White,75,84,All Origins,666,6,cvd_ihd,total,39.0199708765859,666,nvss,Deaths,age-adjusted rate
1992,A,White,85,150,All Origins,666,6,cvd_ihd,total,49.1592657806739,666,nvss,Deaths,age-adjusted rate
1992,A,White,25,34,All Origins,666,6,cvd_stroke,total,0.123074170095324,666,nvss,Deaths,age-adjusted rate
1992,A,White,35,44,All Origins,666,6,cvd_stroke,total,0.393186131823639,666,nvss,Deaths,age-adjusted rate
1992,A,White,45,54,All Origins,666,6,cvd_stroke,total,0.810299540003747,666,nvss,Deaths,age-adjusted rate
1992,A,White,55,64,All Origins,666,6,cvd_stroke,total,1.10765858437119,666,nvss,Deaths,age-adjusted rate
1992,A,White,65,74,All Origins,666,6,cvd_stroke,total,1.69500552709856,666,nvss,Deaths,age-adjusted rate
1992,A,White,75,84,All Origins,666,6,cvd_stroke,total,3.50204484893368,666,nvss,Deaths,age-adjusted rate
1992,A,White,85,150,All Origins,666,6,cvd_stroke,total,3.81631142244705,666,nvss,Deaths,age-adjusted rate
1992,A,White,25,34,All Origins,666,6,lri,total,0.005860674766444,666,nvss,Deaths,age-adjusted rate
1992,A,White,35,44,All Origins,666,6,lri,total,0.00413880138761725,666,nvss,Deaths,age-adjusted rate
1992,A,White,45,54,All Origins,666,6,lri,total,0.0103884556410737,666,nvss,Deaths,age-adjusted rate
1992,A,White,55,64,All Origins,666,6,lri,total,0.0237694975186951,666,nvss,Deaths,age-adjusted rate
1992,A,White,65,74,All Origins,666,6,lri,total,0.0407453251706385,666,nvss,Deaths,age-adjusted rate
1992,A,White,75,84,All Origins,666,6,lri,total,0.0492552018134132,666,nvss,Deaths,age-adjusted rate
1992,A,White,85,150,All Origins,666,6,lri,total,0.102415137043071,666,nvss,Deaths,age-adjusted rate
1992,A,White,25,34,All Origins,666,6,ncd_lri,total,8.67379865433711,666,nvss,Deaths,age-adjusted rate
1992,A,White,35,44,All Origins,666,6,ncd_lri,total,26.6828525459684,666,nvss,Deaths,age-adjusted rate
1992,A,White,45,54,All Origins,666,6,ncd_lri,total,48.0673842512479,666,nvss,Deaths,age-adjusted rate
1992,A,White,55,64,All Origins,666,6,ncd_lri,total,84.6954735586143,666,nvss,Deaths,age-adjusted rate
1992,A,White,65,74,All Origins,666,6,ncd_lri,total,149.02602681161,666,nvss,Deaths,age-adjusted rate
1992,A,White,75,84,All Origins,666,6,ncd_lri,total,229.548942531231,666,nvss,Deaths,age-adjusted rate
1992,A,White,85,150,All Origins,666,6,ncd_lri,total,198.372730182057,666,nvss,Deaths,age-adjusted rate
1992,A,White,25,34,All Origins,666,6,neo_lung,total,0.046885398131552,666,nvss,Deaths,age-adjusted rate
1992,A,White,35,44,All Origins,666,6,neo_lung,total,0.711873838670168,666,nvss,Deaths,age-adjusted rate
1992,A,White,45,54,All Origins,666,6,neo_lung,total,4.78907805053497,666,nvss,Deaths,age-adjusted rate
1992,A,White,55,64,All Origins,666,6,neo_lung,total,11.8134402667915,666,nvss,Deaths,age-adjusted rate
1992,A,White,65,74,All Origins,666,6,neo_lung,total,18.4902285624357,666,nvss,Deaths,age-adjusted rate
1992,A,White,75,84,All Origins,666,6,neo_lung,total,15.4316547281424,666,nvss,Deaths,age-adjusted rate
1992,A,White,85,150,All Origins,666,6,neo_lung,total,4.0642638594987,666,nvss,Deaths,age-adjusted rate
1992,A,White,25,34,All Origins,666,6,resp_copd,total,0.0879101214966599,666,nvss,Deaths,age-adjusted rate
1992,A,White,35,44,All Origins,666,6,resp_copd,total,0.335242912396998,666,nvss,Deaths,age-adjusted rate
1992,A,White,45,54,All Origins,666,6,resp_copd,total,0.950543691158241,666,nvss,Deaths,age-adjusted rate
1992,A,White,55,64,All Origins,666,6,resp_copd,total,4.42112653847729,666,nvss,Deaths,age-adjusted rate
1992,A,White,65,74,All Origins,666,6,resp_copd,total,11.2171880194768,666,nvss,Deaths,age-adjusted rate
1992,A,White,75,84,All Origins,666,6,resp_copd,total,18.1012866664294,666,nvss,Deaths,age-adjusted rate
1992,A,White,85,150,All Origins,666,6,resp_copd,total,8.4411634004973,666,nvss,Deaths,age-adjusted rate
1992,A,White,25,34,All Origins,666,6,t2_dm,total,0.172889905610098,666,nvss,Deaths,age-adjusted rate
1992,A,White,35,44,All Origins,666,6,t2_dm,total,0.504933769289305,666,nvss,Deaths,age-adjusted rate
1992,A,White,45,54,All Origins,666,6,t2_dm,total,0.976514830260926,666,nvss,Deaths,age-adjusted rate
1992,A,White,55,64,All Origins,666,6,t2_dm,total,1.99188389206665,666,nvss,Deaths,age-adjusted rate
1992,A,White,65,74,All Origins,666,6,t2_dm,total,3.33296759895823,666,nvss,Deaths,age-adjusted rate
1992,A,White,75,84,All Origins,666,6,t2_dm,total,4.06355414960659,666,nvss,Deaths,age-adjusted rate
1992,A,White,85,150,All Origins,666,6,t2_dm,total,2.33937734087856,666,nvss,Deaths,age-adjusted rate
1992,A,White,25,34,All Origins,666,8,all-cause,overall,15.8624083492986,666,nvss,Deaths,age-adjusted rate
1992,A,White,35,44,All Origins,666,8,all-cause,overall,29.8057897487587,666,nvss,Deaths,age-adjusted rate
1992,A,White,45,54,All Origins,666,8,all-cause,overall,43.9117282357563,666,nvss,Deaths,age-adjusted rate
1992,A,White,55,64,All Origins,666,8,all-cause,overall,78.9008561555526,666,nvss,Deaths,age-adjusted rate
1992,A,White,65,74,All Origins,666,8,all-cause,overall,149.056651224726,666,nvss,Deaths,age-adjusted rate
1992,A,White,75,84,All Origins,666,8,all-cause,overall,249.087359042611,666,nvss,Deaths,age-adjusted rate
1992,A,White,85,150,All Origins,666,8,all-cause,overall,223.525364728377,666,nvss,Deaths,age-adjusted rate
1992,A,White,25,34,All Origins,666,8,cvd_ihd,total,0.119266228190215,666,nvss,Deaths,age-adjusted rate
1992,A,White,35,44,All Origins,666,8,cvd_ihd,total,0.783626397150463,666,nvss,Deaths,age-adjusted rate
1992,A,White,45,54,All Origins,666,8,cvd_ihd,total,2.90756774396349,666,nvss,Deaths,age-adjusted rate
1992,A,White,55,64,All Origins,666,8,cvd_ihd,total,6.49729525211784,666,nvss,Deaths,age-adjusted rate
1992,A,White,65,74,All Origins,666,8,cvd_ihd,total,13.642473162941,666,nvss,Deaths,age-adjusted rate
1992,A,White,75,84,All Origins,666,8,cvd_ihd,total,29.7076666748069,666,nvss,Deaths,age-adjusted rate
1992,A,White,85,150,All Origins,666,8,cvd_ihd,total,31.0868938697703,666,nvss,Deaths,age-adjusted rate
1992,A,White,25,34,All Origins,666,8,cvd_stroke,total,0.071559736914129,666,nvss,Deaths,age-adjusted rate
1992,A,White,35,44,All Origins,666,8,cvd_stroke,total,0.27986657041088,666,nvss,Deaths,age-adjusted rate
1992,A,White,45,54,All Origins,666,8,cvd_stroke,total,0.484594623993915,666,nvss,Deaths,age-adjusted rate
1992,A,White,55,64,All Origins,666,8,cvd_stroke,total,0.861519812435515,666,nvss,Deaths,age-adjusted rate
1992,A,White,65,74,All Origins,666,8,cvd_stroke,total,1.17897916222947,666,nvss,Deaths,age-adjusted rate
1992,A,White,75,84,All Origins,666,8,cvd_stroke,total,2.2852051288313,666,nvss,Deaths,age-adjusted rate
1992,A,White,85,150,All Origins,666,8,cvd_stroke,total,2.11956094566616,666,nvss,Deaths,age-adjusted rate
1992,A,White,55,64,All Origins,666,8,lri,total,0.0358966588514798,666,nvss,Deaths,age-adjusted rate
1992,A,White,65,74,All Origins,666,8,lri,total,0.033685118920842,666,nvss,Deaths,age-adjusted rate
1992,A,White,75,84,All Origins,666,8,lri,total,0.211593067484379,666,nvss,Deaths,age-adjusted rate
1992,A,White,85,150,All Origins,666,8,lri,total,0.353260157611026,666,nvss,Deaths,age-adjusted rate
1992,A,White,25,34,All Origins,666,8,ncd_lri,total,6.89358798939442,666,nvss,Deaths,age-adjusted rate
1992,A,White,35,44,All Origins,666,8,ncd_lri,total,18.443206990077,666,nvss,Deaths,age-adjusted rate
1992,A,White,45,54,All Origins,666,8,ncd_lri,total,35.5990666087837,666,nvss,Deaths,age-adjusted rate
1992,A,White,55,64,All Origins,666,8,ncd_lri,total,70.8959012316726,666,nvss,Deaths,age-adjusted rate
1992,A,White,65,74,All Origins,666,8,ncd_lri,total,138.00793221869,666,nvss,Deaths,age-adjusted rate
1992,A,White,75,84,All Origins,666,8,ncd_lri,total,224.627200441417,666,nvss,Deaths,age-adjusted rate
1992,A,White,85,150,All Origins,666,8,ncd_lri,total,190.760485109954,666,nvss,Deaths,age-adjusted rate
1992,A,White,25,34,All Origins,666,8,neo_lung,total,0.047706491276086,666,nvss,Deaths,age-adjusted rate
1992,A,White,35,44,All Origins,666,8,neo_lung,total,0.559733140821759,666,nvss,Deaths,age-adjusted rate
1992,A,White,45,54,All Origins,666,8,neo_lung,total,3.16850331072944,666,nvss,Deaths,age-adjusted rate
1992,A,White,55,64,All Origins,666,8,neo_lung,total,10.3382377492262,666,nvss,Deaths,age-adjusted rate
1992,A,White,65,74,All Origins,666,8,neo_lung,total,14.3161755413579,666,nvss,Deaths,age-adjusted rate
1992,A,White,75,84,All Origins,666,8,neo_lung,total,12.1877606871002,666,nvss,Deaths,age-adjusted rate
1992,A,White,85,150,All Origins,666,8,neo_lung,total,3.0468688593951,666,nvss,Deaths,age-adjusted rate
1992,A,White,25,34,All Origins,666,8,resp_copd,total,0.023853245638043,666,nvss,Deaths,age-adjusted rate
1992,A,White,35,44,All Origins,666,8,resp_copd,total,0.223893256328704,666,nvss,Deaths,age-adjusted rate
1992,A,White,45,54,All Origins,666,8,resp_copd,total,1.23012481475378,666,nvss,Deaths,age-adjusted rate
1992,A,White,55,64,All Origins,666,8,resp_copd,total,5.45629214542493,666,nvss,Deaths,age-adjusted rate
1992,A,White,65,74,All Origins,666,8,resp_copd,total,15.9667463684791,666,nvss,Deaths,age-adjusted rate
1992,A,White,75,84,All Origins,666,8,resp_copd,total,21.5401742699098,666,nvss,Deaths,age-adjusted rate
1992,A,White,85,150,All Origins,666,8,resp_copd,total,9.00813401908117,666,nvss,Deaths,age-adjusted rate
1992,A,White,25,34,All Origins,666,8,t2_dm,total,0.119266228190215,666,nvss,Deaths,age-adjusted rate
1992,A,White,35,44,All Origins,666,8,t2_dm,total,0.671679768986111,666,nvss,Deaths,age-adjusted rate
1992,A,White,45,54,All Origins,666,8,t2_dm,total,0.633700662145888,666,nvss,Deaths,age-adjusted rate
1992,A,White,55,64,All Origins,666,8,t2_dm,total,1.61534964831659,666,nvss,Deaths,age-adjusted rate
1992,A,White,65,74,All Origins,666,8,t2_dm,total,3.80641843805515,666,nvss,Deaths,age-adjusted rate
1992,A,White,75,84,All Origins,666,8,t2_dm,total,5.20518946011573,666,nvss,Deaths,age-adjusted rate
1992,A,White,85,150,All Origins,666,8,t2_dm,total,3.53260157611026,666,nvss,Deaths,age-adjusted rate
1992,A,White,25,34,All Origins,666,9,all-cause,overall,13.102792988221,666,nvss,Deaths,age-adjusted rate
1992,A,White,35,44,All Origins,666,9,all-cause,overall,28.1062028523686,666,nvss,Deaths,age-adjusted rate
1992,A,White,45,54,All Origins,666,9,all-cause,overall,46.0381706649655,666,nvss,Deaths,age-adjusted rate
1992,A,White,55,64,All Origins,666,9,all-cause,overall,82.0984454782746,666,nvss,Deaths,age-adjusted rate
1992,A,White,65,74,All Origins,666,9,all-cause,overall,154.371857318915,666,nvss,Deaths,age-adjusted rate
1992,A,White,75,84,All Origins,666,9,all-cause,overall,241.640878948634,666,nvss,Deaths,age-adjusted rate
1992,A,White,85,150,All Origins,666,9,all-cause,overall,229.813734445293,666,nvss,Deaths,age-adjusted rate
1992,A,White,25,34,All Origins,666,9,cvd_ihd,total,0.138215115909505,666,nvss,Deaths,age-adjusted rate
1992,A,White,35,44,All Origins,666,9,cvd_ihd,total,1.06776015738165,666,nvss,Deaths,age-adjusted rate
1992,A,White,45,54,All Origins,666,9,cvd_ihd,total,2.93285915384524,666,nvss,Deaths,age-adjusted rate
1992,A,White,55,64,All Origins,666,9,cvd_ihd,total,7.75392695437292,666,nvss,Deaths,age-adjusted rate
1992,A,White,65,74,All Origins,666,9,cvd_ihd,total,17.8469328919577,666,nvss,Deaths,age-adjusted rate
1992,A,White,75,84,All Origins,666,9,cvd_ihd,total,32.0125150229872,666,nvss,Deaths,age-adjusted rate
1992,A,White,85,150,All Origins,666,9,cvd_ihd,total,43.2510994058335,666,nvss,Deaths,age-adjusted rate
1992,A,White,25,34,All Origins,666,9,cvd_stroke,total,0.110572092727604,666,nvss,Deaths,age-adjusted rate
1992,A,White,35,44,All Origins,666,9,cvd_stroke,total,0.344438760445694,666,nvss,Deaths,age-adjusted rate
1992,A,White,45,54,All Origins,666,9,cvd_stroke,total,0.694624536437032,666,nvss,Deaths,age-adjusted rate
1992,A,White,55,64,All Origins,666,9,cvd_stroke,total,0.931802380783011,666,nvss,Deaths,age-adjusted rate
1992,A,White,65,74,All Origins,666,9,cvd_stroke,total,1.80936646830908,666,nvss,Deaths,age-adjusted rate
1992,A,White,75,84,All Origins,666,9,cvd_stroke,total,2.87959465278545,666,nvss,Deaths,age-adjusted rate
1992,A,White,85,150,All Origins,666,9,cvd_stroke,total,3.28489362575951,666,nvss,Deaths,age-adjusted rate
1992,A,White,25,34,All Origins,666,9,lri,total,0.0276430231819009,666,nvss,Deaths,age-adjusted rate
1992,A,White,45,54,All Origins,666,9,lri,total,0.0385902520242795,666,nvss,Deaths,age-adjusted rate
1992,A,White,55,64,All Origins,666,9,lri,total,0.0332786564565361,666,nvss,Deaths,age-adjusted rate
1992,A,White,65,74,All Origins,666,9,lri,total,0.109658573836914,666,nvss,Deaths,age-adjusted rate
1992,A,White,75,84,All Origins,666,9,lri,total,0.183803914007582,666,nvss,Deaths,age-adjusted rate
1992,A,White,85,150,All Origins,666,9,lri,total,0.322048394682305,666,nvss,Deaths,age-adjusted rate
1992,A,White,25,34,All Origins,666,9,ncd_lri,total,6.30260928547341,666,nvss,Deaths,age-adjusted rate
1992,A,White,35,44,All Origins,666,9,ncd_lri,total,19.839672601672,666,nvss,Deaths,age-adjusted rate
1992,A,White,45,54,All Origins,666,9,ncd_lri,total,40.2882231133478,666,nvss,Deaths,age-adjusted rate
1992,A,White,55,64,All Origins,666,9,ncd_lri,total,77.0068110404246,666,nvss,Deaths,age-adjusted rate
1992,A,White,65,74,All Origins,666,9,ncd_lri,total,145.133122473155,666,nvss,Deaths,age-adjusted rate
1992,A,White,75,84,All Origins,666,9,ncd_lri,total,222.494637906178,666,nvss,Deaths,age-adjusted rate
1992,A,White,85,150,All Origins,666,9,ncd_lri,total,202.02095798421,666,nvss,Deaths,age-adjusted rate
1992,A,White,25,34,All Origins,666,9,neo_lung,total,0.110572092727604,666,nvss,Deaths,age-adjusted rate
1992,A,White,35,44,All Origins,666,9,neo_lung,total,0.964428529247943,666,nvss,Deaths,age-adjusted rate
1992,A,White,45,54,All Origins,666,9,neo_lung,total,4.86237175505922,666,nvss,Deaths,age-adjusted rate
1992,A,White,55,64,All Origins,666,9,neo_lung,total,11.6475297597876,666,nvss,Deaths,age-adjusted rate
1992,A,White,65,74,All Origins,666,9,neo_lung,total,17.9017621788762,666,nvss,Deaths,age-adjusted rate
1992,A,White,75,84,All Origins,666,9,neo_lung,total,15.5314307336407,666,nvss,Deaths,age-adjusted rate
1992,A,White,85,150,All Origins,666,9,neo_lung,total,3.25268878629128,666,nvss,Deaths,age-adjusted rate
1992,A,White,25,34,All Origins,666,9,resp_copd,total,0.0552860463638019,666,nvss,Deaths,age-adjusted rate
1992,A,White,35,44,All Origins,666,9,resp_copd,total,0.137775504178278,666,nvss,Deaths,age-adjusted rate
1992,A,White,45,54,All Origins,666,9,resp_copd,total,0.347312268218516,666,nvss,Deaths,age-adjusted rate
1992,A,White,55,64,All Origins,666,9,resp_copd,total,2.72884982943596,666,nvss,Deaths,age-adjusted rate
1992,A,White,65,74,All Origins,666,9,resp_copd,total,8.44371018544235,666,nvss,Deaths,age-adjusted rate
1992,A,White,75,84,All Origins,666,9,resp_copd,total,13.6933915935648,666,nvss,Deaths,age-adjusted rate
1992,A,White,85,150,All Origins,666,9,resp_copd,total,8.92074053269984,666,nvss,Deaths,age-adjusted rate
1992,A,White,25,34,All Origins,666,9,t2_dm,total,0.138215115909505,666,nvss,Deaths,age-adjusted rate
1992,A,White,35,44,All Origins,666,9,t2_dm,total,0.413326512534833,666,nvss,Deaths,age-adjusted rate
1992,A,White,45,54,All Origins,666,9,t2_dm,total,0.733214788461311,666,nvss,Deaths,age-adjusted rate
1992,A,White,55,64,All Origins,666,9,t2_dm,total,2.06327670030524,666,nvss,Deaths,age-adjusted rate
1992,A,White,65,74,All Origins,666,9,t2_dm,total,3.20751328472972,666,nvss,Deaths,age-adjusted rate
1992,A,White,75,84,All Origins,666,9,t2_dm,total,5.02397364954057,666,nvss,Deaths,age-adjusted rate
1992,A,White,85,150,All Origins,666,9,t2_dm,total,2.99505007054544,666,nvss,Deaths,age-adjusted rate
1992,A,White,25,34,All Origins,666,10,all-cause,overall,16.7745012376191,666,nvss,Deaths,age-adjusted rate
1992,A,White,35,44,All Origins,666,10,all-cause,overall,32.0699597167678,666,nvss,Deaths,age-adjusted rate
1992,A,White,45,54,All Origins,666,10,all-cause,overall,52.9540258516186,666,nvss,Deaths,age-adjusted rate
1992,A,White,55,64,All Origins,666,10,all-cause,overall,102.496624564621,666,nvss,Deaths,age-adjusted rate
1992,A,White,65,74,All Origins,666,10,all-cause,overall,167.120008675893,666,nvss,Deaths,age-adjusted rate
1992,A,White,75,84,All Origins,666,10,all-cause,overall,275.768387818097,666,nvss,Deaths,age-adjusted rate
1992,A,White,85,150,All Origins,666,10,all-cause,overall,249.317146111145,666,nvss,Deaths,age-adjusted rate
1992,A,White,25,34,All Origins,666,10,cvd_ihd,total,0.142156790149315,666,nvss,Deaths,age-adjusted rate
1992,A,White,35,44,All Origins,666,10,cvd_ihd,total,0.759052300988587,666,nvss,Deaths,age-adjusted rate
1992,A,White,45,54,All Origins,666,10,cvd_ihd,total,7.10358883375371,666,nvss,Deaths,age-adjusted rate
1992,A,White,55,64,All Origins,666,10,cvd_ihd,total,8.28768086413605,666,nvss,Deaths,age-adjusted rate
1992,A,White,65,74,All Origins,666,10,cvd_ihd,total,13.1635623272107,666,nvss,Deaths,age-adjusted rate
1992,A,White,75,84,All Origins,666,10,cvd_ihd,total,26.4784725145399,666,nvss,Deaths,age-adjusted rate
1992,A,White,85,150,All Origins,666,10,cvd_ihd,total,36.4854360162651,666,nvss,Deaths,age-adjusted rate
1992,A,White,25,34,All Origins,666,10,cvd_stroke,total,0.142156790149315,666,nvss,Deaths,age-adjusted rate
1992,A,White,35,44,All Origins,666,10,cvd_stroke,total,0.189763075247147,666,nvss,Deaths,age-adjusted rate
1992,A,White,45,54,All Origins,666,10,cvd_stroke,total,0.645780803068519,666,nvss,Deaths,age-adjusted rate
1992,A,White,55,64,All Origins,666,10,cvd_stroke,total,1.01481806499625,666,nvss,Deaths,age-adjusted rate
1992,A,White,65,74,All Origins,666,10,cvd_stroke,total,1.86006858971456,666,nvss,Deaths,age-adjusted rate
1992,A,White,75,84,All Origins,666,10,cvd_stroke,total,2.94205250161554,666,nvss,Deaths,age-adjusted rate
1992,A,White,85,150,All Origins,666,10,cvd_stroke,total,4.27915607598171,666,nvss,Deaths,age-adjusted rate
1992,A,White,55,64,All Origins,666,10,lri,total,0.169136344166042,666,nvss,Deaths,age-adjusted rate
1992,A,White,75,84,All Origins,666,10,lri,total,0.392273666882072,666,nvss,Deaths,age-adjusted rate
1992,A,White,85,150,All Origins,666,10,lri,total,0.225218740841143,666,nvss,Deaths,age-adjusted rate
1992,A,White,25,34,All Origins,666,10,ncd_lri,total,5.97058518627121,666,nvss,Deaths,age-adjusted rate
1992,A,White,35,44,All Origins,666,10,ncd_lri,total,23.7203844058933,666,nvss,Deaths,age-adjusted rate
1992,A,White,45,54,All Origins,666,10,ncd_lri,total,44.3436151440383,666,nvss,Deaths,age-adjusted rate
1992,A,White,55,64,All Origins,666,10,ncd_lri,total,94.3780800446514,666,nvss,Deaths,age-adjusted rate
1992,A,White,65,74,All Origins,666,10,ncd_lri,total,156.245761536023,666,nvss,Deaths,age-adjusted rate
1992,A,White,75,84,All Origins,666,10,ncd_lri,total,254.193336139583,666,nvss,Deaths,age-adjusted rate
1992,A,White,85,150,All Origins,666,10,ncd_lri,total,220.038709801796,666,nvss,Deaths,age-adjusted rate
1992,A,White,25,34,All Origins,666,10,neo_lung,total,0.142156790149315,666,nvss,Deaths,age-adjusted rate
1992,A,White,35,44,All Origins,666,10,neo_lung,total,1.13857845148288,666,nvss,Deaths,age-adjusted rate
1992,A,White,45,54,All Origins,666,10,neo_lung,total,5.38150669223766,666,nvss,Deaths,age-adjusted rate
1992,A,White,55,64,All Origins,666,10,neo_lung,total,15.2222709749438,666,nvss,Deaths,age-adjusted rate
1992,A,White,65,74,All Origins,666,10,neo_lung,total,22.89315187341,666,nvss,Deaths,age-adjusted rate
1992,A,White,75,84,All Origins,666,10,neo_lung,total,18.4368623434574,666,nvss,Deaths,age-adjusted rate
1992,A,White,85,150,All Origins,666,10,neo_lung,total,3.60349985345828,666,nvss,Deaths,age-adjusted rate
1992,A,White,35,44,All Origins,666,10,resp_copd,total,0.379526150494293,666,nvss,Deaths,age-adjusted rate
1992,A,White,45,54,All Origins,666,10,resp_copd,total,1.50682187382654,666,nvss,Deaths,age-adjusted rate
1992,A,White,55,64,All Origins,666,10,resp_copd,total,5.75063570164542,666,nvss,Deaths,age-adjusted rate
1992,A,White,65,74,All Origins,666,10,resp_copd,total,10.0157539446169,666,nvss,Deaths,age-adjusted rate
1992,A,White,75,84,All Origins,666,10,resp_copd,total,15.1025361749598,666,nvss,Deaths,age-adjusted rate
1992,A,White,85,150,All Origins,666,10,resp_copd,total,7.88265592943999,666,nvss,Deaths,age-adjusted rate
1992,A,White,25,34,All Origins,666,10,t2_dm,total,0.284313580298629,666,nvss,Deaths,age-adjusted rate
1992,A,White,35,44,All Origins,666,10,t2_dm,total,1.32834152673003,666,nvss,Deaths,age-adjusted rate
1992,A,White,45,54,All Origins,666,10,t2_dm,total,1.29156160613704,666,nvss,Deaths,age-adjusted rate
1992,A,White,55,64,All Origins,666,10,t2_dm,total,2.53704516249063,666,nvss,Deaths,age-adjusted rate
1992,A,White,65,74,All Origins,666,10,t2_dm,total,5.43712356993487,666,nvss,Deaths,age-adjusted rate
1992,A,White,75,84,All Origins,666,10,t2_dm,total,10.5913890058159,666,nvss,Deaths,age-adjusted rate
1992,A,White,85,150,All Origins,666,10,t2_dm,total,5.40524978018742,666,nvss,Deaths,age-adjusted rate
1992,A,White,25,34,All Origins,666,11,all-cause,overall,22.9884224241103,666,nvss,Deaths,age-adjusted rate
1992,A,White,35,44,All Origins,666,11,all-cause,overall,65.1458575270994,666,nvss,Deaths,age-adjusted rate
1992,A,White,45,54,All Origins,666,11,all-cause,overall,57.0009071421784,666,nvss,Deaths,age-adjusted rate
1992,A,White,55,64,All Origins,666,11,all-cause,overall,85.5177697504222,666,nvss,Deaths,age-adjusted rate
1992,A,White,65,74,All Origins,666,11,all-cause,overall,133.220870275499,666,nvss,Deaths,age-adjusted rate
1992,A,White,75,84,All Origins,666,11,all-cause,overall,222.382088759981,666,nvss,Deaths,age-adjusted rate
1992,A,White,85,150,All Origins,666,11,all-cause,overall,210.377021662095,666,nvss,Deaths,age-adjusted rate
1992,A,White,25,34,All Origins,666,11,cvd_ihd,total,0.851423052744827,666,nvss,Deaths,age-adjusted rate
1992,A,White,35,44,All Origins,666,11,cvd_ihd,total,2.66991219373358,666,nvss,Deaths,age-adjusted rate
1992,A,White,45,54,All Origins,666,11,cvd_ihd,total,5.51621682021081,666,nvss,Deaths,age-adjusted rate
1992,A,White,55,64,All Origins,666,11,cvd_ihd,total,6.25739778661626,666,nvss,Deaths,age-adjusted rate
1992,A,White,65,74,All Origins,666,11,cvd_ihd,total,7.04251296610569,666,nvss,Deaths,age-adjusted rate
1992,A,White,75,84,All Origins,666,11,cvd_ihd,total,20.8985577388898,666,nvss,Deaths,age-adjusted rate
1992,A,White,85,150,All Origins,666,11,cvd_ihd,total,24.7237952808017,666,nvss,Deaths,age-adjusted rate
1992,A,White,45,54,All Origins,666,11,cvd_stroke,total,0.612912980023424,666,nvss,Deaths,age-adjusted rate
1992,A,White,65,74,All Origins,666,11,cvd_stroke,total,1.76062824152642,666,nvss,Deaths,age-adjusted rate
1992,A,White,75,84,All Origins,666,11,cvd_stroke,total,5.89446500327661,666,nvss,Deaths,age-adjusted rate
1992,A,White,85,150,All Origins,666,11,cvd_stroke,total,1.79809420224012,666,nvss,Deaths,age-adjusted rate
1992,A,White,85,150,All Origins,666,11,lri,total,0.899047101120062,666,nvss,Deaths,age-adjusted rate
1992,A,White,25,34,All Origins,666,11,ncd_lri,total,17.5960764233931,666,nvss,Deaths,age-adjusted rate
1992,A,White,35,44,All Origins,666,11,ncd_lri,total,50.728331680938,666,nvss,Deaths,age-adjusted rate
1992,A,White,45,54,All Origins,666,11,ncd_lri,total,48.4201254218505,666,nvss,Deaths,age-adjusted rate
1992,A,White,55,64,All Origins,666,11,ncd_lri,total,80.6509048052762,666,nvss,Deaths,age-adjusted rate
1992,A,White,65,74,All Origins,666,11,ncd_lri,total,119.722720423797,666,nvss,Deaths,age-adjusted rate
1992,A,White,75,84,All Origins,666,11,ncd_lri,total,198.804228746875,666,nvss,Deaths,age-adjusted rate
1992,A,White,85,150,All Origins,666,11,ncd_lri,total,180.258943774572,666,nvss,Deaths,age-adjusted rate
1992,A,White,35,44,All Origins,666,11,neo_lung,total,0.533982438746716,666,nvss,Deaths,age-adjusted rate
1992,A,White,45,54,All Origins,666,11,neo_lung,total,3.06456490011712,666,nvss,Deaths,age-adjusted rate
1992,A,White,55,64,All Origins,666,11,neo_lung,total,9.73372989029196,666,nvss,Deaths,age-adjusted rate
1992,A,White,65,74,All Origins,666,11,neo_lung,total,11.7375216101762,666,nvss,Deaths,age-adjusted rate
1992,A,White,75,84,All Origins,666,11,neo_lung,total,13.9323718259265,666,nvss,Deaths,age-adjusted rate
1992,A,White,85,150,All Origins,666,11,neo_lung,total,4.49523550560031,666,nvss,Deaths,age-adjusted rate
1992,A,White,55,64,All Origins,666,11,resp_copd,total,2.78106568294056,666,nvss,Deaths,age-adjusted rate
1992,A,White,65,74,All Origins,666,11,resp_copd,total,6.45563688559688,666,nvss,Deaths,age-adjusted rate
1992,A,White,75,84,All Origins,666,11,resp_copd,total,16.0758136452998,666,nvss,Deaths,age-adjusted rate
1992,A,White,85,150,All Origins,666,11,resp_copd,total,3.59618840448025,666,nvss,Deaths,age-adjusted rate
1992,A,White,35,44,All Origins,666,11,t2_dm,total,0.533982438746716,666,nvss,Deaths,age-adjusted rate
1992,A,White,45,54,All Origins,666,11,t2_dm,total,0.612912980023424,666,nvss,Deaths,age-adjusted rate
1992,A,White,55,64,All Origins,666,11,t2_dm,total,1.39053284147028,666,nvss,Deaths,age-adjusted rate
1992,A,White,65,74,All Origins,666,11,t2_dm,total,4.10813256356165,666,nvss,Deaths,age-adjusted rate
1992,A,White,75,84,All Origins,666,11,t2_dm,total,6.96618591296326,666,nvss,Deaths,age-adjusted rate
1992,A,White,85,150,All Origins,666,11,t2_dm,total,2.69714130336019,666,nvss,Deaths,age-adjusted rate
1992,A,White,25,34,All Origins,666,12,all-cause,overall,17.8438243485981,666,nvss,Deaths,age-adjusted rate
1992,A,White,35,44,All Origins,666,12,all-cause,overall,37.0710185409043,666,nvss,Deaths,age-adjusted rate
1992,A,White,45,54,All Origins,666,12,all-cause,overall,62.2672873448052,666,nvss,Deaths,age-adjusted rate
1992,A,White,55,64,All Origins,666,12,all-cause,overall,91.1504696978181,666,nvss,Deaths,age-adjusted rate
1992,A,White,65,74,All Origins,666,12,all-cause,overall,140.340387329399,666,nvss,Deaths,age-adjusted rate
1992,A,White,75,84,All Origins,666,12,all-cause,overall,221.985401629897,666,nvss,Deaths,age-adjusted rate
1992,A,White,85,150,All Origins,666,12,all-cause,overall,214.828806260776,666,nvss,Deaths,age-adjusted rate
1992,A,White,25,34,All Origins,666,12,cvd_ihd,total,0.181232240527446,666,nvss,Deaths,age-adjusted rate
1992,A,White,35,44,All Origins,666,12,cvd_ihd,total,1.29970104844605,666,nvss,Deaths,age-adjusted rate
1992,A,White,45,54,All Origins,666,12,cvd_ihd,total,5.22079693927677,666,nvss,Deaths,age-adjusted rate
1992,A,White,55,64,All Origins,666,12,cvd_ihd,total,9.34224923899057,666,nvss,Deaths,age-adjusted rate
1992,A,White,65,74,All Origins,666,12,cvd_ihd,total,17.5916071908174,666,nvss,Deaths,age-adjusted rate
1992,A,White,75,84,All Origins,666,12,cvd_ihd,total,36.5236008527864,666,nvss,Deaths,age-adjusted rate
1992,A,White,85,150,All Origins,666,12,cvd_ihd,total,47.7125162012026,666,nvss,Deaths,age-adjusted rate
1992,A,White,25,34,All Origins,666,12,cvd_stroke,total,0.0906161202637229,666,nvss,Deaths,age-adjusted rate
1992,A,White,35,44,All Origins,666,12,cvd_stroke,total,0.482464783135275,666,nvss,Deaths,age-adjusted rate
1992,A,White,45,54,All Origins,666,12,cvd_stroke,total,0.862851376993441,666,nvss,Deaths,age-adjusted rate
1992,A,White,55,64,All Origins,666,12,cvd_stroke,total,0.893405533159857,666,nvss,Deaths,age-adjusted rate
1992,A,White,65,74,All Origins,666,12,cvd_stroke,total,1.4655532678032,666,nvss,Deaths,age-adjusted rate
1992,A,White,75,84,All Origins,666,12,cvd_stroke,total,2.84379651317849,666,nvss,Deaths,age-adjusted rate
1992,A,White,85,150,All Origins,666,12,cvd_stroke,total,3.56251587889279,666,nvss,Deaths,age-adjusted rate
1992,A,White,35,44,All Origins,666,12,lri,total,0.0196924401279704,666,nvss,Deaths,age-adjusted rate
1992,A,White,45,54,All Origins,666,12,lri,total,0.0218443386580618,666,nvss,Deaths,age-adjusted rate
1992,A,White,55,64,All Origins,666,12,lri,total,0.0308070873503399,666,nvss,Deaths,age-adjusted rate
1992,A,White,65,74,All Origins,666,12,lri,total,0.0447117946109452,666,nvss,Deaths,age-adjusted rate
1992,A,White,75,84,All Origins,666,12,lri,total,0.10720661458411,666,nvss,Deaths,age-adjusted rate
1992,A,White,85,150,All Origins,666,12,lri,total,0.118983830925692,666,nvss,Deaths,age-adjusted rate
1992,A,White,25,34,All Origins,666,12,ncd_lri,total,8.93323918933202,666,nvss,Deaths,age-adjusted rate
1992,A,White,35,44,All Origins,666,12,ncd_lri,total,25.304785564442,666,nvss,Deaths,age-adjusted rate
1992,A,White,45,54,All Origins,666,12,ncd_lri,total,52.5574788112967,666,nvss,Deaths,age-adjusted rate
1992,A,White,55,64,All Origins,666,12,ncd_lri,total,83.7721722774117,666,nvss,Deaths,age-adjusted rate
1992,A,White,65,74,All Origins,666,12,ncd_lri,total,132.222712618923,666,nvss,Deaths,age-adjusted rate
1992,A,White,75,84,All Origins,666,12,ncd_lri,total,206.824129346344,666,nvss,Deaths,age-adjusted rate
1992,A,White,85,150,All Origins,666,12,ncd_lri,total,193.236740472202,666,nvss,Deaths,age-adjusted rate
1992,A,White,25,34,All Origins,666,12,neo_lung,total,0.0830647769084127,666,nvss,Deaths,age-adjusted rate
1992,A,White,35,44,All Origins,666,12,neo_lung,total,1.43754812934184,666,nvss,Deaths,age-adjusted rate
1992,A,White,45,54,All Origins,666,12,neo_lung,total,7.40523080508295,666,nvss,Deaths,age-adjusted rate
1992,A,White,55,64,All Origins,666,12,neo_lung,total,14.1327513219684,666,nvss,Deaths,age-adjusted rate
1992,A,White,65,74,All Origins,666,12,neo_lung,total,18.4013874709934,666,nvss,Deaths,age-adjusted rate
1992,A,White,75,84,All Origins,666,12,neo_lung,total,16.3913271245705,666,nvss,Deaths,age-adjusted rate
1992,A,White,85,150,All Origins,666,12,neo_lung,total,5.17929616970661,666,nvss,Deaths,age-adjusted rate
1992,A,White,25,34,All Origins,666,12,resp_copd,total,0.0377567167765512,666,nvss,Deaths,age-adjusted rate
1992,A,White,35,44,All Origins,666,12,resp_copd,total,0.256001721663615,666,nvss,Deaths,age-adjusted rate
1992,A,White,45,54,All Origins,666,12,resp_copd,total,1.35434899679983,666,nvss,Deaths,age-adjusted rate
1992,A,White,55,64,All Origins,666,12,resp_copd,total,4.41311526293619,666,nvss,Deaths,age-adjusted rate
1992,A,White,65,74,All Origins,666,12,resp_copd,total,9.42922068573044,666,nvss,Deaths,age-adjusted rate
1992,A,White,75,84,All Origins,666,12,resp_copd,total,13.7393740269635,666,nvss,Deaths,age-adjusted rate
1992,A,White,85,150,All Origins,666,12,resp_copd,total,7.87392998772964,666,nvss,Deaths,age-adjusted rate
1992,A,White,25,34,All Origins,666,12,t2_dm,total,0.203886270593377,666,nvss,Deaths,age-adjusted rate
1992,A,White,35,44,All Origins,666,12,t2_dm,total,0.521849663391216,666,nvss,Deaths,age-adjusted rate
1992,A,White,45,54,All Origins,666,12,t2_dm,total,1.38711550478692,666,nvss,Deaths,age-adjusted rate
1992,A,White,55,64,All Origins,666,12,t2_dm,total,2.31053155127549,666,nvss,Deaths,age-adjusted rate
1992,A,White,65,74,All Origins,666,12,t2_dm,total,3.33848066428391,666,nvss,Deaths,age-adjusted rate
1992,A,White,75,84,All Origins,666,12,t2_dm,total,5.00485616505818,666,nvss,Deaths,age-adjusted rate
1992,A,White,85,150,All Origins,666,12,t2_dm,total,3.12857484845791,666,nvss,Deaths,age-adjusted rate
1992,A,White,25,34,All Origins,666,13,all-cause,overall,14.8429395193674,666,nvss,Deaths,age-adjusted rate
1992,A,White,35,44,All Origins,666,13,all-cause,overall,32.0368626137408,666,nvss,Deaths,age-adjusted rate
1992,A,White,45,54,All Origins,666,13,all-cause,overall,59.0170055687975,666,nvss,Deaths,age-adjusted rate
1992,A,White,55,64,All Origins,666,13,all-cause,overall,102.693141445837,666,nvss,Deaths,age-adjusted rate
1992,A,White,65,74,All Origins,666,13,all-cause,overall,178.915590765593,666,nvss,Deaths,age-adjusted rate
1992,A,White,75,84,All Origins,666,13,all-cause,overall,268.035455218127,666,nvss,Deaths,age-adjusted rate
1992,A,White,85,150,All Origins,666,13,all-cause,overall,233.930997116357,666,nvss,Deaths,age-adjusted rate
1992,A,White,25,34,All Origins,666,13,cvd_ihd,total,0.095760900124951,666,nvss,Deaths,age-adjusted rate
1992,A,White,35,44,All Origins,666,13,cvd_ihd,total,1.05140282709188,666,nvss,Deaths,age-adjusted rate
1992,A,White,45,54,All Origins,666,13,cvd_ihd,total,3.17694686166022,666,nvss,Deaths,age-adjusted rate
1992,A,White,55,64,All Origins,666,13,cvd_ihd,total,7.51887507324874,666,nvss,Deaths,age-adjusted rate
1992,A,White,65,74,All Origins,666,13,cvd_ihd,total,15.6694898707699,666,nvss,Deaths,age-adjusted rate
1992,A,White,75,84,All Origins,666,13,cvd_ihd,total,25.7427997229519,666,nvss,Deaths,age-adjusted rate
1992,A,White,85,150,All Origins,666,13,cvd_ihd,total,28.1390289591142,666,nvss,Deaths,age-adjusted rate
1992,A,White,25,34,All Origins,666,13,cvd_stroke,total,0.159601500208252,666,nvss,Deaths,age-adjusted rate
1992,A,White,35,44,All Origins,666,13,cvd_stroke,total,0.309236125615259,666,nvss,Deaths,age-adjusted rate
1992,A,White,45,54,All Origins,666,13,cvd_stroke,total,0.742060580825745,666,nvss,Deaths,age-adjusted rate
1992,A,White,55,64,All Origins,666,13,cvd_stroke,total,0.9938742912915,666,nvss,Deaths,age-adjusted rate
1992,A,White,65,74,All Origins,666,13,cvd_stroke,total,1.64293471777404,666,nvss,Deaths,age-adjusted rate
1992,A,White,75,84,All Origins,666,13,cvd_stroke,total,3.45950668213583,666,nvss,Deaths,age-adjusted rate
1992,A,White,85,150,All Origins,666,13,cvd_stroke,total,3.2719801115249,666,nvss,Deaths,age-adjusted rate
1992,A,White,35,44,All Origins,666,13,lri,total,0.0412314834153678,666,nvss,Deaths,age-adjusted rate
1992,A,White,45,54,All Origins,666,13,lri,total,0.0231893931508045,666,nvss,Deaths,age-adjusted rate
1992,A,White,55,64,All Origins,666,13,lri,total,0.0648178885624892,666,nvss,Deaths,age-adjusted rate
1992,A,White,65,74,All Origins,666,13,lri,total,0.0616100519165267,666,nvss,Deaths,age-adjusted rate
1992,A,White,75,84,All Origins,666,13,lri,total,0.076312647400055,666,nvss,Deaths,age-adjusted rate
1992,A,White,85,150,All Origins,666,13,lri,total,0.186970292087137,666,nvss,Deaths,age-adjusted rate
1992,A,White,25,34,All Origins,666,13,ncd_lri,total,7.24590810945463,666,nvss,Deaths,age-adjusted rate
1992,A,White,35,44,All Origins,666,13,ncd_lri,total,22.8010103286984,666,nvss,Deaths,age-adjusted rate
1992,A,White,45,54,All Origins,666,13,ncd_lri,total,49.8571952742297,666,nvss,Deaths,age-adjusted rate
1992,A,White,55,64,All Origins,666,13,ncd_lri,total,93.942726489901,666,nvss,Deaths,age-adjusted rate
1992,A,White,65,74,All Origins,666,13,ncd_lri,total,166.79894722201,666,nvss,Deaths,age-adjusted rate
1992,A,White,75,84,All Origins,666,13,ncd_lri,total,243.233844813109,666,nvss,Deaths,age-adjusted rate
1992,A,White,85,150,All Origins,666,13,ncd_lri,total,203.735294944284,666,nvss,Deaths,age-adjusted rate
1992,A,White,25,34,All Origins,666,13,neo_lung,total,0.0638406000833007,666,nvss,Deaths,age-adjusted rate
1992,A,White,35,44,All Origins,666,13,neo_lung,total,0.927708376845776,666,nvss,Deaths,age-adjusted rate
1992,A,White,45,54,All Origins,666,13,neo_lung,total,6.23794675756642,666,nvss,Deaths,age-adjusted rate
1992,A,White,55,64,All Origins,666,13,neo_lung,total,16.2476840663306,666,nvss,Deaths,age-adjusted rate
1992,A,White,65,74,All Origins,666,13,neo_lung,total,22.1385453220052,666,nvss,Deaths,age-adjusted rate
1992,A,White,75,84,All Origins,666,13,neo_lung,total,15.7967180118114,666,nvss,Deaths,age-adjusted rate
1992,A,White,85,150,All Origins,666,13,neo_lung,total,3.17849496548133,666,nvss,Deaths,age-adjusted rate
1992,A,White,25,34,All Origins,666,13,resp_copd,total,0.0638406000833007,666,nvss,Deaths,age-adjusted rate
1992,A,White,35,44,All Origins,666,13,resp_copd,total,0.37108335073831,666,nvss,Deaths,age-adjusted rate
1992,A,White,45,54,All Origins,666,13,resp_copd,total,1.34498480274666,666,nvss,Deaths,age-adjusted rate
1992,A,White,55,64,All Origins,666,13,resp_copd,total,4.94776549360334,666,nvss,Deaths,age-adjusted rate
1992,A,White,65,74,All Origins,666,13,resp_copd,total,13.2050877941089,666,nvss,Deaths,age-adjusted rate
1992,A,White,75,84,All Origins,666,13,resp_copd,total,16.6870322314787,666,nvss,Deaths,age-adjusted rate
1992,A,White,85,150,All Origins,666,13,resp_copd,total,7.32300310674621,666,nvss,Deaths,age-adjusted rate
1992,A,White,25,34,All Origins,666,13,t2_dm,total,0.191521800249902,666,nvss,Deaths,age-adjusted rate
1992,A,White,35,44,All Origins,666,13,t2_dm,total,0.515393542692098,666,nvss,Deaths,age-adjusted rate
1992,A,White,45,54,All Origins,666,13,t2_dm,total,1.08990147808781,666,nvss,Deaths,age-adjusted rate
1992,A,White,55,64,All Origins,666,13,t2_dm,total,2.16059628541631,666,nvss,Deaths,age-adjusted rate
1992,A,White,65,74,All Origins,666,13,t2_dm,total,3.05996591185416,666,nvss,Deaths,age-adjusted rate
1992,A,White,75,84,All Origins,666,13,t2_dm,total,4.29894580353643,666,nvss,Deaths,age-adjusted rate
1992,A,White,85,150,All Origins,666,13,t2_dm,total,3.14733325013348,666,nvss,Deaths,age-adjusted rate
1992,A,White,25,34,All Origins,666,15,all-cause,overall,12.6231985893954,666,nvss,Deaths,age-adjusted rate
1992,A,White,35,44,All Origins,666,15,all-cause,overall,31.5261453309674,666,nvss,Deaths,age-adjusted rate
1992,A,White,45,54,All Origins,666,15,all-cause,overall,48.2690590578371,666,nvss,Deaths,age-adjusted rate
1992,A,White,55,64,All Origins,666,15,all-cause,overall,72.3114944312537,666,nvss,Deaths,age-adjusted rate
1992,A,White,65,74,All Origins,666,15,all-cause,overall,153.599206251177,666,nvss,Deaths,age-adjusted rate
1992,A,White,75,84,All Origins,666,15,all-cause,overall,224.244934915009,666,nvss,Deaths,age-adjusted rate
1992,A,White,85,150,All Origins,666,15,all-cause,overall,207.969228851049,666,nvss,Deaths,age-adjusted rate
1992,A,White,35,44,All Origins,666,15,cvd_ihd,total,1.13403400471106,666,nvss,Deaths,age-adjusted rate
1992,A,White,45,54,All Origins,666,15,cvd_ihd,total,1.26193618451862,666,nvss,Deaths,age-adjusted rate
1992,A,White,55,64,All Origins,666,15,cvd_ihd,total,4.13208539607164,666,nvss,Deaths,age-adjusted rate
1992,A,White,65,74,All Origins,666,15,cvd_ihd,total,16.3797946304072,666,nvss,Deaths,age-adjusted rate
1992,A,White,75,84,All Origins,666,15,cvd_ihd,total,23.3247468798459,666,nvss,Deaths,age-adjusted rate
1992,A,White,85,150,All Origins,666,15,cvd_ihd,total,30.7902494662592,666,nvss,Deaths,age-adjusted rate
1992,A,White,25,34,All Origins,666,15,cvd_stroke,total,0.177791529428105,666,nvss,Deaths,age-adjusted rate
1992,A,White,35,44,All Origins,666,15,cvd_stroke,total,0.226806800942212,666,nvss,Deaths,age-adjusted rate
1992,A,White,45,54,All Origins,666,15,cvd_stroke,total,0.315484046129654,666,nvss,Deaths,age-adjusted rate
1992,A,White,55,64,All Origins,666,15,cvd_stroke,total,0.688680899345274,666,nvss,Deaths,age-adjusted rate
1992,A,White,65,74,All Origins,666,15,cvd_stroke,total,1.85431637325364,666,nvss,Deaths,age-adjusted rate
1992,A,White,75,84,All Origins,666,15,cvd_stroke,total,3.68285477050198,666,nvss,Deaths,age-adjusted rate
1992,A,White,85,150,All Origins,666,15,cvd_stroke,total,2.70089907598765,666,nvss,Deaths,age-adjusted rate
1992,A,White,65,74,All Origins,666,15,lri,total,0.309052728875607,666,nvss,Deaths,age-adjusted rate
1992,A,White,75,84,All Origins,666,15,lri,total,0.409206085611331,666,nvss,Deaths,age-adjusted rate
1992,A,White,85,150,All Origins,666,15,lri,total,0.54017981519753,666,nvss,Deaths,age-adjusted rate
1992,A,White,25,34,All Origins,666,15,ncd_lri,total,5.15595435341504,666,nvss,Deaths,age-adjusted rate
1992,A,White,35,44,All Origins,666,15,ncd_lri,total,20.412612084799,666,nvss,Deaths,age-adjusted rate
1992,A,White,45,54,All Origins,666,15,ncd_lri,total,40.0664738584661,666,nvss,Deaths,age-adjusted rate
1992,A,White,55,64,All Origins,666,15,ncd_lri,total,67.1463876861642,666,nvss,Deaths,age-adjusted rate
1992,A,White,65,74,All Origins,666,15,ncd_lri,total,141.546149825028,666,nvss,Deaths,age-adjusted rate
1992,A,White,75,84,All Origins,666,15,ncd_lri,total,202.147806291998,666,nvss,Deaths,age-adjusted rate
1992,A,White,85,150,All Origins,666,15,ncd_lri,total,188.522755503938,666,nvss,Deaths,age-adjusted rate
1992,A,White,35,44,All Origins,666,15,neo_lung,total,0.907227203768846,666,nvss,Deaths,age-adjusted rate
1992,A,White,45,54,All Origins,666,15,neo_lung,total,4.10129259968551,666,nvss,Deaths,age-adjusted rate
1992,A,White,55,64,All Origins,666,15,neo_lung,total,10.3302134901791,666,nvss,Deaths,age-adjusted rate
1992,A,White,65,74,All Origins,666,15,neo_lung,total,17.306952817034,666,nvss,Deaths,age-adjusted rate
1992,A,White,75,84,All Origins,666,15,neo_lung,total,15.1406251676193,666,nvss,Deaths,age-adjusted rate
1992,A,White,85,150,All Origins,666,15,neo_lung,total,4.32143852158024,666,nvss,Deaths,age-adjusted rate
1992,A,White,25,34,All Origins,666,15,resp_copd,total,0.35558305885621,666,nvss,Deaths,age-adjusted rate
1992,A,White,35,44,All Origins,666,15,resp_copd,total,0.453613601884423,666,nvss,Deaths,age-adjusted rate
1992,A,White,45,54,All Origins,666,15,resp_copd,total,0.630968092259309,666,nvss,Deaths,age-adjusted rate
1992,A,White,55,64,All Origins,666,15,resp_copd,total,3.09906404705373,666,nvss,Deaths,age-adjusted rate
1992,A,White,65,74,All Origins,666,15,resp_copd,total,6.18105457751215,666,nvss,Deaths,age-adjusted rate
1992,A,White,75,84,All Origins,666,15,resp_copd,total,10.6393582258946,666,nvss,Deaths,age-adjusted rate
1992,A,White,85,150,All Origins,666,15,resp_copd,total,7.56251741276541,666,nvss,Deaths,age-adjusted rate
1992,A,White,35,44,All Origins,666,15,t2_dm,total,0.453613601884423,666,nvss,Deaths,age-adjusted rate
1992,A,White,45,54,All Origins,666,15,t2_dm,total,0.630968092259309,666,nvss,Deaths,age-adjusted rate
1992,A,White,55,64,All Origins,666,15,t2_dm,total,1.03302134901791,666,nvss,Deaths,age-adjusted rate
1992,A,White,65,74,All Origins,666,15,t2_dm,total,1.85431637325364,666,nvss,Deaths,age-adjusted rate
1992,A,White,75,84,All Origins,666,15,t2_dm,total,4.50126694172464,666,nvss,Deaths,age-adjusted rate
1992,A,White,85,150,All Origins,666,15,t2_dm,total,3.78125870638271,666,nvss,Deaths,age-adjusted rate
1992,A,White,25,34,All Origins,666,16,all-cause,overall,13.7474664552744,666,nvss,Deaths,age-adjusted rate
1992,A,White,35,44,All Origins,666,16,all-cause,overall,23.7751019623408,666,nvss,Deaths,age-adjusted rate
1992,A,White,45,54,All Origins,666,16,all-cause,overall,47.0878356539652,666,nvss,Deaths,age-adjusted rate
1992,A,White,55,64,All Origins,666,16,all-cause,overall,80.573942385447,666,nvss,Deaths,age-adjusted rate
1992,A,White,65,74,All Origins,666,16,all-cause,overall,146.040590277788,666,nvss,Deaths,age-adjusted rate
1992,A,White,75,84,All Origins,666,16,all-cause,overall,256.525615120373,666,nvss,Deaths,age-adjusted rate
1992,A,White,85,150,All Origins,666,16,all-cause,overall,229.558969827975,666,nvss,Deaths,age-adjusted rate
1992,A,White,35,44,All Origins,666,16,cvd_ihd,total,0.10031688591705,666,nvss,Deaths,age-adjusted rate
1992,A,White,45,54,All Origins,666,16,cvd_ihd,total,1.967115849774,666,nvss,Deaths,age-adjusted rate
1992,A,White,55,64,All Origins,666,16,cvd_ihd,total,6.94977400629193,666,nvss,Deaths,age-adjusted rate
1992,A,White,65,74,All Origins,666,16,cvd_ihd,total,11.3493329631422,666,nvss,Deaths,age-adjusted rate
1992,A,White,75,84,All Origins,666,16,cvd_ihd,total,28.0966573564252,666,nvss,Deaths,age-adjusted rate
1992,A,White,85,150,All Origins,666,16,cvd_ihd,total,26.5400429730884,666,nvss,Deaths,age-adjusted rate
1992,A,White,45,54,All Origins,666,16,cvd_stroke,total,0.737668443665251,666,nvss,Deaths,age-adjusted rate
1992,A,White,55,64,All Origins,666,16,cvd_stroke,total,1.19449240733142,666,nvss,Deaths,age-adjusted rate
1992,A,White,65,74,All Origins,666,16,cvd_stroke,total,0.562776841147545,666,nvss,Deaths,age-adjusted rate
1992,A,White,75,84,All Origins,666,16,cvd_stroke,total,2.506764968603,666,nvss,Deaths,age-adjusted rate
1992,A,White,85,150,All Origins,666,16,cvd_stroke,total,2.10832117075936,666,nvss,Deaths,age-adjusted rate
1992,A,White,65,74,All Origins,666,16,lri,total,0.281388420573773,666,nvss,Deaths,age-adjusted rate
1992,A,White,75,84,All Origins,666,16,lri,total,0.835588322867665,666,nvss,Deaths,age-adjusted rate
1992,A,White,85,150,All Origins,666,16,lri,total,1.3642078163737,666,nvss,Deaths,age-adjusted rate
1992,A,White,25,34,All Origins,666,16,ncd_lri,total,4.24418427478271,666,nvss,Deaths,age-adjusted rate
1992,A,White,35,44,All Origins,666,16,ncd_lri,total,13.0411951692164,666,nvss,Deaths,age-adjusted rate
1992,A,White,45,54,All Origins,666,16,ncd_lri,total,37.8669801081496,666,nvss,Deaths,age-adjusted rate
1992,A,White,55,64,All Origins,666,16,ncd_lri,total,74.1671194733966,666,nvss,Deaths,age-adjusted rate
1992,A,White,65,74,All Origins,666,16,ncd_lri,total,134.97264573522,666,nvss,Deaths,age-adjusted rate
1992,A,White,75,84,All Origins,666,16,ncd_lri,total,234.173627483663,666,nvss,Deaths,age-adjusted rate
1992,A,White,85,150,All Origins,666,16,ncd_lri,total,193.841528817464,666,nvss,Deaths,age-adjusted rate
1992,A,White,35,44,All Origins,666,16,neo_lung,total,0.200633771834099,666,nvss,Deaths,age-adjusted rate
1992,A,White,45,54,All Origins,666,16,neo_lung,total,3.68834221832626,666,nvss,Deaths,age-adjusted rate
1992,A,White,55,64,All Origins,666,16,neo_lung,total,10.3160707905896,666,nvss,Deaths,age-adjusted rate
1992,A,White,65,74,All Origins,666,16,neo_lung,total,16.039139972705,666,nvss,Deaths,age-adjusted rate
1992,A,White,75,84,All Origins,666,16,neo_lung,total,14.5183471098257,666,nvss,Deaths,age-adjusted rate
1992,A,White,85,150,All Origins,666,16,neo_lung,total,2.6043967403498,666,nvss,Deaths,age-adjusted rate
1992,A,White,25,34,All Origins,666,16,resp_copd,total,0.0922648755387545,666,nvss,Deaths,age-adjusted rate
1992,A,White,45,54,All Origins,666,16,resp_copd,total,1.59828162794138,666,nvss,Deaths,age-adjusted rate
1992,A,White,55,64,All Origins,666,16,resp_copd,total,3.8006576596909,666,nvss,Deaths,age-adjusted rate
1992,A,White,65,74,All Origins,666,16,resp_copd,total,11.8183136640985,666,nvss,Deaths,age-adjusted rate
1992,A,White,75,84,All Origins,666,16,resp_copd,total,20.6808109909747,666,nvss,Deaths,age-adjusted rate
1992,A,White,85,150,All Origins,666,16,resp_copd,total,6.69702018947092,666,nvss,Deaths,age-adjusted rate
1992,A,White,25,34,All Origins,666,16,t2_dm,total,0.276794626616264,666,nvss,Deaths,age-adjusted rate
1992,A,White,35,44,All Origins,666,16,t2_dm,total,0.702218201419347,666,nvss,Deaths,age-adjusted rate
1992,A,White,45,54,All Origins,666,16,t2_dm,total,0.983557924887002,666,nvss,Deaths,age-adjusted rate
1992,A,White,55,64,All Origins,666,16,t2_dm,total,1.73744350157298,666,nvss,Deaths,age-adjusted rate
1992,A,White,65,74,All Origins,666,16,t2_dm,total,3.56425332726779,666,nvss,Deaths,age-adjusted rate
1992,A,White,75,84,All Origins,666,16,t2_dm,total,7.41584636545053,666,nvss,Deaths,age-adjusted rate
1992,A,White,85,150,All Origins,666,16,t2_dm,total,5.2087934806996,666,nvss,Deaths,age-adjusted rate
1992,A,White,25,34,All Origins,666,17,all-cause,overall,13.4854458335221,666,nvss,Deaths,age-adjusted rate
1992,A,White,35,44,All Origins,666,17,all-cause,overall,28.7906130449907,666,nvss,Deaths,age-adjusted rate
1992,A,White,45,54,All Origins,666,17,all-cause,overall,54.7431867739959,666,nvss,Deaths,age-adjusted rate
1992,A,White,55,64,All Origins,666,17,all-cause,overall,92.5729441221505,666,nvss,Deaths,age-adjusted rate
1992,A,White,65,74,All Origins,666,17,all-cause,overall,172.335587065823,666,nvss,Deaths,age-adjusted rate
1992,A,White,75,84,All Origins,666,17,all-cause,overall,259.531931103416,666,nvss,Deaths,age-adjusted rate
1992,A,White,85,150,All Origins,666,17,all-cause,overall,230.30084248233,666,nvss,Deaths,age-adjusted rate
1992,A,White,25,34,All Origins,666,17,cvd_ihd,total,0.108216540639375,666,nvss,Deaths,age-adjusted rate
1992,A,White,35,44,All Origins,666,17,cvd_ihd,total,1.10522687858003,666,nvss,Deaths,age-adjusted rate
1992,A,White,45,54,All Origins,666,17,cvd_ihd,total,2.88594588194683,666,nvss,Deaths,age-adjusted rate
1992,A,White,55,64,All Origins,666,17,cvd_ihd,total,6.59247787043292,666,nvss,Deaths,age-adjusted rate
1992,A,White,65,74,All Origins,666,17,cvd_ihd,total,16.6717630854082,666,nvss,Deaths,age-adjusted rate
1992,A,White,75,84,All Origins,666,17,cvd_ihd,total,33.5653305815041,666,nvss,Deaths,age-adjusted rate
1992,A,White,85,150,All Origins,666,17,cvd_ihd,total,45.3388198575475,666,nvss,Deaths,age-adjusted rate
1992,A,White,25,34,All Origins,666,17,cvd_stroke,total,0.0915678420794714,666,nvss,Deaths,age-adjusted rate
1992,A,White,35,44,All Origins,666,17,cvd_stroke,total,0.481484976807143,666,nvss,Deaths,age-adjusted rate
1992,A,White,45,54,All Origins,666,17,cvd_stroke,total,0.782411994661141,666,nvss,Deaths,age-adjusted rate
1992,A,White,55,64,All Origins,666,17,cvd_stroke,total,0.973888776313954,666,nvss,Deaths,age-adjusted rate
1992,A,White,65,74,All Origins,666,17,cvd_stroke,total,1.62984467082909,666,nvss,Deaths,age-adjusted rate
1992,A,White,75,84,All Origins,666,17,cvd_stroke,total,3.91121436860747,666,nvss,Deaths,age-adjusted rate
1992,A,White,85,150,All Origins,666,17,cvd_stroke,total,3.89918183199167,666,nvss,Deaths,age-adjusted rate
1992,A,White,35,44,All Origins,666,17,lri,total,0.0109428403819805,666,nvss,Deaths,age-adjusted rate
1992,A,White,45,54,All Origins,666,17,lri,total,0.0128264261419859,666,nvss,Deaths,age-adjusted rate
1992,A,White,55,64,All Origins,666,17,lri,total,0.064212446789931,666,nvss,Deaths,age-adjusted rate
1992,A,White,65,74,All Origins,666,17,lri,total,0.027315832471996,666,nvss,Deaths,age-adjusted rate
1992,A,White,75,84,All Origins,666,17,lri,total,0.0304769950800582,666,nvss,Deaths,age-adjusted rate
1992,A,White,85,150,All Origins,666,17,lri,total,0.108310606444213,666,nvss,Deaths,age-adjusted rate
1992,A,White,25,34,All Origins,666,17,ncd_lri,total,6.16001846716444,666,nvss,Deaths,age-adjusted rate
1992,A,White,35,44,All Origins,666,17,ncd_lri,total,20.1676548239901,666,nvss,Deaths,age-adjusted rate
1992,A,White,45,54,All Origins,666,17,ncd_lri,total,47.8682223618915,666,nvss,Deaths,age-adjusted rate
1992,A,White,55,64,All Origins,666,17,ncd_lri,total,86.3336347090622,666,nvss,Deaths,age-adjusted rate
1992,A,White,65,74,All Origins,666,17,ncd_lri,total,163.26673068512,666,nvss,Deaths,age-adjusted rate
1992,A,White,75,84,All Origins,666,17,ncd_lri,total,240.392378193139,666,nvss,Deaths,age-adjusted rate
1992,A,White,85,150,All Origins,666,17,ncd_lri,total,207.035724218113,666,nvss,Deaths,age-adjusted rate
1992,A,White,25,34,All Origins,666,17,neo_lung,total,0.0749191435195675,666,nvss,Deaths,age-adjusted rate
1992,A,White,35,44,All Origins,666,17,neo_lung,total,0.973912793996266,666,nvss,Deaths,age-adjusted rate
1992,A,White,45,54,All Origins,666,17,neo_lung,total,5.18187616136231,666,nvss,Deaths,age-adjusted rate
1992,A,White,55,64,All Origins,666,17,neo_lung,total,13.1956578153308,666,nvss,Deaths,age-adjusted rate
1992,A,White,65,74,All Origins,666,17,neo_lung,total,19.8221890971784,666,nvss,Deaths,age-adjusted rate
1992,A,White,75,84,All Origins,666,17,neo_lung,total,14.9946815793886,666,nvss,Deaths,age-adjusted rate
1992,A,White,85,150,All Origins,666,17,neo_lung,total,3.59591213394787,666,nvss,Deaths,age-adjusted rate
1992,A,White,25,34,All Origins,666,17,resp_copd,total,0.0749191435195675,666,nvss,Deaths,age-adjusted rate
1992,A,White,35,44,All Origins,666,17,resp_copd,total,0.229799648021591,666,nvss,Deaths,age-adjusted rate
1992,A,White,45,54,All Origins,666,17,resp_copd,total,0.808064846945113,666,nvss,Deaths,age-adjusted rate
1992,A,White,55,64,All Origins,666,17,resp_copd,total,3.43536590326131,666,nvss,Deaths,age-adjusted rate
1992,A,White,65,74,All Origins,666,17,resp_copd,total,9.64248886261458,666,nvss,Deaths,age-adjusted rate
1992,A,White,75,84,All Origins,666,17,resp_copd,total,13.8467147647065,666,nvss,Deaths,age-adjusted rate
1992,A,White,85,150,All Origins,666,17,resp_copd,total,6.68276441760794,666,nvss,Deaths,age-adjusted rate
1992,A,White,25,34,All Origins,666,17,t2_dm,total,0.166486985599039,666,nvss,Deaths,age-adjusted rate
1992,A,White,35,44,All Origins,666,17,t2_dm,total,0.42677077489724,666,nvss,Deaths,age-adjusted rate
1992,A,White,45,54,All Origins,666,17,t2_dm,total,1.26981618805661,666,nvss,Deaths,age-adjusted rate
1992,A,White,55,64,All Origins,666,17,t2_dm,total,2.40796675462241,666,nvss,Deaths,age-adjusted rate
1992,A,White,65,74,All Origins,666,17,t2_dm,total,5.06253428480992,666,nvss,Deaths,age-adjusted rate
1992,A,White,75,84,All Origins,666,17,t2_dm,total,5.94301404061135,666,nvss,Deaths,age-adjusted rate
1992,A,White,85,150,All Origins,666,17,t2_dm,total,3.88835077134724,666,nvss,Deaths,age-adjusted rate
1992,A,White,25,34,All Origins,666,18,all-cause,overall,14.5312001351367,666,nvss,Deaths,age-adjusted rate
1992,A,White,35,44,All Origins,666,18,all-cause,overall,26.5725784083655,666,nvss,Deaths,age-adjusted rate
1992,A,White,45,54,All Origins,666,18,all-cause,overall,51.9054489725843,666,nvss,Deaths,age-adjusted rate
1992,A,White,55,64,All Origins,666,18,all-cause,overall,95.4343516870325,666,nvss,Deaths,age-adjusted rate
1992,A,White,65,74,All Origins,666,18,all-cause,overall,178.621192814908,666,nvss,Deaths,age-adjusted rate
1992,A,White,75,84,All Origins,666,18,all-cause,overall,276.179834594737,666,nvss,Deaths,age-adjusted rate
1992,A,White,85,150,All Origins,666,18,all-cause,overall,237.480572378565,666,nvss,Deaths,age-adjusted rate
1992,A,White,25,34,All Origins,666,18,cvd_ihd,total,0.166642203384595,666,nvss,Deaths,age-adjusted rate
1992,A,White,35,44,All Origins,666,18,cvd_ihd,total,0.990156914075978,666,nvss,Deaths,age-adjusted rate
1992,A,White,45,54,All Origins,666,18,cvd_ihd,total,3.68587008434531,666,nvss,Deaths,age-adjusted rate
1992,A,White,55,64,All Origins,666,18,cvd_ihd,total,9.46715028008275,666,nvss,Deaths,age-adjusted rate
1992,A,White,65,74,All Origins,666,18,cvd_ihd,total,19.58105360017,666,nvss,Deaths,age-adjusted rate
1992,A,White,75,84,All Origins,666,18,cvd_ihd,total,37.3862586252162,666,nvss,Deaths,age-adjusted rate
1992,A,White,85,150,All Origins,666,18,cvd_ihd,total,42.7503718400729,666,nvss,Deaths,age-adjusted rate
1992,A,White,25,34,All Origins,666,18,cvd_stroke,total,0.116649542369216,666,nvss,Deaths,age-adjusted rate
1992,A,White,35,44,All Origins,666,18,cvd_stroke,total,0.363731111293216,666,nvss,Deaths,age-adjusted rate
1992,A,White,45,54,All Origins,666,18,cvd_stroke,total,0.909803375249792,666,nvss,Deaths,age-adjusted rate
1992,A,White,55,64,All Origins,666,18,cvd_stroke,total,0.782409114056426,666,nvss,Deaths,age-adjusted rate
1992,A,White,65,74,All Origins,666,18,cvd_stroke,total,1.49696982707802,666,nvss,Deaths,age-adjusted rate
1992,A,White,75,84,All Origins,666,18,cvd_stroke,total,3.5277706078024,666,nvss,Deaths,age-adjusted rate
1992,A,White,85,150,All Origins,666,18,cvd_stroke,total,3.26699674192614,666,nvss,Deaths,age-adjusted rate
1992,A,White,55,64,All Origins,666,18,lri,total,0.0195602278514106,666,nvss,Deaths,age-adjusted rate
1992,A,White,65,74,All Origins,666,18,lri,total,0.103239298419174,666,nvss,Deaths,age-adjusted rate
1992,A,White,75,84,All Origins,666,18,lri,total,0.223019980953025,666,nvss,Deaths,age-adjusted rate
1992,A,White,85,150,All Origins,666,18,lri,total,0.107466998089676,666,nvss,Deaths,age-adjusted rate
1992,A,White,25,34,All Origins,666,18,ncd_lri,total,6.14909730489154,666,nvss,Deaths,age-adjusted rate
1992,A,White,35,44,All Origins,666,18,ncd_lri,total,18.3077992684252,666,nvss,Deaths,age-adjusted rate
1992,A,White,45,54,All Origins,666,18,ncd_lri,total,44.5103805122206,666,nvss,Deaths,age-adjusted rate
1992,A,White,55,64,All Origins,666,18,ncd_lri,total,89.0577174074726,666,nvss,Deaths,age-adjusted rate
1992,A,White,65,74,All Origins,666,18,ncd_lri,total,168.004751627469,666,nvss,Deaths,age-adjusted rate
1992,A,White,75,84,All Origins,666,18,ncd_lri,total,254.283327373894,666,nvss,Deaths,age-adjusted rate
1992,A,White,85,150,All Origins,666,18,ncd_lri,total,212.247321227109,666,nvss,Deaths,age-adjusted rate
1992,A,White,25,34,All Origins,666,18,neo_lung,total,0.0999853220307568,666,nvss,Deaths,age-adjusted rate
1992,A,White,35,44,All Origins,666,18,neo_lung,total,0.929535062193775,666,nvss,Deaths,age-adjusted rate
1992,A,White,45,54,All Origins,666,18,neo_lung,total,5.9953709599794,666,nvss,Deaths,age-adjusted rate
1992,A,White,55,64,All Origins,666,18,neo_lung,total,14.8462129392207,666,nvss,Deaths,age-adjusted rate
1992,A,White,65,74,All Origins,666,18,neo_lung,total,22.3341015580147,666,nvss,Deaths,age-adjusted rate
1992,A,White,75,84,All Origins,666,18,neo_lung,total,16.6859494840309,666,nvss,Deaths,age-adjusted rate
1992,A,White,85,150,All Origins,666,18,neo_lung,total,3.52491753734136,666,nvss,Deaths,age-adjusted rate
1992,A,White,25,34,All Origins,666,18,resp_copd,total,0.0999853220307568,666,nvss,Deaths,age-adjusted rate
1992,A,White,35,44,All Origins,666,18,resp_copd,total,0.323316543371748,666,nvss,Deaths,age-adjusted rate
1992,A,White,45,54,All Origins,666,18,resp_copd,total,1.28305604201894,666,nvss,Deaths,age-adjusted rate
1992,A,White,55,64,All Origins,666,18,resp_copd,total,4.24456944375611,666,nvss,Deaths,age-adjusted rate
1992,A,White,65,74,All Origins,666,18,resp_copd,total,12.6812271558219,666,nvss,Deaths,age-adjusted rate
1992,A,White,75,84,All Origins,666,18,resp_copd,total,16.6048513091389,666,nvss,Deaths,age-adjusted rate
1992,A,White,85,150,All Origins,666,18,resp_copd,total,6.68444728117782,666,nvss,Deaths,age-adjusted rate
1992,A,White,25,34,All Origins,666,18,t2_dm,total,0.233299084738433,666,nvss,Deaths,age-adjusted rate
1992,A,White,35,44,All Origins,666,18,t2_dm,total,0.626425802782761,666,nvss,Deaths,age-adjusted rate
1992,A,White,45,54,All Origins,666,18,t2_dm,total,1.37636920871122,666,nvss,Deaths,age-adjusted rate
1992,A,White,55,64,All Origins,666,18,t2_dm,total,2.73843189919749,666,nvss,Deaths,age-adjusted rate
1992,A,White,65,74,All Origins,666,18,t2_dm,total,4.71459462780895,666,nvss,Deaths,age-adjusted rate
1992,A,White,75,84,All Origins,666,18,t2_dm,total,6.73114851603675,666,nvss,Deaths,age-adjusted rate
1992,A,White,85,150,All Origins,666,18,t2_dm,total,4.36316012244083,666,nvss,Deaths,age-adjusted rate
1992,A,White,25,34,All Origins,666,19,all-cause,overall,11.904485004566,666,nvss,Deaths,age-adjusted rate
1992,A,White,35,44,All Origins,666,19,all-cause,overall,21.5093273464395,666,nvss,Deaths,age-adjusted rate
1992,A,White,45,54,All Origins,666,19,all-cause,overall,47.6670725257291,666,nvss,Deaths,age-adjusted rate
1992,A,White,55,64,All Origins,666,19,all-cause,overall,81.2388214369696,666,nvss,Deaths,age-adjusted rate
1992,A,White,65,74,All Origins,666,19,all-cause,overall,152.558051931323,666,nvss,Deaths,age-adjusted rate
1992,A,White,75,84,All Origins,666,19,all-cause,overall,244.973074100351,666,nvss,Deaths,age-adjusted rate
1992,A,White,85,150,All Origins,666,19,all-cause,overall,219.198283515486,666,nvss,Deaths,age-adjusted rate
1992,A,White,25,34,All Origins,666,19,cvd_ihd,total,0.0686137464240118,666,nvss,Deaths,age-adjusted rate
1992,A,White,35,44,All Origins,666,19,cvd_ihd,total,0.749866457949268,666,nvss,Deaths,age-adjusted rate
1992,A,White,45,54,All Origins,666,19,cvd_ihd,total,3.13107241100378,666,nvss,Deaths,age-adjusted rate
1992,A,White,55,64,All Origins,666,19,cvd_ihd,total,7.23162228026168,666,nvss,Deaths,age-adjusted rate
1992,A,White,65,74,All Origins,666,19,cvd_ihd,total,16.0494597985554,666,nvss,Deaths,age-adjusted rate
1992,A,White,75,84,All Origins,666,19,cvd_ihd,total,30.7622224828832,666,nvss,Deaths,age-adjusted rate
1992,A,White,85,150,All Origins,666,19,cvd_ihd,total,37.3713333109305,666,nvss,Deaths,age-adjusted rate
1992,A,White,25,34,All Origins,666,19,cvd_stroke,total,0.102920619636018,666,nvss,Deaths,age-adjusted rate
1992,A,White,35,44,All Origins,666,19,cvd_stroke,total,0.197333278407702,666,nvss,Deaths,age-adjusted rate
1992,A,White,45,54,All Origins,666,19,cvd_stroke,total,0.700986360672487,666,nvss,Deaths,age-adjusted rate
1992,A,White,55,64,All Origins,666,19,cvd_stroke,total,0.935433727795043,666,nvss,Deaths,age-adjusted rate
1992,A,White,65,74,All Origins,666,19,cvd_stroke,total,1.29336306068945,666,nvss,Deaths,age-adjusted rate
1992,A,White,75,84,All Origins,666,19,cvd_stroke,total,2.58378350893782,666,nvss,Deaths,age-adjusted rate
1992,A,White,85,150,All Origins,666,19,cvd_stroke,total,2.10923588875005,666,nvss,Deaths,age-adjusted rate
1992,A,White,55,64,All Origins,666,19,lri,total,0.107934660899428,666,nvss,Deaths,age-adjusted rate
1992,A,White,65,74,All Origins,666,19,lri,total,0.117578460062677,666,nvss,Deaths,age-adjusted rate
1992,A,White,75,84,All Origins,666,19,lri,total,0.0303974530463273,666,nvss,Deaths,age-adjusted rate
1992,A,White,85,150,All Origins,666,19,lri,total,0.297456343285264,666,nvss,Deaths,age-adjusted rate
1992,A,White,25,34,All Origins,666,19,ncd_lri,total,4.94018974252885,666,nvss,Deaths,age-adjusted rate
1992,A,White,35,44,All Origins,666,19,ncd_lri,total,14.5631959464884,666,nvss,Deaths,age-adjusted rate
1992,A,White,45,54,All Origins,666,19,ncd_lri,total,41.8722519441699,666,nvss,Deaths,age-adjusted rate
1992,A,White,55,64,All Origins,666,19,ncd_lri,total,75.9140448325978,666,nvss,Deaths,age-adjusted rate
1992,A,White,65,74,All Origins,666,19,ncd_lri,total,144.180586651858,666,nvss,Deaths,age-adjusted rate
1992,A,White,75,84,All Origins,666,19,ncd_lri,total,224.637178012358,666,nvss,Deaths,age-adjusted rate
1992,A,White,85,150,All Origins,666,19,ncd_lri,total,190.96697238914,666,nvss,Deaths,age-adjusted rate
1992,A,White,25,34,All Origins,666,19,neo_lung,total,0.205841239272035,666,nvss,Deaths,age-adjusted rate
1992,A,White,35,44,All Origins,666,19,neo_lung,total,0.591999835223106,666,nvss,Deaths,age-adjusted rate
1992,A,White,45,54,All Origins,666,19,neo_lung,total,4.95363694875224,666,nvss,Deaths,age-adjusted rate
1992,A,White,55,64,All Origins,666,19,neo_lung,total,11.5849869365386,666,nvss,Deaths,age-adjusted rate
1992,A,White,65,74,All Origins,666,19,neo_lung,total,18.5186074598716,666,nvss,Deaths,age-adjusted rate
1992,A,White,75,84,All Origins,666,19,neo_lung,total,14.1652131195885,666,nvss,Deaths,age-adjusted rate
1992,A,White,85,150,All Origins,666,19,neo_lung,total,2.81231451833341,666,nvss,Deaths,age-adjusted rate
1992,A,White,25,34,All Origins,666,19,resp_copd,total,0.0686137464240118,666,nvss,Deaths,age-adjusted rate
1992,A,White,35,44,All Origins,666,19,resp_copd,total,0.0789333113630809,666,nvss,Deaths,age-adjusted rate
1992,A,White,45,54,All Origins,666,19,resp_copd,total,1.12157817707598,666,nvss,Deaths,age-adjusted rate
1992,A,White,55,64,All Origins,666,19,resp_copd,total,3.77771313147998,666,nvss,Deaths,age-adjusted rate
1992,A,White,65,74,All Origins,666,19,resp_copd,total,9.90598526028052,666,nvss,Deaths,age-adjusted rate
1992,A,White,75,84,All Origins,666,19,resp_copd,total,13.8916360421716,666,nvss,Deaths,age-adjusted rate
1992,A,White,85,150,All Origins,666,19,resp_copd,total,6.11137578022452,666,nvss,Deaths,age-adjusted rate
1992,A,White,25,34,All Origins,666,19,t2_dm,total,0.205841239272035,666,nvss,Deaths,age-adjusted rate
1992,A,White,35,44,All Origins,666,19,t2_dm,total,0.513066523860026,666,nvss,Deaths,age-adjusted rate
1992,A,White,45,54,All Origins,666,19,t2_dm,total,1.26177544921048,666,nvss,Deaths,age-adjusted rate
1992,A,White,55,64,All Origins,666,19,t2_dm,total,1.97880211648951,666,nvss,Deaths,age-adjusted rate
1992,A,White,65,74,All Origins,666,19,t2_dm,total,3.23340765172361,666,nvss,Deaths,age-adjusted rate
1992,A,White,75,84,All Origins,666,19,t2_dm,total,4.98518229959767,666,nvss,Deaths,age-adjusted rate
1992,A,White,85,150,All Origins,666,19,t2_dm,total,3.2449782903847,666,nvss,Deaths,age-adjusted rate
1992,A,White,25,34,All Origins,666,20,all-cause,overall,13.1868340876269,666,nvss,Deaths,age-adjusted rate
1992,A,White,35,44,All Origins,666,20,all-cause,overall,25.9052190377959,666,nvss,Deaths,age-adjusted rate
1992,A,White,45,54,All Origins,666,20,all-cause,overall,49.4871267928337,666,nvss,Deaths,age-adjusted rate
1992,A,White,55,64,All Origins,666,20,all-cause,overall,85.8222113642199,666,nvss,Deaths,age-adjusted rate
1992,A,White,65,74,All Origins,666,20,all-cause,overall,152.271871418949,666,nvss,Deaths,age-adjusted rate
1992,A,White,75,84,All Origins,666,20,all-cause,overall,240.203200234334,666,nvss,Deaths,age-adjusted rate
1992,A,White,85,150,All Origins,666,20,all-cause,overall,221.940012977282,666,nvss,Deaths,age-adjusted rate
1992,A,White,25,34,All Origins,666,20,cvd_ihd,total,0.0375693278849771,666,nvss,Deaths,age-adjusted rate
1992,A,White,35,44,All Origins,666,20,cvd_ihd,total,0.769910356018408,666,nvss,Deaths,age-adjusted rate
1992,A,White,45,54,All Origins,666,20,cvd_ihd,total,2.92092008311845,666,nvss,Deaths,age-adjusted rate
1992,A,White,55,64,All Origins,666,20,cvd_ihd,total,6.43216783285296,666,nvss,Deaths,age-adjusted rate
1992,A,White,65,74,All Origins,666,20,cvd_ihd,total,14.0615579925154,666,nvss,Deaths,age-adjusted rate
1992,A,White,75,84,All Origins,666,20,cvd_ihd,total,27.2984885966625,666,nvss,Deaths,age-adjusted rate
1992,A,White,85,150,All Origins,666,20,cvd_ihd,total,35.4806874428139,666,nvss,Deaths,age-adjusted rate
1992,A,White,25,34,All Origins,666,20,cvd_stroke,total,0.0751386557699541,666,nvss,Deaths,age-adjusted rate
1992,A,White,35,44,All Origins,666,20,cvd_stroke,total,0.0905776889433421,666,nvss,Deaths,age-adjusted rate
1992,A,White,45,54,All Origins,666,20,cvd_stroke,total,1.01108772107946,666,nvss,Deaths,age-adjusted rate
1992,A,White,55,64,All Origins,666,20,cvd_stroke,total,1.16948506051872,666,nvss,Deaths,age-adjusted rate
1992,A,White,65,74,All Origins,666,20,cvd_stroke,total,1.36915169927123,666,nvss,Deaths,age-adjusted rate
1992,A,White,75,84,All Origins,666,20,cvd_stroke,total,3.25075258755091,666,nvss,Deaths,age-adjusted rate
1992,A,White,85,150,All Origins,666,20,cvd_stroke,total,2.5115940263607,666,nvss,Deaths,age-adjusted rate
1992,A,White,55,64,All Origins,666,20,lri,total,0.0449801946353354,666,nvss,Deaths,age-adjusted rate
1992,A,White,65,74,All Origins,666,20,lri,total,0.0370040999803036,666,nvss,Deaths,age-adjusted rate
1992,A,White,75,84,All Origins,666,20,lri,total,0.0783313876518293,666,nvss,Deaths,age-adjusted rate
1992,A,White,85,150,All Origins,666,20,lri,total,0.176872818757796,666,nvss,Deaths,age-adjusted rate
1992,A,White,25,34,All Origins,666,20,ncd_lri,total,5.18456724812683,666,nvss,Deaths,age-adjusted rate
1992,A,White,35,44,All Origins,666,20,ncd_lri,total,16.7568724545183,666,nvss,Deaths,age-adjusted rate
1992,A,White,45,54,All Origins,666,20,ncd_lri,total,42.1848265850376,666,nvss,Deaths,age-adjusted rate
1992,A,White,55,64,All Origins,666,20,ncd_lri,total,80.0647464508969,666,nvss,Deaths,age-adjusted rate
1992,A,White,65,74,All Origins,666,20,ncd_lri,total,142.354772624228,666,nvss,Deaths,age-adjusted rate
1992,A,White,75,84,All Origins,666,20,ncd_lri,total,221.403667197895,666,nvss,Deaths,age-adjusted rate
1992,A,White,85,150,All Origins,666,20,ncd_lri,total,193.781860231041,666,nvss,Deaths,age-adjusted rate
1992,A,White,25,34,All Origins,666,20,neo_lung,total,0.0375693278849771,666,nvss,Deaths,age-adjusted rate
1992,A,White,35,44,All Origins,666,20,neo_lung,total,1.13222111179178,666,nvss,Deaths,age-adjusted rate
1992,A,White,45,54,All Origins,666,20,neo_lung,total,4.94309552527737,666,nvss,Deaths,age-adjusted rate
1992,A,White,55,64,All Origins,666,20,neo_lung,total,11.2900288534692,666,nvss,Deaths,age-adjusted rate
1992,A,White,65,74,All Origins,666,20,neo_lung,total,18.0209966904079,666,nvss,Deaths,age-adjusted rate
1992,A,White,75,84,All Origins,666,20,neo_lung,total,14.7654665723698,666,nvss,Deaths,age-adjusted rate
1992,A,White,85,150,All Origins,666,20,neo_lung,total,3.82045288516839,666,nvss,Deaths,age-adjusted rate
1992,A,White,25,34,All Origins,666,20,resp_copd,total,0.0751386557699541,666,nvss,Deaths,age-adjusted rate
1992,A,White,35,44,All Origins,666,20,resp_copd,total,0.135866533415013,666,nvss,Deaths,age-adjusted rate
1992,A,White,45,54,All Origins,666,20,resp_copd,total,0.561715400599702,666,nvss,Deaths,age-adjusted rate
1992,A,White,55,64,All Origins,666,20,resp_copd,total,4.67794024207488,666,nvss,Deaths,age-adjusted rate
1992,A,White,65,74,All Origins,666,20,resp_copd,total,10.6201766943471,666,nvss,Deaths,age-adjusted rate
1992,A,White,75,84,All Origins,666,20,resp_copd,total,12.5721877181186,666,nvss,Deaths,age-adjusted rate
1992,A,White,85,150,All Origins,666,20,resp_copd,total,6.65041798529313,666,nvss,Deaths,age-adjusted rate
1992,A,White,25,34,All Origins,666,20,t2_dm,total,0.112707983654931,666,nvss,Deaths,age-adjusted rate
1992,A,White,35,44,All Origins,666,20,t2_dm,total,0.724621511546737,666,nvss,Deaths,age-adjusted rate
1992,A,White,45,54,All Origins,666,20,t2_dm,total,1.6851462017991,666,nvss,Deaths,age-adjusted rate
1992,A,White,55,64,All Origins,666,20,t2_dm,total,2.83375226202613,666,nvss,Deaths,age-adjusted rate
1992,A,White,65,74,All Origins,666,20,t2_dm,total,3.88543049793188,666,nvss,Deaths,age-adjusted rate
1992,A,White,75,84,All Origins,666,20,t2_dm,total,5.3657000541503,666,nvss,Deaths,age-adjusted rate
1992,A,White,85,150,All Origins,666,20,t2_dm,total,4.13882395893243,666,nvss,Deaths,age-adjusted rate
1992,A,White,25,34,All Origins,666,21,all-cause,overall,15.0916094255287,666,nvss,Deaths,age-adjusted rate
1992,A,White,35,44,All Origins,666,21,all-cause,overall,34.9859376147971,666,nvss,Deaths,age-adjusted rate
1992,A,White,45,54,All Origins,666,21,all-cause,overall,64.6285815645332,666,nvss,Deaths,age-adjusted rate
1992,A,White,55,64,All Origins,666,21,all-cause,overall,111.749612691195,666,nvss,Deaths,age-adjusted rate
1992,A,White,65,74,All Origins,666,21,all-cause,overall,190.298558443897,666,nvss,Deaths,age-adjusted rate
1992,A,White,75,84,All Origins,666,21,all-cause,overall,280.810128893926,666,nvss,Deaths,age-adjusted rate
1992,A,White,85,150,All Origins,666,21,all-cause,overall,241.455687583009,666,nvss,Deaths,age-adjusted rate
1992,A,White,25,34,All Origins,666,21,cvd_ihd,total,0.172616447677616,666,nvss,Deaths,age-adjusted rate
1992,A,White,35,44,All Origins,666,21,cvd_ihd,total,1.41875674538004,666,nvss,Deaths,age-adjusted rate
1992,A,White,45,54,All Origins,666,21,cvd_ihd,total,3.29667578650116,666,nvss,Deaths,age-adjusted rate
1992,A,White,55,64,All Origins,666,21,cvd_ihd,total,6.42173248918104,666,nvss,Deaths,age-adjusted rate
1992,A,White,65,74,All Origins,666,21,cvd_ihd,total,14.0371538652212,666,nvss,Deaths,age-adjusted rate
1992,A,White,75,84,All Origins,666,21,cvd_ihd,total,25.8240683958994,666,nvss,Deaths,age-adjusted rate
1992,A,White,85,150,All Origins,666,21,cvd_ihd,total,29.2064585341079,666,nvss,Deaths,age-adjusted rate
1992,A,White,25,34,All Origins,666,21,cvd_stroke,total,0.0246594925253737,666,nvss,Deaths,age-adjusted rate
1992,A,White,35,44,All Origins,666,21,cvd_stroke,total,0.362235764777882,666,nvss,Deaths,age-adjusted rate
1992,A,White,45,54,All Origins,666,21,cvd_stroke,total,0.480765218864752,666,nvss,Deaths,age-adjusted rate
1992,A,White,55,64,All Origins,666,21,cvd_stroke,total,0.974727252822123,666,nvss,Deaths,age-adjusted rate
1992,A,White,65,74,All Origins,666,21,cvd_stroke,total,1.85105325695225,666,nvss,Deaths,age-adjusted rate
1992,A,White,75,84,All Origins,666,21,cvd_stroke,total,3.65004500295398,666,nvss,Deaths,age-adjusted rate
1992,A,White,85,150,All Origins,666,21,cvd_stroke,total,3.75128825208725,666,nvss,Deaths,age-adjusted rate
1992,A,White,25,34,All Origins,666,21,lri,total,0.0246594925253737,666,nvss,Deaths,age-adjusted rate
1992,A,White,35,44,All Origins,666,21,lri,total,0.0301863137314901,666,nvss,Deaths,age-adjusted rate
1992,A,White,55,64,All Origins,666,21,lri,total,0.0286684486124154,666,nvss,Deaths,age-adjusted rate
1992,A,White,65,74,All Origins,666,21,lri,total,0.102836292052903,666,nvss,Deaths,age-adjusted rate
1992,A,White,75,84,All Origins,666,21,lri,total,0.152085208456416,666,nvss,Deaths,age-adjusted rate
1992,A,White,85,150,All Origins,666,21,lri,total,0.200961870647531,666,nvss,Deaths,age-adjusted rate
1992,A,White,25,34,All Origins,666,21,ncd_lri,total,5.84429972851356,666,nvss,Deaths,age-adjusted rate
1992,A,White,35,44,All Origins,666,21,ncd_lri,total,23.5755110242938,666,nvss,Deaths,age-adjusted rate
1992,A,White,45,54,All Origins,666,21,ncd_lri,total,55.562723151655,666,nvss,Deaths,age-adjusted rate
1992,A,White,55,64,All Origins,666,21,ncd_lri,total,103.837120874168,666,nvss,Deaths,age-adjusted rate
1992,A,White,65,74,All Origins,666,21,ncd_lri,total,177.932494324535,666,nvss,Deaths,age-adjusted rate
1992,A,White,75,84,All Origins,666,21,ncd_lri,total,255.624818373544,666,nvss,Deaths,age-adjusted rate
1992,A,White,85,150,All Origins,666,21,ncd_lri,total,210.675027728829,666,nvss,Deaths,age-adjusted rate
1992,A,White,25,34,All Origins,666,21,neo_lung,total,0.0246594925253737,666,nvss,Deaths,age-adjusted rate
1992,A,White,35,44,All Origins,666,21,neo_lung,total,1.81117882388941,666,nvss,Deaths,age-adjusted rate
1992,A,White,45,54,All Origins,666,21,neo_lung,total,7.65790312905999,666,nvss,Deaths,age-adjusted rate
1992,A,White,55,64,All Origins,666,21,neo_lung,total,18.8638391869693,666,nvss,Deaths,age-adjusted rate
1992,A,White,65,74,All Origins,666,21,neo_lung,total,27.3287446130589,666,nvss,Deaths,age-adjusted rate
1992,A,White,75,84,All Origins,666,21,neo_lung,total,18.5543954316827,666,nvss,Deaths,age-adjusted rate
1992,A,White,85,150,All Origins,666,21,neo_lung,total,4.42116115424569,666,nvss,Deaths,age-adjusted rate
1992,A,White,25,34,All Origins,666,21,resp_copd,total,0.0986379701014946,666,nvss,Deaths,age-adjusted rate
1992,A,White,35,44,All Origins,666,21,resp_copd,total,0.422608392240862,666,nvss,Deaths,age-adjusted rate
1992,A,White,45,54,All Origins,666,21,resp_copd,total,2.02608199378717,666,nvss,Deaths,age-adjusted rate
1992,A,White,55,64,All Origins,666,21,resp_copd,total,6.59374318085554,666,nvss,Deaths,age-adjusted rate
1992,A,White,65,74,All Origins,666,21,resp_copd,total,13.4201361129038,666,nvss,Deaths,age-adjusted rate
1992,A,White,75,84,All Origins,666,21,resp_copd,total,17.0031263054273,666,nvss,Deaths,age-adjusted rate
1992,A,White,85,150,All Origins,666,21,resp_copd,total,7.70353837482204,666,nvss,Deaths,age-adjusted rate
1992,A,White,25,34,All Origins,666,21,t2_dm,total,0.197275940202989,666,nvss,Deaths,age-adjusted rate
1992,A,White,35,44,All Origins,666,21,t2_dm,total,0.603726274629803,666,nvss,Deaths,age-adjusted rate
1992,A,White,45,54,All Origins,666,21,t2_dm,total,1.95740124823506,666,nvss,Deaths,age-adjusted rate
1992,A,White,55,64,All Origins,666,21,t2_dm,total,2.75217106679188,666,nvss,Deaths,age-adjusted rate
1992,A,White,65,74,All Origins,666,21,t2_dm,total,4.73046943443353,666,nvss,Deaths,age-adjusted rate
1992,A,White,75,84,All Origins,666,21,t2_dm,total,7.0567536723777,666,nvss,Deaths,age-adjusted rate
1992,A,White,85,150,All Origins,666,21,t2_dm,total,4.48814844446153,666,nvss,Deaths,age-adjusted rate
1992,A,White,25,34,All Origins,666,22,all-cause,overall,19.6554078750663,666,nvss,Deaths,age-adjusted rate
1992,A,White,35,44,All Origins,666,22,all-cause,overall,34.0028007700482,666,nvss,Deaths,age-adjusted rate
1992,A,White,45,54,All Origins,666,22,all-cause,overall,61.7897671155482,666,nvss,Deaths,age-adjusted rate
1992,A,White,55,64,All Origins,666,22,all-cause,overall,105.829781924223,666,nvss,Deaths,age-adjusted rate
1992,A,White,65,74,All Origins,666,22,all-cause,overall,179.151962263231,666,nvss,Deaths,age-adjusted rate
1992,A,White,75,84,All Origins,666,22,all-cause,overall,281.815431115864,666,nvss,Deaths,age-adjusted rate
1992,A,White,85,150,All Origins,666,22,all-cause,overall,241.286359734709,666,nvss,Deaths,age-adjusted rate
1992,A,White,25,34,All Origins,666,22,cvd_ihd,total,0.0292491188617058,666,nvss,Deaths,age-adjusted rate
1992,A,White,35,44,All Origins,666,22,cvd_ihd,total,0.472261121806225,666,nvss,Deaths,age-adjusted rate
1992,A,White,45,54,All Origins,666,22,cvd_ihd,total,3.01209426697323,666,nvss,Deaths,age-adjusted rate
1992,A,White,55,64,All Origins,666,22,cvd_ihd,total,7.07133800726238,666,nvss,Deaths,age-adjusted rate
1992,A,White,65,74,All Origins,666,22,cvd_ihd,total,16.8002954496807,666,nvss,Deaths,age-adjusted rate
1992,A,White,75,84,All Origins,666,22,cvd_ihd,total,31.84203249217,666,nvss,Deaths,age-adjusted rate
1992,A,White,85,150,All Origins,666,22,cvd_ihd,total,34.4694799621012,666,nvss,Deaths,age-adjusted rate
1992,A,White,25,34,All Origins,666,22,cvd_stroke,total,0.116996475446823,666,nvss,Deaths,age-adjusted rate
1992,A,White,35,44,All Origins,666,22,cvd_stroke,total,0.399605564605267,666,nvss,Deaths,age-adjusted rate
1992,A,White,45,54,All Origins,666,22,cvd_stroke,total,0.669354281549608,666,nvss,Deaths,age-adjusted rate
1992,A,White,55,64,All Origins,666,22,cvd_stroke,total,0.823845204729597,666,nvss,Deaths,age-adjusted rate
1992,A,White,65,74,All Origins,666,22,cvd_stroke,total,1.75067064100878,666,nvss,Deaths,age-adjusted rate
1992,A,White,75,84,All Origins,666,22,cvd_stroke,total,3.14963409452104,666,nvss,Deaths,age-adjusted rate
1992,A,White,85,150,All Origins,666,22,cvd_stroke,total,3.78488407426994,666,nvss,Deaths,age-adjusted rate
1992,A,White,45,54,All Origins,666,22,lri,total,0.0418346425968505,666,nvss,Deaths,age-adjusted rate
1992,A,White,65,74,All Origins,666,22,lri,total,0.0307135200176978,666,nvss,Deaths,age-adjusted rate
1992,A,White,75,84,All Origins,666,22,lri,total,0.115230515653209,666,nvss,Deaths,age-adjusted rate
1992,A,White,85,150,All Origins,666,22,lri,total,0.0450581437413088,666,nvss,Deaths,age-adjusted rate
1992,A,White,25,34,All Origins,666,22,ncd_lri,total,8.83323389623514,666,nvss,Deaths,age-adjusted rate
1992,A,White,35,44,All Origins,666,22,ncd_lri,total,22.9954838541031,666,nvss,Deaths,age-adjusted rate
1992,A,White,45,54,All Origins,666,22,ncd_lri,total,52.4188071738536,666,nvss,Deaths,age-adjusted rate
1992,A,White,55,64,All Origins,666,22,ncd_lri,total,98.7241170334301,666,nvss,Deaths,age-adjusted rate
1992,A,White,65,74,All Origins,666,22,ncd_lri,total,169.047214177409,666,nvss,Deaths,age-adjusted rate
1992,A,White,75,84,All Origins,666,22,ncd_lri,total,260.958707782634,666,nvss,Deaths,age-adjusted rate
1992,A,White,85,150,All Origins,666,22,ncd_lri,total,214.026182771217,666,nvss,Deaths,age-adjusted rate
1992,A,White,25,34,All Origins,666,22,neo_lung,total,0.0584982377234115,666,nvss,Deaths,age-adjusted rate
1992,A,White,35,44,All Origins,666,22,neo_lung,total,1.01717780081341,666,nvss,Deaths,age-adjusted rate
1992,A,White,45,54,All Origins,666,22,neo_lung,total,6.60987353030238,666,nvss,Deaths,age-adjusted rate
1992,A,White,55,64,All Origins,666,22,neo_lung,total,16.9574804640175,666,nvss,Deaths,age-adjusted rate
1992,A,White,65,74,All Origins,666,22,neo_lung,total,23.5879833735919,666,nvss,Deaths,age-adjusted rate
1992,A,White,75,84,All Origins,666,22,neo_lung,total,19.1282655984327,666,nvss,Deaths,age-adjusted rate
1992,A,White,85,150,All Origins,666,22,neo_lung,total,4.37063994290695,666,nvss,Deaths,age-adjusted rate
1992,A,White,25,34,All Origins,666,22,resp_copd,total,0.0584982377234115,666,nvss,Deaths,age-adjusted rate
1992,A,White,35,44,All Origins,666,22,resp_copd,total,0.217966671602873,666,nvss,Deaths,age-adjusted rate
1992,A,White,45,54,All Origins,666,22,resp_copd,total,0.92036213713071,666,nvss,Deaths,age-adjusted rate
1992,A,White,55,64,All Origins,666,22,resp_copd,total,4.22220667423919,666,nvss,Deaths,age-adjusted rate
1992,A,White,65,74,All Origins,666,22,resp_copd,total,9.8897534456987,666,nvss,Deaths,age-adjusted rate
1992,A,White,75,84,All Origins,666,22,resp_copd,total,14.8647365192639,666,nvss,Deaths,age-adjusted rate
1992,A,White,85,150,All Origins,666,22,resp_copd,total,7.43459371731595,666,nvss,Deaths,age-adjusted rate
1992,A,White,25,34,All Origins,666,22,t2_dm,total,0.321740307478763,666,nvss,Deaths,age-adjusted rate
1992,A,White,35,44,All Origins,666,22,t2_dm,total,0.581244457607661,666,nvss,Deaths,age-adjusted rate
1992,A,White,45,54,All Origins,666,22,t2_dm,total,1.96622820205197,666,nvss,Deaths,age-adjusted rate
1992,A,White,55,64,All Origins,666,22,t2_dm,total,2.91778510008399,666,nvss,Deaths,age-adjusted rate
1992,A,White,65,74,All Origins,666,22,t2_dm,total,6.01984992346877,666,nvss,Deaths,age-adjusted rate
1992,A,White,75,84,All Origins,666,22,t2_dm,total,7.72044454876499,666,nvss,Deaths,age-adjusted rate
1992,A,White,85,150,All Origins,666,22,t2_dm,total,5.72238425514622,666,nvss,Deaths,age-adjusted rate
1992,A,White,25,34,All Origins,666,23,all-cause,overall,13.2107118894423,666,nvss,Deaths,age-adjusted rate
1992,A,White,35,44,All Origins,666,23,all-cause,overall,25.0156137142739,666,nvss,Deaths,age-adjusted rate
1992,A,White,45,54,All Origins,666,23,all-cause,overall,55.0927308159109,666,nvss,Deaths,age-adjusted rate
1992,A,White,55,64,All Origins,666,23,all-cause,overall,93.9987640678604,666,nvss,Deaths,age-adjusted rate
1992,A,White,65,74,All Origins,666,23,all-cause,overall,168.208405704676,666,nvss,Deaths,age-adjusted rate
1992,A,White,75,84,All Origins,666,23,all-cause,overall,263.945322420424,666,nvss,Deaths,age-adjusted rate
1992,A,White,85,150,All Origins,666,23,all-cause,overall,236.455555540079,666,nvss,Deaths,age-adjusted rate
1992,A,White,25,34,All Origins,666,23,cvd_ihd,total,0.646176125027067,666,nvss,Deaths,age-adjusted rate
1992,A,White,35,44,All Origins,666,23,cvd_ihd,total,1.05585382560247,666,nvss,Deaths,age-adjusted rate
1992,A,White,45,54,All Origins,666,23,cvd_ihd,total,5.08088475879106,666,nvss,Deaths,age-adjusted rate
1992,A,White,55,64,All Origins,666,23,cvd_ihd,total,6.86003143501327,666,nvss,Deaths,age-adjusted rate
1992,A,White,65,74,All Origins,666,23,cvd_ihd,total,15.1450669579866,666,nvss,Deaths,age-adjusted rate
1992,A,White,75,84,All Origins,666,23,cvd_ihd,total,29.9827662639244,666,nvss,Deaths,age-adjusted rate
1992,A,White,85,150,All Origins,666,23,cvd_ihd,total,35.0157488224227,666,nvss,Deaths,age-adjusted rate
1992,A,White,25,34,All Origins,666,23,cvd_stroke,total,0.143594694450459,666,nvss,Deaths,age-adjusted rate
1992,A,White,35,44,All Origins,666,23,cvd_stroke,total,0.487317150278063,666,nvss,Deaths,age-adjusted rate
1992,A,White,45,54,All Origins,666,23,cvd_stroke,total,0.797001530790755,666,nvss,Deaths,age-adjusted rate
1992,A,White,55,64,All Origins,666,23,cvd_stroke,total,1.14333857250221,666,nvss,Deaths,age-adjusted rate
1992,A,White,65,74,All Origins,666,23,cvd_stroke,total,1.75290126828549,666,nvss,Deaths,age-adjusted rate
1992,A,White,75,84,All Origins,666,23,cvd_stroke,total,2.66693069193937,666,nvss,Deaths,age-adjusted rate
1992,A,White,85,150,All Origins,666,23,cvd_stroke,total,2.69962689333871,666,nvss,Deaths,age-adjusted rate
1992,A,White,75,84,All Origins,666,23,lri,total,0.0808160815739203,666,nvss,Deaths,age-adjusted rate
1992,A,White,85,150,All Origins,666,23,lri,total,0.0794007909805502,666,nvss,Deaths,age-adjusted rate
1992,A,White,25,34,All Origins,666,23,ncd_lri,total,5.81558512524361,666,nvss,Deaths,age-adjusted rate
1992,A,White,35,44,All Origins,666,23,ncd_lri,total,16.8124416845932,666,nvss,Deaths,age-adjusted rate
1992,A,White,45,54,All Origins,666,23,ncd_lri,total,47.6208414647476,666,nvss,Deaths,age-adjusted rate
1992,A,White,55,64,All Origins,666,23,ncd_lri,total,88.9354075324935,666,nvss,Deaths,age-adjusted rate
1992,A,White,65,74,All Origins,666,23,ncd_lri,total,159.443899363248,666,nvss,Deaths,age-adjusted rate
1992,A,White,75,84,All Origins,666,23,ncd_lri,total,246.246600555735,666,nvss,Deaths,age-adjusted rate
1992,A,White,85,150,All Origins,666,23,ncd_lri,total,207.553667623158,666,nvss,Deaths,age-adjusted rate
1992,A,White,35,44,All Origins,666,23,neo_lung,total,1.13707335064881,666,nvss,Deaths,age-adjusted rate
1992,A,White,45,54,All Origins,666,23,neo_lung,total,7.07338858576795,666,nvss,Deaths,age-adjusted rate
1992,A,White,55,64,All Origins,666,23,neo_lung,total,13.5567287882405,666,nvss,Deaths,age-adjusted rate
1992,A,White,65,74,All Origins,666,23,neo_lung,total,19.2819139511404,666,nvss,Deaths,age-adjusted rate
1992,A,White,75,84,All Origins,666,23,neo_lung,total,18.7493309251495,666,nvss,Deaths,age-adjusted rate
1992,A,White,85,150,All Origins,666,23,neo_lung,total,4.84344824981356,666,nvss,Deaths,age-adjusted rate
1992,A,White,35,44,All Origins,666,23,resp_copd,total,0.243658575139032,666,nvss,Deaths,age-adjusted rate
1992,A,White,45,54,All Origins,666,23,resp_copd,total,0.896626722139599,666,nvss,Deaths,age-adjusted rate
1992,A,White,55,64,All Origins,666,23,resp_copd,total,6.61503031233422,666,nvss,Deaths,age-adjusted rate
1992,A,White,65,74,All Origins,666,23,resp_copd,total,12.4105409794613,666,nvss,Deaths,age-adjusted rate
1992,A,White,75,84,All Origins,666,23,resp_copd,total,18.8301470067234,666,nvss,Deaths,age-adjusted rate
1992,A,White,85,150,All Origins,666,23,resp_copd,total,9.92509887256878,666,nvss,Deaths,age-adjusted rate
1992,A,White,25,34,All Origins,666,23,t2_dm,total,0.215392041675689,666,nvss,Deaths,age-adjusted rate
1992,A,White,35,44,All Origins,666,23,t2_dm,total,0.730975725417095,666,nvss,Deaths,age-adjusted rate
1992,A,White,45,54,All Origins,666,23,t2_dm,total,1.19550229618613,666,nvss,Deaths,age-adjusted rate
1992,A,White,55,64,All Origins,666,23,t2_dm,total,3.10334755393457,666,nvss,Deaths,age-adjusted rate
1992,A,White,65,74,All Origins,666,23,t2_dm,total,5.25870380485648,666,nvss,Deaths,age-adjusted rate
1992,A,White,75,84,All Origins,666,23,t2_dm,total,8.80895289155731,666,nvss,Deaths,age-adjusted rate
1992,A,White,85,150,All Origins,666,23,t2_dm,total,5.79625774158017,666,nvss,Deaths,age-adjusted rate
1992,A,White,25,34,All Origins,666,24,all-cause,overall,13.4146971555033,666,nvss,Deaths,age-adjusted rate
1992,A,White,35,44,All Origins,666,24,all-cause,overall,27.7375769649023,666,nvss,Deaths,age-adjusted rate
1992,A,White,45,54,All Origins,666,24,all-cause,overall,48.7658001657713,666,nvss,Deaths,age-adjusted rate
1992,A,White,55,64,All Origins,666,24,all-cause,overall,91.4878024709723,666,nvss,Deaths,age-adjusted rate
1992,A,White,65,74,All Origins,666,24,all-cause,overall,172.822407463962,666,nvss,Deaths,age-adjusted rate
1992,A,White,75,84,All Origins,666,24,all-cause,overall,270.848114854968,666,nvss,Deaths,age-adjusted rate
1992,A,White,85,150,All Origins,666,24,all-cause,overall,231.278444319186,666,nvss,Deaths,age-adjusted rate
1992,A,White,25,34,All Origins,666,24,cvd_ihd,total,0.0220636466373409,666,nvss,Deaths,age-adjusted rate
1992,A,White,35,44,All Origins,666,24,cvd_ihd,total,0.340338367667512,666,nvss,Deaths,age-adjusted rate
1992,A,White,45,54,All Origins,666,24,cvd_ihd,total,1.78605939129051,666,nvss,Deaths,age-adjusted rate
1992,A,White,55,64,All Origins,666,24,cvd_ihd,total,5.1404131438867,666,nvss,Deaths,age-adjusted rate
1992,A,White,65,74,All Origins,666,24,cvd_ihd,total,13.3788294557489,666,nvss,Deaths,age-adjusted rate
1992,A,White,75,84,All Origins,666,24,cvd_ihd,total,23.457008404808,666,nvss,Deaths,age-adjusted rate
1992,A,White,85,150,All Origins,666,24,cvd_ihd,total,24.1237115091208,666,nvss,Deaths,age-adjusted rate
1992,A,White,25,34,All Origins,666,24,cvd_stroke,total,0.0882545865493635,666,nvss,Deaths,age-adjusted rate
1992,A,White,35,44,All Origins,666,24,cvd_stroke,total,0.170169183833756,666,nvss,Deaths,age-adjusted rate
1992,A,White,45,54,All Origins,666,24,cvd_stroke,total,0.574090518629093,666,nvss,Deaths,age-adjusted rate
1992,A,White,55,64,All Origins,666,24,cvd_stroke,total,1.01075539346087,666,nvss,Deaths,age-adjusted rate
1992,A,White,65,74,All Origins,666,24,cvd_stroke,total,1.17753742400786,666,nvss,Deaths,age-adjusted rate
1992,A,White,75,84,All Origins,666,24,cvd_stroke,total,2.66702972273844,666,nvss,Deaths,age-adjusted rate
1992,A,White,85,150,All Origins,666,24,cvd_stroke,total,2.51663160303794,666,nvss,Deaths,age-adjusted rate
1992,A,White,45,54,All Origins,666,24,lri,total,0.0318939177016163,666,nvss,Deaths,age-adjusted rate
1992,A,White,65,74,All Origins,666,24,lri,total,0.125269938724241,666,nvss,Deaths,age-adjusted rate
1992,A,White,75,84,All Origins,666,24,lri,total,0.0321328882257644,666,nvss,Deaths,age-adjusted rate
1992,A,White,85,150,All Origins,666,24,lri,total,0.0719037600867982,666,nvss,Deaths,age-adjusted rate
1992,A,White,25,34,All Origins,666,24,ncd_lri,total,5.42765707278586,666,nvss,Deaths,age-adjusted rate
1992,A,White,35,44,All Origins,666,24,ncd_lri,total,18.151379608934,666,nvss,Deaths,age-adjusted rate
1992,A,White,45,54,All Origins,666,24,ncd_lri,total,42.0042896130286,666,nvss,Deaths,age-adjusted rate
1992,A,White,55,64,All Origins,666,24,ncd_lri,total,85.7698148165365,666,nvss,Deaths,age-adjusted rate
1992,A,White,65,74,All Origins,666,24,ncd_lri,total,163.226730157685,666,nvss,Deaths,age-adjusted rate
1992,A,White,75,84,All Origins,666,24,ncd_lri,total,250.090269061124,666,nvss,Deaths,age-adjusted rate
1992,A,White,85,150,All Origins,666,24,ncd_lri,total,205.177379407679,666,nvss,Deaths,age-adjusted rate
1992,A,White,25,34,All Origins,666,24,neo_lung,total,0.0661909399120227,666,nvss,Deaths,age-adjusted rate
1992,A,White,35,44,All Origins,666,24,neo_lung,total,1.0493766336415,666,nvss,Deaths,age-adjusted rate
1992,A,White,45,54,All Origins,666,24,neo_lung,total,5.77279910399254,666,nvss,Deaths,age-adjusted rate
1992,A,White,55,64,All Origins,666,24,neo_lung,total,13.4286073702658,666,nvss,Deaths,age-adjusted rate
1992,A,White,65,74,All Origins,666,24,neo_lung,total,22.0224552277215,666,nvss,Deaths,age-adjusted rate
1992,A,White,75,84,All Origins,666,24,neo_lung,total,18.4442778415888,666,nvss,Deaths,age-adjusted rate
1992,A,White,85,150,All Origins,666,24,neo_lung,total,3.70304364447011,666,nvss,Deaths,age-adjusted rate
1992,A,White,35,44,All Origins,666,24,resp_copd,total,0.0567230612779187,666,nvss,Deaths,age-adjusted rate
1992,A,White,45,54,All Origins,666,24,resp_copd,total,0.478408765524244,666,nvss,Deaths,age-adjusted rate
1992,A,White,55,64,All Origins,666,24,resp_copd,total,4.01414284831602,666,nvss,Deaths,age-adjusted rate
1992,A,White,65,74,All Origins,666,24,resp_copd,total,10.3472969386223,666,nvss,Deaths,age-adjusted rate
1992,A,White,75,84,All Origins,666,24,resp_copd,total,15.8415138953018,666,nvss,Deaths,age-adjusted rate
1992,A,White,85,150,All Origins,666,24,resp_copd,total,7.33418352885342,666,nvss,Deaths,age-adjusted rate
1992,A,White,25,34,All Origins,666,24,t2_dm,total,0.308891052922772,666,nvss,Deaths,age-adjusted rate
1992,A,White,35,44,All Origins,666,24,t2_dm,total,0.510507551501268,666,nvss,Deaths,age-adjusted rate
1992,A,White,45,54,All Origins,666,24,t2_dm,total,1.30765062576627,666,nvss,Deaths,age-adjusted rate
1992,A,White,55,64,All Origins,666,24,t2_dm,total,2.57020657194335,666,nvss,Deaths,age-adjusted rate
1992,A,White,65,74,All Origins,666,24,t2_dm,total,5.51187730386658,666,nvss,Deaths,age-adjusted rate
1992,A,White,75,84,All Origins,666,24,t2_dm,total,7.06923540966816,666,nvss,Deaths,age-adjusted rate
1992,A,White,85,150,All Origins,666,24,t2_dm,total,4.45803312538149,666,nvss,Deaths,age-adjusted rate
1992,A,White,25,34,All Origins,666,25,all-cause,overall,14.4982166302916,666,nvss,Deaths,age-adjusted rate
1992,A,White,35,44,All Origins,666,25,all-cause,overall,30.8958668439302,666,nvss,Deaths,age-adjusted rate
1992,A,White,45,54,All Origins,666,25,all-cause,overall,54.6098329892761,666,nvss,Deaths,age-adjusted rate
1992,A,White,55,64,All Origins,666,25,all-cause,overall,94.5607105538716,666,nvss,Deaths,age-adjusted rate
1992,A,White,65,74,All Origins,666,25,all-cause,overall,164.232723254137,666,nvss,Deaths,age-adjusted rate
1992,A,White,75,84,All Origins,666,25,all-cause,overall,256.248254833575,666,nvss,Deaths,age-adjusted rate
1992,A,White,85,150,All Origins,666,25,all-cause,overall,226.433917857466,666,nvss,Deaths,age-adjusted rate
1992,A,White,25,34,All Origins,666,25,cvd_ihd,total,0.181402133006535,666,nvss,Deaths,age-adjusted rate
1992,A,White,35,44,All Origins,666,25,cvd_ihd,total,0.982020217533234,666,nvss,Deaths,age-adjusted rate
1992,A,White,45,54,All Origins,666,25,cvd_ihd,total,3.49718142295857,666,nvss,Deaths,age-adjusted rate
1992,A,White,55,64,All Origins,666,25,cvd_ihd,total,8.27429777419765,666,nvss,Deaths,age-adjusted rate
1992,A,White,65,74,All Origins,666,25,cvd_ihd,total,16.5824039145488,666,nvss,Deaths,age-adjusted rate
1992,A,White,75,84,All Origins,666,25,cvd_ihd,total,31.7833692367675,666,nvss,Deaths,age-adjusted rate
1992,A,White,85,150,All Origins,666,25,cvd_ihd,total,34.5413220560478,666,nvss,Deaths,age-adjusted rate
1992,A,White,25,34,All Origins,666,25,cvd_stroke,total,0.0558160409250878,666,nvss,Deaths,age-adjusted rate
1992,A,White,35,44,All Origins,666,25,cvd_stroke,total,0.472125104583286,666,nvss,Deaths,age-adjusted rate
1992,A,White,45,54,All Origins,666,25,cvd_stroke,total,0.582863570493095,666,nvss,Deaths,age-adjusted rate
1992,A,White,55,64,All Origins,666,25,cvd_stroke,total,0.867010700713194,666,nvss,Deaths,age-adjusted rate
1992,A,White,65,74,All Origins,666,25,cvd_stroke,total,1.65080433588782,666,nvss,Deaths,age-adjusted rate
1992,A,White,75,84,All Origins,666,25,cvd_stroke,total,3.0049730914762,666,nvss,Deaths,age-adjusted rate
1992,A,White,85,150,All Origins,666,25,cvd_stroke,total,3.83064898631052,666,nvss,Deaths,age-adjusted rate
1992,A,White,25,34,All Origins,666,25,lri,total,0.013954010231272,666,nvss,Deaths,age-adjusted rate
1992,A,White,45,54,All Origins,666,25,lri,total,0.0224178296343498,666,nvss,Deaths,age-adjusted rate
1992,A,White,55,64,All Origins,666,25,lri,total,0.0753922348446255,666,nvss,Deaths,age-adjusted rate
1992,A,White,65,74,All Origins,666,25,lri,total,0.0446163334023736,666,nvss,Deaths,age-adjusted rate
1992,A,White,75,84,All Origins,666,25,lri,total,0.0660433646478285,666,nvss,Deaths,age-adjusted rate
1992,A,White,85,150,All Origins,666,25,lri,total,0.163702948132928,666,nvss,Deaths,age-adjusted rate
1992,A,White,25,34,All Origins,666,25,ncd_lri,total,7.70261364766212,666,nvss,Deaths,age-adjusted rate
1992,A,White,35,44,All Origins,666,25,ncd_lri,total,22.6997750283644,666,nvss,Deaths,age-adjusted rate
1992,A,White,45,54,All Origins,666,25,ncd_lri,total,48.6691081361734,666,nvss,Deaths,age-adjusted rate
1992,A,White,55,64,All Origins,666,25,ncd_lri,total,89.2267099386143,666,nvss,Deaths,age-adjusted rate
1992,A,White,65,74,All Origins,666,25,ncd_lri,total,155.130991240053,666,nvss,Deaths,age-adjusted rate
1992,A,White,75,84,All Origins,666,25,ncd_lri,total,235.411573287185,666,nvss,Deaths,age-adjusted rate
1992,A,White,85,150,All Origins,666,25,ncd_lri,total,197.098349552045,666,nvss,Deaths,age-adjusted rate
1992,A,White,25,34,All Origins,666,25,neo_lung,total,0.0976780716189037,666,nvss,Deaths,age-adjusted rate
1992,A,White,35,44,All Origins,666,25,neo_lung,total,1.07644523844989,666,nvss,Deaths,age-adjusted rate
1992,A,White,45,54,All Origins,666,25,neo_lung,total,6.61325974213319,666,nvss,Deaths,age-adjusted rate
1992,A,White,55,64,All Origins,666,25,neo_lung,total,14.9653586166582,666,nvss,Deaths,age-adjusted rate
1992,A,White,65,74,All Origins,666,25,neo_lung,total,18.5009062508509,666,nvss,Deaths,age-adjusted rate
1992,A,White,75,84,All Origins,666,25,neo_lung,total,15.7513424685071,666,nvss,Deaths,age-adjusted rate
1992,A,White,85,150,All Origins,666,25,neo_lung,total,4.22353606182954,666,nvss,Deaths,age-adjusted rate
1992,A,White,25,34,All Origins,666,25,resp_copd,total,0.0837240613876317,666,nvss,Deaths,age-adjusted rate
1992,A,White,35,44,All Origins,666,25,resp_copd,total,0.26439005856664,666,nvss,Deaths,age-adjusted rate
1992,A,White,45,54,All Origins,666,25,resp_copd,total,1.16572714098619,666,nvss,Deaths,age-adjusted rate
1992,A,White,55,64,All Origins,666,25,resp_copd,total,3.976940388054,666,nvss,Deaths,age-adjusted rate
1992,A,White,65,74,All Origins,666,25,resp_copd,total,8.23914956830499,666,nvss,Deaths,age-adjusted rate
1992,A,White,75,84,All Origins,666,25,resp_copd,total,13.489357229319,666,nvss,Deaths,age-adjusted rate
1992,A,White,85,150,All Origins,666,25,resp_copd,total,7.31752178154188,666,nvss,Deaths,age-adjusted rate
1992,A,White,25,34,All Origins,666,25,t2_dm,total,0.0837240613876317,666,nvss,Deaths,age-adjusted rate
1992,A,White,35,44,All Origins,666,25,t2_dm,total,0.547665121316611,666,nvss,Deaths,age-adjusted rate
1992,A,White,45,54,All Origins,666,25,t2_dm,total,1.09847365208314,666,nvss,Deaths,age-adjusted rate
1992,A,White,55,64,All Origins,666,25,t2_dm,total,2.43139957373917,666,nvss,Deaths,age-adjusted rate
1992,A,White,65,74,All Origins,666,25,t2_dm,total,4.98215722993172,666,nvss,Deaths,age-adjusted rate
1992,A,White,75,84,All Origins,666,25,t2_dm,total,6.07598954760023,666,nvss,Deaths,age-adjusted rate
1992,A,White,85,150,All Origins,666,25,t2_dm,total,3.4050213211649,666,nvss,Deaths,age-adjusted rate
1992,A,White,25,34,All Origins,666,26,all-cause,overall,13.3486904563917,666,nvss,Deaths,age-adjusted rate
1992,A,White,35,44,All Origins,666,26,all-cause,overall,26.9510298929639,666,nvss,Deaths,age-adjusted rate
1992,A,White,45,54,All Origins,666,26,all-cause,overall,52.0395775234018,666,nvss,Deaths,age-adjusted rate
1992,A,White,55,64,All Origins,666,26,all-cause,overall,91.0602993372685,666,nvss,Deaths,age-adjusted rate
1992,A,White,65,74,All Origins,666,26,all-cause,overall,173.49183945637,666,nvss,Deaths,age-adjusted rate
1992,A,White,75,84,All Origins,666,26,all-cause,overall,261.962848556112,666,nvss,Deaths,age-adjusted rate
1992,A,White,85,150,All Origins,666,26,all-cause,overall,234.199065273781,666,nvss,Deaths,age-adjusted rate
1992,A,White,25,34,All Origins,666,26,cvd_ihd,total,0.105439893020471,666,nvss,Deaths,age-adjusted rate
1992,A,White,35,44,All Origins,666,26,cvd_ihd,total,0.783983225307963,666,nvss,Deaths,age-adjusted rate
1992,A,White,45,54,All Origins,666,26,cvd_ihd,total,2.61103448710804,666,nvss,Deaths,age-adjusted rate
1992,A,White,55,64,All Origins,666,26,cvd_ihd,total,7.06744267761933,666,nvss,Deaths,age-adjusted rate
1992,A,White,65,74,All Origins,666,26,cvd_ihd,total,18.1702427376446,666,nvss,Deaths,age-adjusted rate
1992,A,White,75,84,All Origins,666,26,cvd_ihd,total,36.089476402588,666,nvss,Deaths,age-adjusted rate
1992,A,White,85,150,All Origins,666,26,cvd_ihd,total,43.3835316917612,666,nvss,Deaths,age-adjusted rate
1992,A,White,25,34,All Origins,666,26,cvd_stroke,total,0.07380792511433,666,nvss,Deaths,age-adjusted rate
1992,A,White,35,44,All Origins,666,26,cvd_stroke,total,0.475530808793354,666,nvss,Deaths,age-adjusted rate
1992,A,White,45,54,All Origins,666,26,cvd_stroke,total,1.01120988807074,666,nvss,Deaths,age-adjusted rate
1992,A,White,55,64,All Origins,666,26,cvd_stroke,total,1.08435492346145,666,nvss,Deaths,age-adjusted rate
1992,A,White,65,74,All Origins,666,26,cvd_stroke,total,2.4620623206741,666,nvss,Deaths,age-adjusted rate
1992,A,White,75,84,All Origins,666,26,cvd_stroke,total,4.09401398352084,666,nvss,Deaths,age-adjusted rate
1992,A,White,85,150,All Origins,666,26,cvd_stroke,total,4.38035658851807,666,nvss,Deaths,age-adjusted rate
1992,A,White,25,34,All Origins,666,26,lri,total,0.0210879786040943,666,nvss,Deaths,age-adjusted rate
1992,A,White,35,44,All Origins,666,26,lri,total,0.012852184021442,666,nvss,Deaths,age-adjusted rate
1992,A,White,55,64,All Origins,666,26,lri,total,0.0127571167466053,666,nvss,Deaths,age-adjusted rate
1992,A,White,65,74,All Origins,666,26,lri,total,0.0779838744104917,666,nvss,Deaths,age-adjusted rate
1992,A,White,75,84,All Origins,666,26,lri,total,0.0675579865267465,666,nvss,Deaths,age-adjusted rate
1992,A,White,85,150,All Origins,666,26,lri,total,0.135010990741995,666,nvss,Deaths,age-adjusted rate
1992,A,White,25,34,All Origins,666,26,ncd_lri,total,6.24204166681191,666,nvss,Deaths,age-adjusted rate
1992,A,White,35,44,All Origins,666,26,ncd_lri,total,18.9955279836913,666,nvss,Deaths,age-adjusted rate
1992,A,White,45,54,All Origins,666,26,ncd_lri,total,45.7157425517356,666,nvss,Deaths,age-adjusted rate
1992,A,White,55,64,All Origins,666,26,ncd_lri,total,85.3961395017758,666,nvss,Deaths,age-adjusted rate
1992,A,White,65,74,All Origins,666,26,ncd_lri,total,163.677011834135,666,nvss,Deaths,age-adjusted rate
1992,A,White,75,84,All Origins,666,26,ncd_lri,total,242.560194825631,666,nvss,Deaths,age-adjusted rate
1992,A,White,85,150,All Origins,666,26,ncd_lri,total,209.117023438157,666,nvss,Deaths,age-adjusted rate
1992,A,White,25,34,All Origins,666,26,neo_lung,total,0.0632639358122829,666,nvss,Deaths,age-adjusted rate
1992,A,White,35,44,All Origins,666,26,neo_lung,total,1.05387908975824,666,nvss,Deaths,age-adjusted rate
1992,A,White,45,54,All Origins,666,26,neo_lung,total,5.53901535704422,666,nvss,Deaths,age-adjusted rate
1992,A,White,55,64,All Origins,666,26,neo_lung,total,12.9867448480442,666,nvss,Deaths,age-adjusted rate
1992,A,White,65,74,All Origins,666,26,neo_lung,total,20.7659917001652,666,nvss,Deaths,age-adjusted rate
1992,A,White,75,84,All Origins,666,26,neo_lung,total,16.2679631556406,666,nvss,Deaths,age-adjusted rate
1992,A,White,85,150,All Origins,666,26,neo_lung,total,4.53036880045362,666,nvss,Deaths,age-adjusted rate
1992,A,White,25,34,All Origins,666,26,resp_copd,total,0.0316319679061414,666,nvss,Deaths,age-adjusted rate
1992,A,White,35,44,All Origins,666,26,resp_copd,total,0.154226208257304,666,nvss,Deaths,age-adjusted rate
1992,A,White,45,54,All Origins,666,26,resp_copd,total,1.10176599745021,666,nvss,Deaths,age-adjusted rate
1992,A,White,55,64,All Origins,666,26,resp_copd,total,4.06952024216708,666,nvss,Deaths,age-adjusted rate
1992,A,White,65,74,All Origins,666,26,resp_copd,total,10.3607147431082,666,nvss,Deaths,age-adjusted rate
1992,A,White,75,84,All Origins,666,26,resp_copd,total,13.2548769565477,666,nvss,Deaths,age-adjusted rate
1992,A,White,85,150,All Origins,666,26,resp_copd,total,7.20058617290642,666,nvss,Deaths,age-adjusted rate
1992,A,White,25,34,All Origins,666,26,t2_dm,total,0.168703828832754,666,nvss,Deaths,age-adjusted rate
1992,A,White,35,44,All Origins,666,26,t2_dm,total,0.668313569114985,666,nvss,Deaths,age-adjusted rate
1992,A,White,45,54,All Origins,666,26,t2_dm,total,1.43380506517493,666,nvss,Deaths,age-adjusted rate
1992,A,White,55,64,All Origins,666,26,t2_dm,total,2.53866623257445,666,nvss,Deaths,age-adjusted rate
1992,A,White,65,74,All Origins,666,26,t2_dm,total,5.7819472598636,666,nvss,Deaths,age-adjusted rate
1992,A,White,75,84,All Origins,666,26,t2_dm,total,7.24221615566722,666,nvss,Deaths,age-adjusted rate
1992,A,White,85,150,All Origins,666,26,t2_dm,total,4.33535292493741,666,nvss,Deaths,age-adjusted rate
1992,A,White,25,34,All Origins,666,27,all-cause,overall,10.5000982272081,666,nvss,Deaths,age-adjusted rate
1992,A,White,35,44,All Origins,666,27,all-cause,overall,22.3501536283665,666,nvss,Deaths,age-adjusted rate
1992,A,White,45,54,All Origins,666,27,all-cause,overall,43.5519220806029,666,nvss,Deaths,age-adjusted rate
1992,A,White,55,64,All Origins,666,27,all-cause,overall,79.5251071099945,666,nvss,Deaths,age-adjusted rate
1992,A,White,65,74,All Origins,666,27,all-cause,overall,147.18901045621,666,nvss,Deaths,age-adjusted rate
1992,A,White,75,84,All Origins,666,27,all-cause,overall,241.603627217567,666,nvss,Deaths,age-adjusted rate
1992,A,White,85,150,All Origins,666,27,all-cause,overall,224.304363811325,666,nvss,Deaths,age-adjusted rate
1992,A,White,25,34,All Origins,666,27,cvd_ihd,total,0.11310698269883,666,nvss,Deaths,age-adjusted rate
1992,A,White,35,44,All Origins,666,27,cvd_ihd,total,1.26151026869375,666,nvss,Deaths,age-adjusted rate
1992,A,White,45,54,All Origins,666,27,cvd_ihd,total,3.48296300986367,666,nvss,Deaths,age-adjusted rate
1992,A,White,55,64,All Origins,666,27,cvd_ihd,total,7.92635113629221,666,nvss,Deaths,age-adjusted rate
1992,A,White,65,74,All Origins,666,27,cvd_ihd,total,15.8226493374947,666,nvss,Deaths,age-adjusted rate
1992,A,White,75,84,All Origins,666,27,cvd_ihd,total,28.849954704851,666,nvss,Deaths,age-adjusted rate
1992,A,White,85,150,All Origins,666,27,cvd_ihd,total,28.7492043114332,666,nvss,Deaths,age-adjusted rate
1992,A,White,25,34,All Origins,666,27,cvd_stroke,total,0.11310698269883,666,nvss,Deaths,age-adjusted rate
1992,A,White,35,44,All Origins,666,27,cvd_stroke,total,0.452239530286437,666,nvss,Deaths,age-adjusted rate
1992,A,White,45,54,All Origins,666,27,cvd_stroke,total,0.654916121512826,666,nvss,Deaths,age-adjusted rate
1992,A,White,55,64,All Origins,666,27,cvd_stroke,total,0.680148942388111,666,nvss,Deaths,age-adjusted rate
1992,A,White,65,74,All Origins,666,27,cvd_stroke,total,1.60257931948948,666,nvss,Deaths,age-adjusted rate
1992,A,White,75,84,All Origins,666,27,cvd_stroke,total,2.38253918658214,666,nvss,Deaths,age-adjusted rate
1992,A,White,85,150,All Origins,666,27,cvd_stroke,total,2.83381923611569,666,nvss,Deaths,age-adjusted rate
1992,A,White,55,64,All Origins,666,27,lri,total,0.026159574707235,666,nvss,Deaths,age-adjusted rate
1992,A,White,65,74,All Origins,666,27,lri,total,0.0225715397111194,666,nvss,Deaths,age-adjusted rate
1992,A,White,75,84,All Origins,666,27,lri,total,0.0943579875874114,666,nvss,Deaths,age-adjusted rate
1992,A,White,85,150,All Origins,666,27,lri,total,0.0865288316371203,666,nvss,Deaths,age-adjusted rate
1992,A,White,25,34,All Origins,666,27,ncd_lri,total,4.22266068742299,666,nvss,Deaths,age-adjusted rate
1992,A,White,35,44,All Origins,666,27,ncd_lri,total,15.1619253048663,666,nvss,Deaths,age-adjusted rate
1992,A,White,45,54,All Origins,666,27,ncd_lri,total,37.2409121823884,666,nvss,Deaths,age-adjusted rate
1992,A,White,55,64,All Origins,666,27,ncd_lri,total,73.5345645020377,666,nvss,Deaths,age-adjusted rate
1992,A,White,65,74,All Origins,666,27,ncd_lri,total,137.189818364184,666,nvss,Deaths,age-adjusted rate
1992,A,White,75,84,All Origins,666,27,ncd_lri,total,218.202846295889,666,nvss,Deaths,age-adjusted rate
1992,A,White,85,150,All Origins,666,27,ncd_lri,total,185.842298148625,666,nvss,Deaths,age-adjusted rate
1992,A,White,25,34,All Origins,666,27,neo_lung,total,0.0754046551325534,666,nvss,Deaths,age-adjusted rate
1992,A,White,35,44,All Origins,666,27,neo_lung,total,0.618854094076177,666,nvss,Deaths,age-adjusted rate
1992,A,White,45,54,All Origins,666,27,neo_lung,total,4.19741696060493,666,nvss,Deaths,age-adjusted rate
1992,A,White,55,64,All Origins,666,27,neo_lung,total,10.463829882894,666,nvss,Deaths,age-adjusted rate
1992,A,White,65,74,All Origins,666,27,neo_lung,total,15.687220099228,666,nvss,Deaths,age-adjusted rate
1992,A,White,75,84,All Origins,666,27,neo_lung,total,13.7054976970715,666,nvss,Deaths,age-adjusted rate
1992,A,White,85,150,All Origins,666,27,neo_lung,total,3.00687689938993,666,nvss,Deaths,age-adjusted rate
1992,A,White,25,34,All Origins,666,27,resp_copd,total,0.056553491349415,666,nvss,Deaths,age-adjusted rate
1992,A,White,35,44,All Origins,666,27,resp_copd,total,0.0952083221655657,666,nvss,Deaths,age-adjusted rate
1992,A,White,45,54,All Origins,666,27,resp_copd,total,0.863298523812362,666,nvss,Deaths,age-adjusted rate
1992,A,White,55,64,All Origins,666,27,resp_copd,total,3.29610641311161,666,nvss,Deaths,age-adjusted rate
1992,A,White,65,74,All Origins,666,27,resp_copd,total,9.14147358300337,666,nvss,Deaths,age-adjusted rate
1992,A,White,75,84,All Origins,666,27,resp_copd,total,14.6018985791519,666,nvss,Deaths,age-adjusted rate
1992,A,White,85,150,All Origins,666,27,resp_copd,total,6.25170808578194,666,nvss,Deaths,age-adjusted rate
1992,A,White,25,34,All Origins,666,27,t2_dm,total,0.263916292963937,666,nvss,Deaths,age-adjusted rate
1992,A,White,35,44,All Origins,666,27,t2_dm,total,0.452239530286437,666,nvss,Deaths,age-adjusted rate
1992,A,White,45,54,All Origins,666,27,t2_dm,total,1.0716809261119,666,nvss,Deaths,age-adjusted rate
1992,A,White,55,64,All Origins,666,27,t2_dm,total,2.24972342482221,666,nvss,Deaths,age-adjusted rate
1992,A,White,65,74,All Origins,666,27,t2_dm,total,3.76944713175695,666,nvss,Deaths,age-adjusted rate
1992,A,White,75,84,All Origins,666,27,t2_dm,total,5.61430026145098,666,nvss,Deaths,age-adjusted rate
1992,A,White,85,150,All Origins,666,27,t2_dm,total,3.98032625530753,666,nvss,Deaths,age-adjusted rate
1992,A,White,25,34,All Origins,666,28,all-cause,overall,22.2973194421013,666,nvss,Deaths,age-adjusted rate
1992,A,White,35,44,All Origins,666,28,all-cause,overall,37.0715986231829,666,nvss,Deaths,age-adjusted rate
1992,A,White,45,54,All Origins,666,28,all-cause,overall,64.697566401197,666,nvss,Deaths,age-adjusted rate
1992,A,White,55,64,All Origins,666,28,all-cause,overall,110.589687629995,666,nvss,Deaths,age-adjusted rate
1992,A,White,65,74,All Origins,666,28,all-cause,overall,184.156147100029,666,nvss,Deaths,age-adjusted rate
1992,A,White,75,84,All Origins,666,28,all-cause,overall,268.889369965547,666,nvss,Deaths,age-adjusted rate
1992,A,White,85,150,All Origins,666,28,all-cause,overall,233.57697334719,666,nvss,Deaths,age-adjusted rate
1992,A,White,25,34,All Origins,666,28,cvd_ihd,total,0.0556042878855395,666,nvss,Deaths,age-adjusted rate
1992,A,White,35,44,All Origins,666,28,cvd_ihd,total,0.596859369604018,666,nvss,Deaths,age-adjusted rate
1992,A,White,45,54,All Origins,666,28,cvd_ihd,total,2.70730159833335,666,nvss,Deaths,age-adjusted rate
1992,A,White,55,64,All Origins,666,28,cvd_ihd,total,6.71729954493305,666,nvss,Deaths,age-adjusted rate
1992,A,White,65,74,All Origins,666,28,cvd_ihd,total,11.9220217278873,666,nvss,Deaths,age-adjusted rate
1992,A,White,75,84,All Origins,666,28,cvd_ihd,total,21.6025891279441,666,nvss,Deaths,age-adjusted rate
1992,A,White,85,150,All Origins,666,28,cvd_ihd,total,23.9110099619374,666,nvss,Deaths,age-adjusted rate
1992,A,White,25,34,All Origins,666,28,cvd_stroke,total,0.166812863656619,666,nvss,Deaths,age-adjusted rate
1992,A,White,35,44,All Origins,666,28,cvd_stroke,total,0.397906246402679,666,nvss,Deaths,age-adjusted rate
1992,A,White,45,54,All Origins,666,28,cvd_stroke,total,0.833015876410262,666,nvss,Deaths,age-adjusted rate
1992,A,White,55,64,All Origins,666,28,cvd_stroke,total,0.546121914222199,666,nvss,Deaths,age-adjusted rate
1992,A,White,65,74,All Origins,666,28,cvd_stroke,total,1.90556904667051,666,nvss,Deaths,age-adjusted rate
1992,A,White,75,84,All Origins,666,28,cvd_stroke,total,2.74318592100877,666,nvss,Deaths,age-adjusted rate
1992,A,White,85,150,All Origins,666,28,cvd_stroke,total,2.50308093265461,666,nvss,Deaths,age-adjusted rate
1992,A,White,45,54,All Origins,666,28,lri,total,0.0694179897008551,666,nvss,Deaths,age-adjusted rate
1992,A,White,55,64,All Origins,666,28,lri,total,0.10922438284444,666,nvss,Deaths,age-adjusted rate
1992,A,White,75,84,All Origins,666,28,lri,total,0.0571497066876828,666,nvss,Deaths,age-adjusted rate
1992,A,White,25,34,All Origins,666,28,ncd_lri,total,8.39624747071647,666,nvss,Deaths,age-adjusted rate
1992,A,White,35,44,All Origins,666,28,ncd_lri,total,21.7522081366798,666,nvss,Deaths,age-adjusted rate
1992,A,White,45,54,All Origins,666,28,ncd_lri,total,54.4931219151713,666,nvss,Deaths,age-adjusted rate
1992,A,White,55,64,All Origins,666,28,ncd_lri,total,101.141778513951,666,nvss,Deaths,age-adjusted rate
1992,A,White,65,74,All Origins,666,28,ncd_lri,total,170.084252601539,666,nvss,Deaths,age-adjusted rate
1992,A,White,75,84,All Origins,666,28,ncd_lri,total,245.629439343661,666,nvss,Deaths,age-adjusted rate
1992,A,White,85,150,All Origins,666,28,ncd_lri,total,205.911341986271,666,nvss,Deaths,age-adjusted rate
1992,A,White,25,34,All Origins,666,28,neo_lung,total,0.0556042878855395,666,nvss,Deaths,age-adjusted rate
1992,A,White,35,44,All Origins,666,28,neo_lung,total,1.19371873920804,666,nvss,Deaths,age-adjusted rate
1992,A,White,45,54,All Origins,666,28,neo_lung,total,6.73354500098295,666,nvss,Deaths,age-adjusted rate
1992,A,White,55,64,All Origins,666,28,neo_lung,total,15.1821892153771,666,nvss,Deaths,age-adjusted rate
1992,A,White,65,74,All Origins,666,28,neo_lung,total,22.1827781330362,666,nvss,Deaths,age-adjusted rate
1992,A,White,75,84,All Origins,666,28,neo_lung,total,17.5449599531186,666,nvss,Deaths,age-adjusted rate
1992,A,White,85,150,All Origins,666,28,neo_lung,total,3.82049194984124,666,nvss,Deaths,age-adjusted rate
1992,A,White,25,34,All Origins,666,28,resp_copd,total,0.111208575771079,666,nvss,Deaths,age-adjusted rate
1992,A,White,45,54,All Origins,666,28,resp_copd,total,1.59661376311967,666,nvss,Deaths,age-adjusted rate
1992,A,White,55,64,All Origins,666,28,resp_copd,total,4.58742407946647,666,nvss,Deaths,age-adjusted rate
1992,A,White,65,74,All Origins,666,28,resp_copd,total,12.2151861966058,666,nvss,Deaths,age-adjusted rate
1992,A,White,75,84,All Origins,666,28,resp_copd,total,15.2589716856113,666,nvss,Deaths,age-adjusted rate
1992,A,White,85,150,All Origins,666,28,resp_copd,total,6.8505372893705,666,nvss,Deaths,age-adjusted rate
1992,A,White,25,34,All Origins,666,28,t2_dm,total,0.222417151542158,666,nvss,Deaths,age-adjusted rate
1992,A,White,35,44,All Origins,666,28,t2_dm,total,0.464223954136459,666,nvss,Deaths,age-adjusted rate
1992,A,White,45,54,All Origins,666,28,t2_dm,total,1.87428572192309,666,nvss,Deaths,age-adjusted rate
1992,A,White,55,64,All Origins,666,28,t2_dm,total,1.80220231693326,666,nvss,Deaths,age-adjusted rate
1992,A,White,65,74,All Origins,666,28,t2_dm,total,2.9316446871854,666,nvss,Deaths,age-adjusted rate
1992,A,White,75,84,All Origins,666,28,t2_dm,total,3.82903034807475,666,nvss,Deaths,age-adjusted rate
1992,A,White,85,150,All Origins,666,28,t2_dm,total,2.50308093265461,666,nvss,Deaths,age-adjusted rate
1992,A,White,25,34,All Origins,666,29,all-cause,overall,15.9272102873194,666,nvss,Deaths,age-adjusted rate
1992,A,White,35,44,All Origins,666,29,all-cause,overall,30.760084767892,666,nvss,Deaths,age-adjusted rate
1992,A,White,45,54,All Origins,666,29,all-cause,overall,54.8820520053596,666,nvss,Deaths,age-adjusted rate
1992,A,White,55,64,All Origins,666,29,all-cause,overall,98.3260243147627,666,nvss,Deaths,age-adjusted rate
1992,A,White,65,74,All Origins,666,29,all-cause,overall,171.032081054267,666,nvss,Deaths,age-adjusted rate
1992,A,White,75,84,All Origins,666,29,all-cause,overall,265.325705186106,666,nvss,Deaths,age-adjusted rate
1992,A,White,85,150,All Origins,666,29,all-cause,overall,231.953919467933,666,nvss,Deaths,age-adjusted rate
1992,A,White,25,34,All Origins,666,29,cvd_ihd,total,0.281731314044564,666,nvss,Deaths,age-adjusted rate
1992,A,White,35,44,All Origins,666,29,cvd_ihd,total,1.55807029522707,666,nvss,Deaths,age-adjusted rate
1992,A,White,45,54,All Origins,666,29,cvd_ihd,total,4.34471805579097,666,nvss,Deaths,age-adjusted rate
1992,A,White,55,64,All Origins,666,29,cvd_ihd,total,9.23940289242453,666,nvss,Deaths,age-adjusted rate
1992,A,White,65,74,All Origins,666,29,cvd_ihd,total,17.4149573417921,666,nvss,Deaths,age-adjusted rate
1992,A,White,75,84,All Origins,666,29,cvd_ihd,total,35.4052924289693,666,nvss,Deaths,age-adjusted rate
1992,A,White,85,150,All Origins,666,29,cvd_ihd,total,42.6876230407251,666,nvss,Deaths,age-adjusted rate
1992,A,White,25,34,All Origins,666,29,cvd_stroke,total,0.0751283504118838,666,nvss,Deaths,age-adjusted rate
1992,A,White,35,44,All Origins,666,29,cvd_stroke,total,0.33049975959362,666,nvss,Deaths,age-adjusted rate
1992,A,White,45,54,All Origins,666,29,cvd_stroke,total,0.772986647962811,666,nvss,Deaths,age-adjusted rate
1992,A,White,55,64,All Origins,666,29,cvd_stroke,total,0.874862629536734,666,nvss,Deaths,age-adjusted rate
1992,A,White,65,74,All Origins,666,29,cvd_stroke,total,1.75582903240291,666,nvss,Deaths,age-adjusted rate
1992,A,White,75,84,All Origins,666,29,cvd_stroke,total,3.34599466911139,666,nvss,Deaths,age-adjusted rate
1992,A,White,85,150,All Origins,666,29,cvd_stroke,total,3.36303565584942,666,nvss,Deaths,age-adjusted rate
1992,A,White,25,34,All Origins,666,29,lri,total,0.0375641752059419,666,nvss,Deaths,age-adjusted rate
1992,A,White,35,44,All Origins,666,29,lri,total,0.0236071256852586,666,nvss,Deaths,age-adjusted rate
1992,A,White,55,64,All Origins,666,29,lri,total,0.0213381129155301,666,nvss,Deaths,age-adjusted rate
1992,A,White,65,74,All Origins,666,29,lri,total,0.107499736677729,666,nvss,Deaths,age-adjusted rate
1992,A,White,75,84,All Origins,666,29,lri,total,0.155627659028437,666,nvss,Deaths,age-adjusted rate
1992,A,White,85,150,All Origins,666,29,lri,total,0.114648942813049,666,nvss,Deaths,age-adjusted rate
1992,A,White,25,34,All Origins,666,29,ncd_lri,total,7.45648877837947,666,nvss,Deaths,age-adjusted rate
1992,A,White,35,44,All Origins,666,29,ncd_lri,total,20.9395204828244,666,nvss,Deaths,age-adjusted rate
1992,A,White,45,54,All Origins,666,29,ncd_lri,total,47.1788402377302,666,nvss,Deaths,age-adjusted rate
1992,A,White,55,64,All Origins,666,29,ncd_lri,total,91.2631089397222,666,nvss,Deaths,age-adjusted rate
1992,A,White,65,74,All Origins,666,29,ncd_lri,total,159.870025062563,666,nvss,Deaths,age-adjusted rate
1992,A,White,75,84,All Origins,666,29,ncd_lri,total,242.545706595819,666,nvss,Deaths,age-adjusted rate
1992,A,White,85,150,All Origins,666,29,ncd_lri,total,204.342632407123,666,nvss,Deaths,age-adjusted rate
1992,A,White,25,34,All Origins,666,29,neo_lung,total,0.018782087602971,666,nvss,Deaths,age-adjusted rate
1992,A,White,35,44,All Origins,666,29,neo_lung,total,1.34560616405974,666,nvss,Deaths,age-adjusted rate
1992,A,White,45,54,All Origins,666,29,neo_lung,total,6.45044030368966,666,nvss,Deaths,age-adjusted rate
1992,A,White,55,64,All Origins,666,29,neo_lung,total,15.576822428337,666,nvss,Deaths,age-adjusted rate
1992,A,White,65,74,All Origins,666,29,neo_lung,total,21.0341151432757,666,nvss,Deaths,age-adjusted rate
1992,A,White,75,84,All Origins,666,29,neo_lung,total,16.0880092520646,666,nvss,Deaths,age-adjusted rate
1992,A,White,85,150,All Origins,666,29,neo_lung,total,4.08914562699873,666,nvss,Deaths,age-adjusted rate
1992,A,White,25,34,All Origins,666,29,resp_copd,total,0.0751283504118838,666,nvss,Deaths,age-adjusted rate
1992,A,White,35,44,All Origins,666,29,resp_copd,total,0.306892633908362,666,nvss,Deaths,age-adjusted rate
1992,A,White,45,54,All Origins,666,29,resp_copd,total,1.27942617593845,666,nvss,Deaths,age-adjusted rate
1992,A,White,55,64,All Origins,666,29,resp_copd,total,4.99311842223404,666,nvss,Deaths,age-adjusted rate
1992,A,White,65,74,All Origins,666,29,resp_copd,total,10.9291398955691,666,nvss,Deaths,age-adjusted rate
1992,A,White,75,84,All Origins,666,29,resp_copd,total,16.0685557946861,666,nvss,Deaths,age-adjusted rate
1992,A,White,85,150,All Origins,666,29,resp_copd,total,6.59231421175029,666,nvss,Deaths,age-adjusted rate
1992,A,White,25,34,All Origins,666,29,t2_dm,total,0.225385051235652,666,nvss,Deaths,age-adjusted rate
1992,A,White,35,44,All Origins,666,29,t2_dm,total,0.424928262334655,666,nvss,Deaths,age-adjusted rate
1992,A,White,45,54,All Origins,666,29,t2_dm,total,0.932914919955116,666,nvss,Deaths,age-adjusted rate
1992,A,White,55,64,All Origins,666,29,t2_dm,total,2.21916374321513,666,nvss,Deaths,age-adjusted rate
1992,A,White,65,74,All Origins,666,29,t2_dm,total,4.71207179104046,666,nvss,Deaths,age-adjusted rate
1992,A,White,75,84,All Origins,666,29,t2_dm,total,5.79713029880927,666,nvss,Deaths,age-adjusted rate
1992,A,White,85,150,All Origins,666,29,t2_dm,total,3.38214381298493,666,nvss,Deaths,age-adjusted rate
1992,A,White,25,34,All Origins,666,30,all-cause,overall,16.9297121865467,666,nvss,Deaths,age-adjusted rate
1992,A,White,35,44,All Origins,666,30,all-cause,overall,29.6160742581773,666,nvss,Deaths,age-adjusted rate
1992,A,White,45,54,All Origins,666,30,all-cause,overall,47.865535320081,666,nvss,Deaths,age-adjusted rate
1992,A,White,55,64,All Origins,666,30,all-cause,overall,83.8440487633893,666,nvss,Deaths,age-adjusted rate
1992,A,White,65,74,All Origins,666,30,all-cause,overall,162.33746190698,666,nvss,Deaths,age-adjusted rate
1992,A,White,75,84,All Origins,666,30,all-cause,overall,247.547701759873,666,nvss,Deaths,age-adjusted rate
1992,A,White,85,150,All Origins,666,30,all-cause,overall,233.317094719182,666,nvss,Deaths,age-adjusted rate
1992,A,White,35,44,All Origins,666,30,cvd_ihd,total,0.630129239535687,666,nvss,Deaths,age-adjusted rate
1992,A,White,45,54,All Origins,666,30,cvd_ihd,total,2.797336479745,666,nvss,Deaths,age-adjusted rate
1992,A,White,55,64,All Origins,666,30,cvd_ihd,total,5.11724241278901,666,nvss,Deaths,age-adjusted rate
1992,A,White,65,74,All Origins,666,30,cvd_ihd,total,13.7124286624425,666,nvss,Deaths,age-adjusted rate
1992,A,White,75,84,All Origins,666,30,cvd_ihd,total,22.382691461335,666,nvss,Deaths,age-adjusted rate
1992,A,White,85,150,All Origins,666,30,cvd_ihd,total,25.6180517224131,666,nvss,Deaths,age-adjusted rate
1992,A,White,25,34,All Origins,666,30,cvd_stroke,total,0.256510790705254,666,nvss,Deaths,age-adjusted rate
1992,A,White,35,44,All Origins,666,30,cvd_stroke,total,0.378077543721412,666,nvss,Deaths,age-adjusted rate
1992,A,White,45,54,All Origins,666,30,cvd_stroke,total,0.466222746624166,666,nvss,Deaths,age-adjusted rate
1992,A,White,55,64,All Origins,666,30,cvd_stroke,total,1.31211343917667,666,nvss,Deaths,age-adjusted rate
1992,A,White,65,74,All Origins,666,30,cvd_stroke,total,1.5481774296306,666,nvss,Deaths,age-adjusted rate
1992,A,White,75,84,All Origins,666,30,cvd_stroke,total,2.31125618350742,666,nvss,Deaths,age-adjusted rate
1992,A,White,85,150,All Origins,666,30,cvd_stroke,total,1.92824045222464,666,nvss,Deaths,age-adjusted rate
1992,A,White,45,54,All Origins,666,30,lri,total,0.155407582208055,666,nvss,Deaths,age-adjusted rate
1992,A,White,65,74,All Origins,666,30,lri,total,0.110584102116472,666,nvss,Deaths,age-adjusted rate
1992,A,White,75,84,All Origins,666,30,lri,total,0.121645062289864,666,nvss,Deaths,age-adjusted rate
1992,A,White,85,150,All Origins,666,30,lri,total,0.137731460873189,666,nvss,Deaths,age-adjusted rate
1992,A,White,25,34,All Origins,666,30,ncd_lri,total,4.48893883734194,666,nvss,Deaths,age-adjusted rate
1992,A,White,35,44,All Origins,666,30,ncd_lri,total,16.3833602279279,666,nvss,Deaths,age-adjusted rate
1992,A,White,45,54,All Origins,666,30,ncd_lri,total,38.5410803875977,666,nvss,Deaths,age-adjusted rate
1992,A,White,55,64,All Origins,666,30,ncd_lri,total,75.0528887209056,666,nvss,Deaths,age-adjusted rate
1992,A,White,65,74,All Origins,666,30,ncd_lri,total,152.606060920731,666,nvss,Deaths,age-adjusted rate
1992,A,White,75,84,All Origins,666,30,ncd_lri,total,224.678430049379,666,nvss,Deaths,age-adjusted rate
1992,A,White,85,150,All Origins,666,30,ncd_lri,total,197.506914892153,666,nvss,Deaths,age-adjusted rate
1992,A,White,35,44,All Origins,666,30,neo_lung,total,1.13423263116424,666,nvss,Deaths,age-adjusted rate
1992,A,White,45,54,All Origins,666,30,neo_lung,total,4.5068198840336,666,nvss,Deaths,age-adjusted rate
1992,A,White,55,64,All Origins,666,30,neo_lung,total,12.8587117039314,666,nvss,Deaths,age-adjusted rate
1992,A,White,65,74,All Origins,666,30,neo_lung,total,17.2511199301696,666,nvss,Deaths,age-adjusted rate
1992,A,White,75,84,All Origins,666,30,neo_lung,total,13.2593117895952,666,nvss,Deaths,age-adjusted rate
1992,A,White,85,150,All Origins,666,30,neo_lung,total,4.13194382619567,666,nvss,Deaths,age-adjusted rate
1992,A,White,35,44,All Origins,666,30,resp_copd,total,0.126025847907137,666,nvss,Deaths,age-adjusted rate
1992,A,White,45,54,All Origins,666,30,resp_copd,total,0.777037911040277,666,nvss,Deaths,age-adjusted rate
1992,A,White,55,64,All Origins,666,30,resp_copd,total,4.72360838103601,666,nvss,Deaths,age-adjusted rate
1992,A,White,65,74,All Origins,666,30,resp_copd,total,16.2558630111213,666,nvss,Deaths,age-adjusted rate
1992,A,White,75,84,All Origins,666,30,resp_copd,total,21.5311760253059,666,nvss,Deaths,age-adjusted rate
1992,A,White,85,150,All Origins,666,30,resp_copd,total,10.192128104616,666,nvss,Deaths,age-adjusted rate
1992,A,White,25,34,All Origins,666,30,t2_dm,total,0.256510790705254,666,nvss,Deaths,age-adjusted rate
1992,A,White,35,44,All Origins,666,30,t2_dm,total,0.630129239535687,666,nvss,Deaths,age-adjusted rate
1992,A,White,45,54,All Origins,666,30,t2_dm,total,1.24326065766444,666,nvss,Deaths,age-adjusted rate
1992,A,White,55,64,All Origins,666,30,t2_dm,total,1.83695881484734,666,nvss,Deaths,age-adjusted rate
1992,A,White,65,74,All Origins,666,30,t2_dm,total,4.20219588042592,666,nvss,Deaths,age-adjusted rate
1992,A,White,75,84,All Origins,666,30,t2_dm,total,6.20389817678306,666,nvss,Deaths,age-adjusted rate
1992,A,White,85,150,All Origins,666,30,t2_dm,total,3.85648090444929,666,nvss,Deaths,age-adjusted rate
1992,A,White,25,34,All Origins,666,31,all-cause,overall,12.2474773585106,666,nvss,Deaths,age-adjusted rate
1992,A,White,35,44,All Origins,666,31,all-cause,overall,22.9801922329389,666,nvss,Deaths,age-adjusted rate
1992,A,White,45,54,All Origins,666,31,all-cause,overall,48.2942356732479,666,nvss,Deaths,age-adjusted rate
1992,A,White,55,64,All Origins,666,31,all-cause,overall,83.2858199705714,666,nvss,Deaths,age-adjusted rate
1992,A,White,65,74,All Origins,666,31,all-cause,overall,155.233393550112,666,nvss,Deaths,age-adjusted rate
1992,A,White,75,84,All Origins,666,31,all-cause,overall,251.134801468875,666,nvss,Deaths,age-adjusted rate
1992,A,White,85,150,All Origins,666,31,all-cause,overall,225.935203402748,666,nvss,Deaths,age-adjusted rate
1992,A,White,25,34,All Origins,666,31,cvd_ihd,total,0.232179665564182,666,nvss,Deaths,age-adjusted rate
1992,A,White,35,44,All Origins,666,31,cvd_ihd,total,0.6248390637355,666,nvss,Deaths,age-adjusted rate
1992,A,White,45,54,All Origins,666,31,cvd_ihd,total,3.56126558022152,666,nvss,Deaths,age-adjusted rate
1992,A,White,55,64,All Origins,666,31,cvd_ihd,total,7.89662960823084,666,nvss,Deaths,age-adjusted rate
1992,A,White,65,74,All Origins,666,31,cvd_ihd,total,16.8818447031795,666,nvss,Deaths,age-adjusted rate
1992,A,White,75,84,All Origins,666,31,cvd_ihd,total,32.0010443770252,666,nvss,Deaths,age-adjusted rate
1992,A,White,85,150,All Origins,666,31,cvd_ihd,total,34.9055752242244,666,nvss,Deaths,age-adjusted rate
1992,A,White,25,34,All Origins,666,31,cvd_stroke,total,0.116089832782091,666,nvss,Deaths,age-adjusted rate
1992,A,White,35,44,All Origins,666,31,cvd_stroke,total,0.485985938460944,666,nvss,Deaths,age-adjusted rate
1992,A,White,45,54,All Origins,666,31,cvd_stroke,total,0.868601361029639,666,nvss,Deaths,age-adjusted rate
1992,A,White,55,64,All Origins,666,31,cvd_stroke,total,0.607433046786987,666,nvss,Deaths,age-adjusted rate
1992,A,White,65,74,All Origins,666,31,cvd_stroke,total,1.13682455913667,666,nvss,Deaths,age-adjusted rate
1992,A,White,75,84,All Origins,666,31,cvd_stroke,total,2.70100558044617,666,nvss,Deaths,age-adjusted rate
1992,A,White,85,150,All Origins,666,31,cvd_stroke,total,3.13584696417921,666,nvss,Deaths,age-adjusted rate
1992,A,White,35,44,All Origins,666,31,lri,total,0.0694265626372777,666,nvss,Deaths,age-adjusted rate
1992,A,White,65,74,All Origins,666,31,lri,total,0.113682455913667,666,nvss,Deaths,age-adjusted rate
1992,A,White,75,84,All Origins,666,31,lri,total,0.11743502523679,666,nvss,Deaths,age-adjusted rate
1992,A,White,85,150,All Origins,666,31,lri,total,0.102814654563253,666,nvss,Deaths,age-adjusted rate
1992,A,White,25,34,All Origins,666,31,ncd_lri,total,4.87577297684783,666,nvss,Deaths,age-adjusted rate
1992,A,White,35,44,All Origins,666,31,ncd_lri,total,14.510151591191,666,nvss,Deaths,age-adjusted rate
1992,A,White,45,54,All Origins,666,31,ncd_lri,total,40.2162430156723,666,nvss,Deaths,age-adjusted rate
1992,A,White,55,64,All Origins,666,31,ncd_lri,total,75.8616382876193,666,nvss,Deaths,age-adjusted rate
1992,A,White,65,74,All Origins,666,31,ncd_lri,total,143.921989186702,666,nvss,Deaths,age-adjusted rate
1992,A,White,75,84,All Origins,666,31,ncd_lri,total,227.295491345807,666,nvss,Deaths,age-adjusted rate
1992,A,White,85,150,All Origins,666,31,ncd_lri,total,195.553472979307,666,nvss,Deaths,age-adjusted rate
1992,A,White,25,34,All Origins,666,31,neo_lung,total,0.0580449163910456,666,nvss,Deaths,age-adjusted rate
1992,A,White,35,44,All Origins,666,31,neo_lung,total,0.555412501098222,666,nvss,Deaths,age-adjusted rate
1992,A,White,45,54,All Origins,666,31,neo_lung,total,4.25614666904523,666,nvss,Deaths,age-adjusted rate
1992,A,White,55,64,All Origins,666,31,neo_lung,total,11.068779963674,666,nvss,Deaths,age-adjusted rate
1992,A,White,65,74,All Origins,666,31,neo_lung,total,17.05236838705,666,nvss,Deaths,age-adjusted rate
1992,A,White,75,84,All Origins,666,31,neo_lung,total,15.0316832303091,666,nvss,Deaths,age-adjusted rate
1992,A,White,85,150,All Origins,666,31,neo_lung,total,2.77599567320783,666,nvss,Deaths,age-adjusted rate
1992,A,White,25,34,All Origins,666,31,resp_copd,total,0.174134749173137,666,nvss,Deaths,age-adjusted rate
1992,A,White,35,44,All Origins,666,31,resp_copd,total,0.208279687911833,666,nvss,Deaths,age-adjusted rate
1992,A,White,45,54,All Origins,666,31,resp_copd,total,0.868601361029639,666,nvss,Deaths,age-adjusted rate
1992,A,White,55,64,All Origins,666,31,resp_copd,total,3.84707596298425,666,nvss,Deaths,age-adjusted rate
1992,A,White,65,74,All Origins,666,31,resp_copd,total,10.4019447161005,666,nvss,Deaths,age-adjusted rate
1992,A,White,75,84,All Origins,666,31,resp_copd,total,15.2078357681643,666,nvss,Deaths,age-adjusted rate
1992,A,White,85,150,All Origins,666,31,resp_copd,total,7.09421116486445,666,nvss,Deaths,age-adjusted rate
1992,A,White,25,34,All Origins,666,31,t2_dm,total,0.0580449163910456,666,nvss,Deaths,age-adjusted rate
1992,A,White,35,44,All Origins,666,31,t2_dm,total,0.416559375823666,666,nvss,Deaths,age-adjusted rate
1992,A,White,45,54,All Origins,666,31,t2_dm,total,0.955461497132603,666,nvss,Deaths,age-adjusted rate
1992,A,White,55,64,All Origins,666,31,t2_dm,total,1.55232889734452,666,nvss,Deaths,age-adjusted rate
1992,A,White,65,74,All Origins,666,31,t2_dm,total,3.46731490536683,666,nvss,Deaths,age-adjusted rate
1992,A,White,75,84,All Origins,666,31,t2_dm,total,5.28457613565555,666,nvss,Deaths,age-adjusted rate
1992,A,White,85,150,All Origins,666,31,t2_dm,total,2.87881032777108,666,nvss,Deaths,age-adjusted rate
1992,A,White,25,34,All Origins,666,32,all-cause,overall,16.5560714817061,666,nvss,Deaths,age-adjusted rate
1992,A,White,35,44,All Origins,666,32,all-cause,overall,40.5835853840384,666,nvss,Deaths,age-adjusted rate
1992,A,White,45,54,All Origins,666,32,all-cause,overall,66.6847832615602,666,nvss,Deaths,age-adjusted rate
1992,A,White,55,64,All Origins,666,32,all-cause,overall,113.882883253879,666,nvss,Deaths,age-adjusted rate
1992,A,White,65,74,All Origins,666,32,all-cause,overall,185.440154167864,666,nvss,Deaths,age-adjusted rate
1992,A,White,75,84,All Origins,666,32,all-cause,overall,277.424446469635,666,nvss,Deaths,age-adjusted rate
1992,A,White,85,150,All Origins,666,32,all-cause,overall,232.796489591953,666,nvss,Deaths,age-adjusted rate
1992,A,White,35,44,All Origins,666,32,cvd_ihd,total,1.10373767780858,666,nvss,Deaths,age-adjusted rate
1992,A,White,45,54,All Origins,666,32,cvd_ihd,total,3.90582301960567,666,nvss,Deaths,age-adjusted rate
1992,A,White,55,64,All Origins,666,32,cvd_ihd,total,8.24528402053176,666,nvss,Deaths,age-adjusted rate
1992,A,White,65,74,All Origins,666,32,cvd_ihd,total,13.5547235550383,666,nvss,Deaths,age-adjusted rate
1992,A,White,75,84,All Origins,666,32,cvd_ihd,total,28.334162088162,666,nvss,Deaths,age-adjusted rate
1992,A,White,85,150,All Origins,666,32,cvd_ihd,total,34.6718175988015,666,nvss,Deaths,age-adjusted rate
1992,A,White,25,34,All Origins,666,32,cvd_stroke,total,0.0622408702319779,666,nvss,Deaths,age-adjusted rate
1992,A,White,35,44,All Origins,666,32,cvd_stroke,total,0.254708694878902,666,nvss,Deaths,age-adjusted rate
1992,A,White,45,54,All Origins,666,32,cvd_stroke,total,1.61948759349503,666,nvss,Deaths,age-adjusted rate
1992,A,White,55,64,All Origins,666,32,cvd_stroke,total,1.14291065631133,666,nvss,Deaths,age-adjusted rate
1992,A,White,65,74,All Origins,666,32,cvd_stroke,total,1.3698922741794,666,nvss,Deaths,age-adjusted rate
1992,A,White,75,84,All Origins,666,32,cvd_stroke,total,2.04825268107195,666,nvss,Deaths,age-adjusted rate
1992,A,White,85,150,All Origins,666,32,cvd_stroke,total,1.94586731421845,666,nvss,Deaths,age-adjusted rate
1992,A,White,65,74,All Origins,666,32,lri,total,0.0720995933778631,666,nvss,Deaths,age-adjusted rate
1992,A,White,75,84,All Origins,666,32,lri,total,0.113791815615109,666,nvss,Deaths,age-adjusted rate
1992,A,White,85,150,All Origins,666,32,lri,total,0.353794057130628,666,nvss,Deaths,age-adjusted rate
1992,A,White,25,34,All Origins,666,32,ncd_lri,total,5.66391919110999,666,nvss,Deaths,age-adjusted rate
1992,A,White,35,44,All Origins,666,32,ncd_lri,total,24.7067434032535,666,nvss,Deaths,age-adjusted rate
1992,A,White,45,54,All Origins,666,32,ncd_lri,total,56.2057458918865,666,nvss,Deaths,age-adjusted rate
1992,A,White,55,64,All Origins,666,32,ncd_lri,total,104.249779150684,666,nvss,Deaths,age-adjusted rate
1992,A,White,65,74,All Origins,666,32,ncd_lri,total,172.894824920116,666,nvss,Deaths,age-adjusted rate
1992,A,White,75,84,All Origins,666,32,ncd_lri,total,258.193629630681,666,nvss,Deaths,age-adjusted rate
1992,A,White,85,150,All Origins,666,32,ncd_lri,total,206.085038278591,666,nvss,Deaths,age-adjusted rate
1992,A,White,35,44,All Origins,666,32,neo_lung,total,1.44334927098044,666,nvss,Deaths,age-adjusted rate
1992,A,White,45,54,All Origins,666,32,neo_lung,total,7.14479820659573,666,nvss,Deaths,age-adjusted rate
1992,A,White,55,64,All Origins,666,32,neo_lung,total,17.2252963201208,666,nvss,Deaths,age-adjusted rate
1992,A,White,65,74,All Origins,666,32,neo_lung,total,23.3602682544276,666,nvss,Deaths,age-adjusted rate
1992,A,White,75,84,All Origins,666,32,neo_lung,total,19.6859841014138,666,nvss,Deaths,age-adjusted rate
1992,A,White,85,150,All Origins,666,32,neo_lung,total,4.42242571413285,666,nvss,Deaths,age-adjusted rate
1992,A,White,35,44,All Origins,666,32,resp_copd,total,0.424514491464837,666,nvss,Deaths,age-adjusted rate
1992,A,White,45,54,All Origins,666,32,resp_copd,total,1.42895964131915,666,nvss,Deaths,age-adjusted rate
1992,A,White,55,64,All Origins,666,32,resp_copd,total,7.02073688876962,666,nvss,Deaths,age-adjusted rate
1992,A,White,65,74,All Origins,666,32,resp_copd,total,17.4481015974429,666,nvss,Deaths,age-adjusted rate
1992,A,White,75,84,All Origins,666,32,resp_copd,total,23.2135303854821,666,nvss,Deaths,age-adjusted rate
1992,A,White,85,150,All Origins,666,32,resp_copd,total,10.6138217139188,666,nvss,Deaths,age-adjusted rate
1992,A,White,25,34,All Origins,666,32,t2_dm,total,0.186722610695934,666,nvss,Deaths,age-adjusted rate
1992,A,White,35,44,All Origins,666,32,t2_dm,total,0.424514491464837,666,nvss,Deaths,age-adjusted rate
1992,A,White,45,54,All Origins,666,32,t2_dm,total,1.04790373696737,666,nvss,Deaths,age-adjusted rate
1992,A,White,55,64,All Origins,666,32,t2_dm,total,1.79600245991781,666,nvss,Deaths,age-adjusted rate
1992,A,White,65,74,All Origins,666,32,t2_dm,total,3.67707926227102,666,nvss,Deaths,age-adjusted rate
1992,A,White,75,84,All Origins,666,32,t2_dm,total,5.12063170267988,666,nvss,Deaths,age-adjusted rate
1992,A,White,85,150,All Origins,666,32,t2_dm,total,3.53794057130628,666,nvss,Deaths,age-adjusted rate
1992,A,White,25,34,All Origins,666,33,all-cause,overall,9.42232468845844,666,nvss,Deaths,age-adjusted rate
1992,A,White,35,44,All Origins,666,33,all-cause,overall,25.0971064175718,666,nvss,Deaths,age-adjusted rate
1992,A,White,45,54,All Origins,666,33,all-cause,overall,49.8507698818577,666,nvss,Deaths,age-adjusted rate
1992,A,White,55,64,All Origins,666,33,all-cause,overall,92.709685492326,666,nvss,Deaths,age-adjusted rate
1992,A,White,65,74,All Origins,666,33,all-cause,overall,167.851374713388,666,nvss,Deaths,age-adjusted rate
1992,A,White,75,84,All Origins,666,33,all-cause,overall,258.945926051721,666,nvss,Deaths,age-adjusted rate
1992,A,White,85,150,All Origins,666,33,all-cause,overall,232.94121692776,666,nvss,Deaths,age-adjusted rate
1992,A,White,35,44,All Origins,666,33,cvd_ihd,total,1.12504270147736,666,nvss,Deaths,age-adjusted rate
1992,A,White,45,54,All Origins,666,33,cvd_ihd,total,2.76334644577925,666,nvss,Deaths,age-adjusted rate
1992,A,White,55,64,All Origins,666,33,cvd_ihd,total,5.90896896544495,666,nvss,Deaths,age-adjusted rate
1992,A,White,65,74,All Origins,666,33,cvd_ihd,total,14.6230754026094,666,nvss,Deaths,age-adjusted rate
1992,A,White,75,84,All Origins,666,33,cvd_ihd,total,30.7366708971961,666,nvss,Deaths,age-adjusted rate
1992,A,White,85,150,All Origins,666,33,cvd_ihd,total,42.94091618377,666,nvss,Deaths,age-adjusted rate
1992,A,White,35,44,All Origins,666,33,cvd_stroke,total,0.605792223872424,666,nvss,Deaths,age-adjusted rate
1992,A,White,45,54,All Origins,666,33,cvd_stroke,total,0.331601573493511,666,nvss,Deaths,age-adjusted rate
1992,A,White,55,64,All Origins,666,33,cvd_stroke,total,0.713151426864046,666,nvss,Deaths,age-adjusted rate
1992,A,White,65,74,All Origins,666,33,cvd_stroke,total,1.61481814261944,666,nvss,Deaths,age-adjusted rate
1992,A,White,75,84,All Origins,666,33,cvd_stroke,total,2.84208943227499,666,nvss,Deaths,age-adjusted rate
1992,A,White,85,150,All Origins,666,33,cvd_stroke,total,3.4988894668257,666,nvss,Deaths,age-adjusted rate
1992,A,White,55,64,All Origins,666,33,lri,total,0.101878775266292,666,nvss,Deaths,age-adjusted rate
1992,A,White,65,74,All Origins,666,33,lri,total,0.0897121190344134,666,nvss,Deaths,age-adjusted rate
1992,A,White,25,34,All Origins,666,33,ncd_lri,total,4.34876524082697,666,nvss,Deaths,age-adjusted rate
1992,A,White,35,44,All Origins,666,33,ncd_lri,total,17.9141414773703,666,nvss,Deaths,age-adjusted rate
1992,A,White,45,54,All Origins,666,33,ncd_lri,total,44.5451447059616,666,nvss,Deaths,age-adjusted rate
1992,A,White,55,64,All Origins,666,33,ncd_lri,total,87.5138679537451,666,nvss,Deaths,age-adjusted rate
1992,A,White,65,74,All Origins,666,33,ncd_lri,total,157.265344667327,666,nvss,Deaths,age-adjusted rate
1992,A,White,75,84,All Origins,666,33,ncd_lri,total,238.840774882664,666,nvss,Deaths,age-adjusted rate
1992,A,White,85,150,All Origins,666,33,ncd_lri,total,201.663265633409,666,nvss,Deaths,age-adjusted rate
1992,A,White,25,34,All Origins,666,33,neo_lung,total,0.217438262041349,666,nvss,Deaths,age-adjusted rate
1992,A,White,35,44,All Origins,666,33,neo_lung,total,1.03850095520987,666,nvss,Deaths,age-adjusted rate
1992,A,White,45,54,All Origins,666,33,neo_lung,total,4.97402360240266,666,nvss,Deaths,age-adjusted rate
1992,A,White,55,64,All Origins,666,33,neo_lung,total,13.244240784618,666,nvss,Deaths,age-adjusted rate
1992,A,White,65,74,All Origins,666,33,neo_lung,total,21.5309085682592,666,nvss,Deaths,age-adjusted rate
1992,A,White,75,84,All Origins,666,33,neo_lung,total,16.210436021124,666,nvss,Deaths,age-adjusted rate
1992,A,White,85,150,All Origins,666,33,neo_lung,total,4.02902423452657,666,nvss,Deaths,age-adjusted rate
1992,A,White,35,44,All Origins,666,33,resp_copd,total,0.259625238802467,666,nvss,Deaths,age-adjusted rate
1992,A,White,45,54,All Origins,666,33,resp_copd,total,1.21587243614287,666,nvss,Deaths,age-adjusted rate
1992,A,White,55,64,All Origins,666,33,resp_copd,total,5.2976963138472,666,nvss,Deaths,age-adjusted rate
1992,A,White,65,74,All Origins,666,33,resp_copd,total,10.4963179270264,666,nvss,Deaths,age-adjusted rate
1992,A,White,75,84,All Origins,666,33,resp_copd,total,16.8420114505184,666,nvss,Deaths,age-adjusted rate
1992,A,White,85,150,All Origins,666,33,resp_copd,total,6.57367111949071,666,nvss,Deaths,age-adjusted rate
1992,A,White,25,34,All Origins,666,33,t2_dm,total,0.362397103402248,666,nvss,Deaths,age-adjusted rate
1992,A,White,35,44,All Origins,666,33,t2_dm,total,0.865417462674891,666,nvss,Deaths,age-adjusted rate
1992,A,White,45,54,All Origins,666,33,t2_dm,total,1.76854172529872,666,nvss,Deaths,age-adjusted rate
1992,A,White,55,64,All Origins,666,33,t2_dm,total,2.34321183112472,666,nvss,Deaths,age-adjusted rate
1992,A,White,65,74,All Origins,666,33,t2_dm,total,5.20330290399598,666,nvss,Deaths,age-adjusted rate
1992,A,White,75,84,All Origins,666,33,t2_dm,total,7.68416772429903,666,nvss,Deaths,age-adjusted rate
1992,A,White,85,150,All Origins,666,33,t2_dm,total,5.61942853762916,666,nvss,Deaths,age-adjusted rate
1992,A,White,25,34,All Origins,666,34,all-cause,overall,15.8658258096925,666,nvss,Deaths,age-adjusted rate
1992,A,White,35,44,All Origins,666,34,all-cause,overall,32.5280626992224,666,nvss,Deaths,age-adjusted rate
1992,A,White,45,54,All Origins,666,34,all-cause,overall,51.5415355367206,666,nvss,Deaths,age-adjusted rate
1992,A,White,55,64,All Origins,666,34,all-cause,overall,90.5218073631477,666,nvss,Deaths,age-adjusted rate
1992,A,White,65,74,All Origins,666,34,all-cause,overall,169.945186750539,666,nvss,Deaths,age-adjusted rate
1992,A,White,75,84,All Origins,666,34,all-cause,overall,263.473640758769,666,nvss,Deaths,age-adjusted rate
1992,A,White,85,150,All Origins,666,34,all-cause,overall,238.734804524771,666,nvss,Deaths,age-adjusted rate
1992,A,White,25,34,All Origins,666,34,cvd_ihd,total,0.100815414199793,666,nvss,Deaths,age-adjusted rate
1992,A,White,35,44,All Origins,666,34,cvd_ihd,total,1.02098872621395,666,nvss,Deaths,age-adjusted rate
1992,A,White,45,54,All Origins,666,34,cvd_ihd,total,3.15778878158517,666,nvss,Deaths,age-adjusted rate
1992,A,White,55,64,All Origins,666,34,cvd_ihd,total,7.94282331080234,666,nvss,Deaths,age-adjusted rate
1992,A,White,65,74,All Origins,666,34,cvd_ihd,total,19.5307637817171,666,nvss,Deaths,age-adjusted rate
1992,A,White,75,84,All Origins,666,34,cvd_ihd,total,37.9466632757777,666,nvss,Deaths,age-adjusted rate
1992,A,White,85,150,All Origins,666,34,cvd_ihd,total,50.6481834812736,666,nvss,Deaths,age-adjusted rate
1992,A,White,25,34,All Origins,666,34,cvd_stroke,total,0.100815414199793,666,nvss,Deaths,age-adjusted rate
1992,A,White,35,44,All Origins,666,34,cvd_stroke,total,0.398823721177322,666,nvss,Deaths,age-adjusted rate
1992,A,White,45,54,All Origins,666,34,cvd_stroke,total,0.606580895897715,666,nvss,Deaths,age-adjusted rate
1992,A,White,55,64,All Origins,666,34,cvd_stroke,total,0.84997002218918,666,nvss,Deaths,age-adjusted rate
1992,A,White,65,74,All Origins,666,34,cvd_stroke,total,1.55671323827298,666,nvss,Deaths,age-adjusted rate
1992,A,White,75,84,All Origins,666,34,cvd_stroke,total,2.96037798605358,666,nvss,Deaths,age-adjusted rate
1992,A,White,85,150,All Origins,666,34,cvd_stroke,total,2.92422207579199,666,nvss,Deaths,age-adjusted rate
1992,A,White,35,44,All Origins,666,34,lri,total,0.0319058976941858,666,nvss,Deaths,age-adjusted rate
1992,A,White,45,54,All Origins,666,34,lri,total,0.0178406145852269,666,nvss,Deaths,age-adjusted rate
1992,A,White,55,64,All Origins,666,34,lri,total,0.0146546555549859,666,nvss,Deaths,age-adjusted rate
1992,A,White,65,74,All Origins,666,34,lri,total,0.0359241516524533,666,nvss,Deaths,age-adjusted rate
1992,A,White,75,84,All Origins,666,34,lri,total,0.0566579518861929,666,nvss,Deaths,age-adjusted rate
1992,A,White,85,150,All Origins,666,34,lri,total,0.0821410695447187,666,nvss,Deaths,age-adjusted rate
1992,A,White,25,34,All Origins,666,34,ncd_lri,total,8.78354296215699,666,nvss,Deaths,age-adjusted rate
1992,A,White,35,44,All Origins,666,34,ncd_lri,total,24.0251409637219,666,nvss,Deaths,age-adjusted rate
1992,A,White,45,54,All Origins,666,34,ncd_lri,total,45.1010736714537,666,nvss,Deaths,age-adjusted rate
1992,A,White,55,64,All Origins,666,34,ncd_lri,total,85.3487139522377,666,nvss,Deaths,age-adjusted rate
1992,A,White,65,74,All Origins,666,34,ncd_lri,total,161.574859415518,666,nvss,Deaths,age-adjusted rate
1992,A,White,75,84,All Origins,666,34,ncd_lri,total,245.881346698106,666,nvss,Deaths,age-adjusted rate
1992,A,White,85,150,All Origins,666,34,ncd_lri,total,215.012463640256,666,nvss,Deaths,age-adjusted rate
1992,A,White,25,34,All Origins,666,34,neo_lung,total,0.100815414199793,666,nvss,Deaths,age-adjusted rate
1992,A,White,35,44,All Origins,666,34,neo_lung,total,1.3400477031558,666,nvss,Deaths,age-adjusted rate
1992,A,White,45,54,All Origins,666,34,neo_lung,total,5.54843113600557,666,nvss,Deaths,age-adjusted rate
1992,A,White,55,64,All Origins,666,34,neo_lung,total,11.9435442773135,666,nvss,Deaths,age-adjusted rate
1992,A,White,65,74,All Origins,666,34,neo_lung,total,18.5727864043184,666,nvss,Deaths,age-adjusted rate
1992,A,White,75,84,All Origins,666,34,neo_lung,total,16.2041742394512,666,nvss,Deaths,age-adjusted rate
1992,A,White,85,150,All Origins,666,34,neo_lung,total,4.23847918850749,666,nvss,Deaths,age-adjusted rate
1992,A,White,25,34,All Origins,666,34,resp_copd,total,0.0126019267749742,666,nvss,Deaths,age-adjusted rate
1992,A,White,35,44,All Origins,666,34,resp_copd,total,0.303106028094765,666,nvss,Deaths,age-adjusted rate
1992,A,White,45,54,All Origins,666,34,resp_copd,total,0.820668270920439,666,nvss,Deaths,age-adjusted rate
1992,A,White,55,64,All Origins,666,34,resp_copd,total,2.74042058878236,666,nvss,Deaths,age-adjusted rate
1992,A,White,65,74,All Origins,666,34,resp_copd,total,7.95121223240967,666,nvss,Deaths,age-adjusted rate
1992,A,White,75,84,All Origins,666,34,resp_copd,total,12.7763681503365,666,nvss,Deaths,age-adjusted rate
1992,A,White,85,150,All Origins,666,34,resp_copd,total,6.14415200194496,666,nvss,Deaths,age-adjusted rate
1992,A,White,25,34,All Origins,666,34,t2_dm,total,0.214232755174561,666,nvss,Deaths,age-adjusted rate
1992,A,White,35,44,All Origins,666,34,t2_dm,total,0.701929749272087,666,nvss,Deaths,age-adjusted rate
1992,A,White,45,54,All Origins,666,34,t2_dm,total,1.51645223974429,666,nvss,Deaths,age-adjusted rate
1992,A,White,55,64,All Origins,666,34,t2_dm,total,3.29729749987182,666,nvss,Deaths,age-adjusted rate
1992,A,White,65,74,All Origins,666,34,t2_dm,total,6.37054955970173,666,nvss,Deaths,age-adjusted rate
1992,A,White,75,84,All Origins,666,34,t2_dm,total,7.79046838435153,666,nvss,Deaths,age-adjusted rate
1992,A,White,85,150,All Origins,666,34,t2_dm,total,4.63275632232214,666,nvss,Deaths,age-adjusted rate
1992,A,White,25,34,All Origins,666,35,all-cause,overall,21.8298304660493,666,nvss,Deaths,age-adjusted rate
1992,A,White,35,44,All Origins,666,35,all-cause,overall,36.0649137101593,666,nvss,Deaths,age-adjusted rate
1992,A,White,45,54,All Origins,666,35,all-cause,overall,51.5026746984029,666,nvss,Deaths,age-adjusted rate
1992,A,White,55,64,All Origins,666,35,all-cause,overall,84.4783353218664,666,nvss,Deaths,age-adjusted rate
1992,A,White,65,74,All Origins,666,35,all-cause,overall,153.473391592957,666,nvss,Deaths,age-adjusted rate
1992,A,White,75,84,All Origins,666,35,all-cause,overall,240.486121570686,666,nvss,Deaths,age-adjusted rate
1992,A,White,85,150,All Origins,666,35,all-cause,overall,226.416182816644,666,nvss,Deaths,age-adjusted rate
1992,A,White,25,34,All Origins,666,35,cvd_ihd,total,0.0614924801860543,666,nvss,Deaths,age-adjusted rate
1992,A,White,35,44,All Origins,666,35,cvd_ihd,total,0.590019038203015,666,nvss,Deaths,age-adjusted rate
1992,A,White,45,54,All Origins,666,35,cvd_ihd,total,1.62925860205844,666,nvss,Deaths,age-adjusted rate
1992,A,White,55,64,All Origins,666,35,cvd_ihd,total,4.22769149063853,666,nvss,Deaths,age-adjusted rate
1992,A,White,65,74,All Origins,666,35,cvd_ihd,total,11.6319556713342,666,nvss,Deaths,age-adjusted rate
1992,A,White,75,84,All Origins,666,35,cvd_ihd,total,21.6118927727326,666,nvss,Deaths,age-adjusted rate
1992,A,White,85,150,All Origins,666,35,cvd_ihd,total,31.1138301363633,666,nvss,Deaths,age-adjusted rate
1992,A,White,25,34,All Origins,666,35,cvd_stroke,total,0.122984960372109,666,nvss,Deaths,age-adjusted rate
1992,A,White,35,44,All Origins,666,35,cvd_stroke,total,0.442514278652261,666,nvss,Deaths,age-adjusted rate
1992,A,White,45,54,All Origins,666,35,cvd_stroke,total,0.543086200686146,666,nvss,Deaths,age-adjusted rate
1992,A,White,55,64,All Origins,666,35,cvd_stroke,total,0.679450418138336,666,nvss,Deaths,age-adjusted rate
1992,A,White,65,74,All Origins,666,35,cvd_stroke,total,0.752655955203981,666,nvss,Deaths,age-adjusted rate
1992,A,White,75,84,All Origins,666,35,cvd_stroke,total,1.72206316914204,666,nvss,Deaths,age-adjusted rate
1992,A,White,85,150,All Origins,666,35,cvd_stroke,total,1.57671436501841,666,nvss,Deaths,age-adjusted rate
1992,A,White,75,84,All Origins,666,35,lri,total,0.172206316914204,666,nvss,Deaths,age-adjusted rate
1992,A,White,85,150,All Origins,666,35,lri,total,0.210228582002455,666,nvss,Deaths,age-adjusted rate
1992,A,White,25,34,All Origins,666,35,ncd_lri,total,6.94865026102413,666,nvss,Deaths,age-adjusted rate
1992,A,White,35,44,All Origins,666,35,ncd_lri,total,21.4619425146347,666,nvss,Deaths,age-adjusted rate
1992,A,White,45,54,All Origins,666,35,ncd_lri,total,39.4642639165266,666,nvss,Deaths,age-adjusted rate
1992,A,White,55,64,All Origins,666,35,ncd_lri,total,77.1553697041532,666,nvss,Deaths,age-adjusted rate
1992,A,White,65,74,All Origins,666,35,ncd_lri,total,143.688864175305,666,nvss,Deaths,age-adjusted rate
1992,A,White,75,84,All Origins,666,35,ncd_lri,total,218.185403530297,666,nvss,Deaths,age-adjusted rate
1992,A,White,85,150,All Origins,666,35,ncd_lri,total,195.933038426288,666,nvss,Deaths,age-adjusted rate
1992,A,White,35,44,All Origins,666,35,neo_lung,total,0.295009519101507,666,nvss,Deaths,age-adjusted rate
1992,A,White,45,54,All Origins,666,35,neo_lung,total,2.9869741037738,666,nvss,Deaths,age-adjusted rate
1992,A,White,55,64,All Origins,666,35,neo_lung,total,8.22889950856428,666,nvss,Deaths,age-adjusted rate
1992,A,White,65,74,All Origins,666,35,neo_lung,total,14.9846958354247,666,nvss,Deaths,age-adjusted rate
1992,A,White,75,84,All Origins,666,35,neo_lung,total,13.6904021946792,666,nvss,Deaths,age-adjusted rate
1992,A,White,85,150,All Origins,666,35,neo_lung,total,2.41762869302823,666,nvss,Deaths,age-adjusted rate
1992,A,White,35,44,All Origins,666,35,resp_copd,total,0.221257139326131,666,nvss,Deaths,age-adjusted rate
1992,A,White,45,54,All Origins,666,35,resp_copd,total,0.633600567467171,666,nvss,Deaths,age-adjusted rate
1992,A,White,55,64,All Origins,666,35,resp_copd,total,4.45417496335131,666,nvss,Deaths,age-adjusted rate
1992,A,White,65,74,All Origins,666,35,resp_copd,total,10.5371833728557,666,nvss,Deaths,age-adjusted rate
1992,A,White,75,84,All Origins,666,35,resp_copd,total,17.8233538006201,666,nvss,Deaths,age-adjusted rate
1992,A,White,85,150,All Origins,666,35,resp_copd,total,8.61937186210064,666,nvss,Deaths,age-adjusted rate
1992,A,White,25,34,All Origins,666,35,t2_dm,total,0.184477440558163,666,nvss,Deaths,age-adjusted rate
1992,A,White,35,44,All Origins,666,35,t2_dm,total,0.516266658427638,666,nvss,Deaths,age-adjusted rate
1992,A,White,45,54,All Origins,666,35,t2_dm,total,0.995658034591268,666,nvss,Deaths,age-adjusted rate
1992,A,White,55,64,All Origins,666,35,t2_dm,total,3.69923005430872,666,nvss,Deaths,age-adjusted rate
1992,A,White,65,74,All Origins,666,35,t2_dm,total,6.70548032818092,666,nvss,Deaths,age-adjusted rate
1992,A,White,75,84,All Origins,666,35,t2_dm,total,8.26590321188181,666,nvss,Deaths,age-adjusted rate
1992,A,White,85,150,All Origins,666,35,t2_dm,total,4.94037167705768,666,nvss,Deaths,age-adjusted rate
1992,A,White,25,34,All Origins,666,36,all-cause,overall,19.6404210708828,666,nvss,Deaths,age-adjusted rate
1992,A,White,35,44,All Origins,666,36,all-cause,overall,44.3168513736489,666,nvss,Deaths,age-adjusted rate
1992,A,White,45,54,All Origins,666,36,all-cause,overall,63.3554054243792,666,nvss,Deaths,age-adjusted rate
1992,A,White,55,64,All Origins,666,36,all-cause,overall,96.0928083271249,666,nvss,Deaths,age-adjusted rate
1992,A,White,65,74,All Origins,666,36,all-cause,overall,166.511125646195,666,nvss,Deaths,age-adjusted rate
1992,A,White,75,84,All Origins,666,36,all-cause,overall,260.445299347418,666,nvss,Deaths,age-adjusted rate
1992,A,White,85,150,All Origins,666,36,all-cause,overall,235.115677845127,666,nvss,Deaths,age-adjusted rate
1992,A,White,25,34,All Origins,666,36,cvd_ihd,total,0.114688590194936,666,nvss,Deaths,age-adjusted rate
1992,A,White,35,44,All Origins,666,36,cvd_ihd,total,1.54048500996563,666,nvss,Deaths,age-adjusted rate
1992,A,White,45,54,All Origins,666,36,cvd_ihd,total,5.24956767646081,666,nvss,Deaths,age-adjusted rate
1992,A,White,55,64,All Origins,666,36,cvd_ihd,total,12.4124331112207,666,nvss,Deaths,age-adjusted rate
1992,A,White,65,74,All Origins,666,36,cvd_ihd,total,28.0581577321141,666,nvss,Deaths,age-adjusted rate
1992,A,White,75,84,All Origins,666,36,cvd_ihd,total,57.7980321641265,666,nvss,Deaths,age-adjusted rate
1992,A,White,85,150,All Origins,666,36,cvd_ihd,total,72.6111064430738,666,nvss,Deaths,age-adjusted rate
1992,A,White,25,34,All Origins,666,36,cvd_stroke,total,0.14336073774367,666,nvss,Deaths,age-adjusted rate
1992,A,White,35,44,All Origins,666,36,cvd_stroke,total,0.543262829601405,666,nvss,Deaths,age-adjusted rate
1992,A,White,45,54,All Origins,666,36,cvd_stroke,total,0.855360867410547,666,nvss,Deaths,age-adjusted rate
1992,A,White,55,64,All Origins,666,36,cvd_stroke,total,0.941955365275626,666,nvss,Deaths,age-adjusted rate
1992,A,White,65,74,All Origins,666,36,cvd_stroke,total,1.36409676525127,666,nvss,Deaths,age-adjusted rate
1992,A,White,75,84,All Origins,666,36,cvd_stroke,total,3.13587808198859,666,nvss,Deaths,age-adjusted rate
1992,A,White,85,150,All Origins,666,36,cvd_stroke,total,3.3291419704469,666,nvss,Deaths,age-adjusted rate
1992,A,White,45,54,All Origins,666,36,lri,total,0.00838589085696614,666,nvss,Deaths,age-adjusted rate
1992,A,White,55,64,All Origins,666,36,lri,total,0.0200416035165027,666,nvss,Deaths,age-adjusted rate
1992,A,White,65,74,All Origins,666,36,lri,total,0.0285375892311982,666,nvss,Deaths,age-adjusted rate
1992,A,White,75,84,All Origins,666,36,lri,total,0.0579525723570787,666,nvss,Deaths,age-adjusted rate
1992,A,White,85,150,All Origins,666,36,lri,total,0.0862128398721307,666,nvss,Deaths,age-adjusted rate
1992,A,White,25,34,All Origins,666,36,ncd_lri,total,11.1018555308698,666,nvss,Deaths,age-adjusted rate
1992,A,White,35,44,All Origins,666,36,ncd_lri,total,34.0841610900608,666,nvss,Deaths,age-adjusted rate
1992,A,White,45,54,All Origins,666,36,ncd_lri,total,55.1036888211245,666,nvss,Deaths,age-adjusted rate
1992,A,White,55,64,All Origins,666,36,ncd_lri,total,90.1270910137126,666,nvss,Deaths,age-adjusted rate
1992,A,White,65,74,All Origins,666,36,ncd_lri,total,157.944141358989,666,nvss,Deaths,age-adjusted rate
1992,A,White,75,84,All Origins,666,36,ncd_lri,total,242.975818369112,666,nvss,Deaths,age-adjusted rate
1992,A,White,85,150,All Origins,666,36,ncd_lri,total,212.388646903451,666,nvss,Deaths,age-adjusted rate
1992,A,White,25,34,All Origins,666,36,neo_lung,total,0.0745475836267083,666,nvss,Deaths,age-adjusted rate
1992,A,White,35,44,All Origins,666,36,neo_lung,total,1.31722631286916,666,nvss,Deaths,age-adjusted rate
1992,A,White,45,54,All Origins,666,36,neo_lung,total,5.71917756445091,666,nvss,Deaths,age-adjusted rate
1992,A,White,55,64,All Origins,666,36,neo_lung,total,12.7264182329792,666,nvss,Deaths,age-adjusted rate
1992,A,White,65,74,All Origins,666,36,neo_lung,total,17.9044834836537,666,nvss,Deaths,age-adjusted rate
1992,A,White,75,84,All Origins,666,36,neo_lung,total,15.982031621141,666,nvss,Deaths,age-adjusted rate
1992,A,White,85,150,All Origins,666,36,neo_lung,total,4.28411496595357,666,nvss,Deaths,age-adjusted rate
1992,A,White,25,34,All Origins,666,36,resp_copd,total,0.166298455782657,666,nvss,Deaths,age-adjusted rate
1992,A,White,35,44,All Origins,666,36,resp_copd,total,0.357213915354349,666,nvss,Deaths,age-adjusted rate
1992,A,White,45,54,All Origins,666,36,resp_copd,total,1.04823635712077,666,nvss,Deaths,age-adjusted rate
1992,A,White,55,64,All Origins,666,36,resp_copd,total,3.28014244220094,666,nvss,Deaths,age-adjusted rate
1992,A,White,65,74,All Origins,666,36,resp_copd,total,8.57269180505193,666,nvss,Deaths,age-adjusted rate
1992,A,White,75,84,All Origins,666,36,resp_copd,total,13.3548483409535,666,nvss,Deaths,age-adjusted rate
1992,A,White,85,150,All Origins,666,36,resp_copd,total,6.93018597433667,666,nvss,Deaths,age-adjusted rate
1992,A,White,25,34,All Origins,666,36,t2_dm,total,0.154829596763163,666,nvss,Deaths,age-adjusted rate
1992,A,White,35,44,All Origins,666,36,t2_dm,total,0.483727177042347,666,nvss,Deaths,age-adjusted rate
1992,A,White,45,54,All Origins,666,36,t2_dm,total,1.19079650168919,666,nvss,Deaths,age-adjusted rate
1992,A,White,55,64,All Origins,666,36,t2_dm,total,1.84382752351825,666,nvss,Deaths,age-adjusted rate
1992,A,White,65,74,All Origins,666,36,t2_dm,total,3.62427383236217,666,nvss,Deaths,age-adjusted rate
1992,A,White,75,84,All Origins,666,36,t2_dm,total,4.45590889678872,666,nvss,Deaths,age-adjusted rate
1992,A,White,85,150,All Origins,666,36,t2_dm,total,3.0373446662643,666,nvss,Deaths,age-adjusted rate
1992,A,White,25,34,All Origins,666,37,all-cause,overall,13.6780120794472,666,nvss,Deaths,age-adjusted rate
1992,A,White,35,44,All Origins,666,37,all-cause,overall,28.3696135737393,666,nvss,Deaths,age-adjusted rate
1992,A,White,45,54,All Origins,666,37,all-cause,overall,55.2791247329942,666,nvss,Deaths,age-adjusted rate
1992,A,White,55,64,All Origins,666,37,all-cause,overall,99.3904157710408,666,nvss,Deaths,age-adjusted rate
1992,A,White,65,74,All Origins,666,37,all-cause,overall,169.374196100034,666,nvss,Deaths,age-adjusted rate
1992,A,White,75,84,All Origins,666,37,all-cause,overall,262.41572873248,666,nvss,Deaths,age-adjusted rate
1992,A,White,85,150,All Origins,666,37,all-cause,overall,233.703385035721,666,nvss,Deaths,age-adjusted rate
1992,A,White,25,34,All Origins,666,37,cvd_ihd,total,0.140047905250313,666,nvss,Deaths,age-adjusted rate
1992,A,White,35,44,All Origins,666,37,cvd_ihd,total,1.27057751484907,666,nvss,Deaths,age-adjusted rate
1992,A,White,45,54,All Origins,666,37,cvd_ihd,total,4.78607140545404,666,nvss,Deaths,age-adjusted rate
1992,A,White,55,64,All Origins,666,37,cvd_ihd,total,10.5585482336715,666,nvss,Deaths,age-adjusted rate
1992,A,White,65,74,All Origins,666,37,cvd_ihd,total,19.7349199242915,666,nvss,Deaths,age-adjusted rate
1992,A,White,75,84,All Origins,666,37,cvd_ihd,total,30.286508882814,666,nvss,Deaths,age-adjusted rate
1992,A,White,85,150,All Origins,666,37,cvd_ihd,total,31.0757584952369,666,nvss,Deaths,age-adjusted rate
1992,A,White,25,34,All Origins,666,37,cvd_stroke,total,0.108926148528021,666,nvss,Deaths,age-adjusted rate
1992,A,White,35,44,All Origins,666,37,cvd_stroke,total,0.436761020729366,666,nvss,Deaths,age-adjusted rate
1992,A,White,45,54,All Origins,666,37,cvd_stroke,total,1.02247889116518,666,nvss,Deaths,age-adjusted rate
1992,A,White,55,64,All Origins,666,37,cvd_stroke,total,1.23901331313493,666,nvss,Deaths,age-adjusted rate
1992,A,White,65,74,All Origins,666,37,cvd_stroke,total,1.58768462785934,666,nvss,Deaths,age-adjusted rate
1992,A,White,75,84,All Origins,666,37,cvd_stroke,total,3.5155787495728,666,nvss,Deaths,age-adjusted rate
1992,A,White,85,150,All Origins,666,37,cvd_stroke,total,3.90890043965244,666,nvss,Deaths,age-adjusted rate
1992,A,White,45,54,All Origins,666,37,lri,total,0.0435097400495822,666,nvss,Deaths,age-adjusted rate
1992,A,White,55,64,All Origins,666,37,lri,total,0.0359134293662297,666,nvss,Deaths,age-adjusted rate
1992,A,White,65,74,All Origins,666,37,lri,total,0.0476305388357801,666,nvss,Deaths,age-adjusted rate
1992,A,White,75,84,All Origins,666,37,lri,total,0.141431329005802,666,nvss,Deaths,age-adjusted rate
1992,A,White,85,150,All Origins,666,37,lri,total,0.244306277478278,666,nvss,Deaths,age-adjusted rate
1992,A,White,25,34,All Origins,666,37,ncd_lri,total,5.86645114215199,666,nvss,Deaths,age-adjusted rate
1992,A,White,35,44,All Origins,666,37,ncd_lri,total,19.098368270075,666,nvss,Deaths,age-adjusted rate
1992,A,White,45,54,All Origins,666,37,ncd_lri,total,46.5989315931025,666,nvss,Deaths,age-adjusted rate
1992,A,White,55,64,All Origins,666,37,ncd_lri,total,91.5253747398365,666,nvss,Deaths,age-adjusted rate
1992,A,White,65,74,All Origins,666,37,ncd_lri,total,158.593817476869,666,nvss,Deaths,age-adjusted rate
1992,A,White,75,84,All Origins,666,37,ncd_lri,total,238.554243081644,666,nvss,Deaths,age-adjusted rate
1992,A,White,85,150,All Origins,666,37,ncd_lri,total,203.775866044632,666,nvss,Deaths,age-adjusted rate
1992,A,White,25,34,All Origins,666,37,neo_lung,total,0.0778043918057293,666,nvss,Deaths,age-adjusted rate
1992,A,White,35,44,All Origins,666,37,neo_lung,total,1.17131364650148,666,nvss,Deaths,age-adjusted rate
1992,A,White,45,54,All Origins,666,37,neo_lung,total,5.93907951676797,666,nvss,Deaths,age-adjusted rate
1992,A,White,55,64,All Origins,666,37,neo_lung,total,14.4731120345906,666,nvss,Deaths,age-adjusted rate
1992,A,White,65,74,All Origins,666,37,neo_lung,total,20.9415602414646,666,nvss,Deaths,age-adjusted rate
1992,A,White,75,84,All Origins,666,37,neo_lung,total,15.5170372394938,666,nvss,Deaths,age-adjusted rate
1992,A,White,85,150,All Origins,666,37,neo_lung,total,3.68902478992199,666,nvss,Deaths,age-adjusted rate
1992,A,White,25,34,All Origins,666,37,resp_copd,total,0.0622435134445834,666,nvss,Deaths,age-adjusted rate
1992,A,White,35,44,All Origins,666,37,resp_copd,total,0.138969415686617,666,nvss,Deaths,age-adjusted rate
1992,A,White,45,54,All Origins,666,37,resp_copd,total,1.02247889116518,666,nvss,Deaths,age-adjusted rate
1992,A,White,55,64,All Origins,666,37,resp_copd,total,5.33314426088512,666,nvss,Deaths,age-adjusted rate
1992,A,White,65,74,All Origins,666,37,resp_copd,total,11.1296692412939,666,nvss,Deaths,age-adjusted rate
1992,A,White,75,84,All Origins,666,37,resp_copd,total,15.4968327639215,666,nvss,Deaths,age-adjusted rate
1992,A,White,85,150,All Origins,666,37,resp_copd,total,7.08488204687006,666,nvss,Deaths,age-adjusted rate
1992,A,White,25,34,All Origins,666,37,t2_dm,total,0.233413175417188,666,nvss,Deaths,age-adjusted rate
1992,A,White,35,44,All Origins,666,37,t2_dm,total,0.436761020729366,666,nvss,Deaths,age-adjusted rate
1992,A,White,45,54,All Origins,666,37,t2_dm,total,1.60986038183454,666,nvss,Deaths,age-adjusted rate
1992,A,White,55,64,All Origins,666,37,t2_dm,total,2.67555048778412,666,nvss,Deaths,age-adjusted rate
1992,A,White,65,74,All Origins,666,37,t2_dm,total,4.01684210848412,666,nvss,Deaths,age-adjusted rate
1992,A,White,75,84,All Origins,666,37,t2_dm,total,5.55623078237081,666,nvss,Deaths,age-adjusted rate
1992,A,White,85,150,All Origins,666,37,t2_dm,total,2.78509156325237,666,nvss,Deaths,age-adjusted rate
1992,A,White,25,34,All Origins,666,38,all-cause,overall,10.3490023705778,666,nvss,Deaths,age-adjusted rate
1992,A,White,35,44,All Origins,666,38,all-cause,overall,21.2035647599527,666,nvss,Deaths,age-adjusted rate
1992,A,White,45,54,All Origins,666,38,all-cause,overall,43.3270580408272,666,nvss,Deaths,age-adjusted rate
1992,A,White,55,64,All Origins,666,38,all-cause,overall,82.9025686343427,666,nvss,Deaths,age-adjusted rate
1992,A,White,65,74,All Origins,666,38,all-cause,overall,149.636214217394,666,nvss,Deaths,age-adjusted rate
1992,A,White,75,84,All Origins,666,38,all-cause,overall,235.132916912814,666,nvss,Deaths,age-adjusted rate
1992,A,White,85,150,All Origins,666,38,all-cause,overall,219.710004593414,666,nvss,Deaths,age-adjusted rate
1992,A,White,25,34,All Origins,666,38,cvd_ihd,total,0.299971083205154,666,nvss,Deaths,age-adjusted rate
1992,A,White,35,44,All Origins,666,38,cvd_ihd,total,0.530089118998818,666,nvss,Deaths,age-adjusted rate
1992,A,White,45,54,All Origins,666,38,cvd_ihd,total,2.53509382153776,666,nvss,Deaths,age-adjusted rate
1992,A,White,55,64,All Origins,666,38,cvd_ihd,total,3.92337258969112,666,nvss,Deaths,age-adjusted rate
1992,A,White,65,74,All Origins,666,38,cvd_ihd,total,13.0241548798489,666,nvss,Deaths,age-adjusted rate
1992,A,White,75,84,All Origins,666,38,cvd_ihd,total,24.226631393421,666,nvss,Deaths,age-adjusted rate
1992,A,White,85,150,All Origins,666,38,cvd_ihd,total,30.1537484310023,666,nvss,Deaths,age-adjusted rate
1992,A,White,35,44,All Origins,666,38,cvd_stroke,total,0.176696372999606,666,nvss,Deaths,age-adjusted rate
1992,A,White,45,54,All Origins,666,38,cvd_stroke,total,0.691389224055753,666,nvss,Deaths,age-adjusted rate
1992,A,White,55,64,All Origins,666,38,cvd_stroke,total,0.85290708471546,666,nvss,Deaths,age-adjusted rate
1992,A,White,65,74,All Origins,666,38,cvd_stroke,total,1.55723590954715,666,nvss,Deaths,age-adjusted rate
1992,A,White,75,84,All Origins,666,38,cvd_stroke,total,2.96103272586257,666,nvss,Deaths,age-adjusted rate
1992,A,White,85,150,All Origins,666,38,cvd_stroke,total,2.44838128285916,666,nvss,Deaths,age-adjusted rate
1992,A,White,55,64,All Origins,666,38,lri,total,0.170581416943092,666,nvss,Deaths,age-adjusted rate
1992,A,White,75,84,All Origins,666,38,lri,total,0.134592396630117,666,nvss,Deaths,age-adjusted rate
1992,A,White,25,34,All Origins,666,38,ncd_lri,total,3.44966745685927,666,nvss,Deaths,age-adjusted rate
1992,A,White,35,44,All Origins,666,38,ncd_lri,total,14.4891025859677,666,nvss,Deaths,age-adjusted rate
1992,A,White,45,54,All Origins,666,38,ncd_lri,total,37.1045550243254,666,nvss,Deaths,age-adjusted rate
1992,A,White,55,64,All Origins,666,38,ncd_lri,total,77.78512612605,666,nvss,Deaths,age-adjusted rate
1992,A,White,65,74,All Origins,666,38,ncd_lri,total,139.726531156639,666,nvss,Deaths,age-adjusted rate
1992,A,White,75,84,All Origins,666,38,ncd_lri,total,216.962943367748,666,nvss,Deaths,age-adjusted rate
1992,A,White,85,150,All Origins,666,38,ncd_lri,total,190.200567026322,666,nvss,Deaths,age-adjusted rate
1992,A,White,25,34,All Origins,666,38,neo_lung,total,0.149985541602577,666,nvss,Deaths,age-adjusted rate
1992,A,White,35,44,All Origins,666,38,neo_lung,total,0.176696372999606,666,nvss,Deaths,age-adjusted rate
1992,A,White,45,54,All Origins,666,38,neo_lung,total,3.45694612027876,666,nvss,Deaths,age-adjusted rate
1992,A,White,55,64,All Origins,666,38,neo_lung,total,11.2583735182441,666,nvss,Deaths,age-adjusted rate
1992,A,White,65,74,All Origins,666,38,neo_lung,total,15.7139259963394,666,nvss,Deaths,age-adjusted rate
1992,A,White,75,84,All Origins,666,38,neo_lung,total,11.7095385068201,666,nvss,Deaths,age-adjusted rate
1992,A,White,85,150,All Origins,666,38,neo_lung,total,3.09269214676947,666,nvss,Deaths,age-adjusted rate
1992,A,White,45,54,All Origins,666,38,resp_copd,total,0.691389224055753,666,nvss,Deaths,age-adjusted rate
1992,A,White,55,64,All Origins,666,38,resp_copd,total,3.92337258969112,666,nvss,Deaths,age-adjusted rate
1992,A,White,65,74,All Origins,666,38,resp_copd,total,8.49401405207534,666,nvss,Deaths,age-adjusted rate
1992,A,White,75,84,All Origins,666,38,resp_copd,total,13.3246472663815,666,nvss,Deaths,age-adjusted rate
1992,A,White,85,150,All Origins,666,38,resp_copd,total,5.6699356024107,666,nvss,Deaths,age-adjusted rate
1992,A,White,25,34,All Origins,666,38,t2_dm,total,0.299971083205154,666,nvss,Deaths,age-adjusted rate
1992,A,White,35,44,All Origins,666,38,t2_dm,total,0.353392745999212,666,nvss,Deaths,age-adjusted rate
1992,A,White,45,54,All Origins,666,38,t2_dm,total,0.921852298741004,666,nvss,Deaths,age-adjusted rate
1992,A,White,55,64,All Origins,666,38,t2_dm,total,1.70581416943092,666,nvss,Deaths,age-adjusted rate
1992,A,White,65,74,All Origins,666,38,t2_dm,total,4.10544012516975,666,nvss,Deaths,age-adjusted rate
1992,A,White,75,84,All Origins,666,38,t2_dm,total,6.4604350382456,666,nvss,Deaths,age-adjusted rate
1992,A,White,85,150,All Origins,666,38,t2_dm,total,4.38131387459008,666,nvss,Deaths,age-adjusted rate
1992,A,White,25,34,All Origins,666,39,all-cause,overall,13.5951088820586,666,nvss,Deaths,age-adjusted rate
1992,A,White,35,44,All Origins,666,39,all-cause,overall,27.2995612220097,666,nvss,Deaths,age-adjusted rate
1992,A,White,45,54,All Origins,666,39,all-cause,overall,52.5688462328852,666,nvss,Deaths,age-adjusted rate
1992,A,White,55,64,All Origins,666,39,all-cause,overall,99.3507230562085,666,nvss,Deaths,age-adjusted rate
1992,A,White,65,74,All Origins,666,39,all-cause,overall,179.096202883658,666,nvss,Deaths,age-adjusted rate
1992,A,White,75,84,All Origins,666,39,all-cause,overall,271.274427156936,666,nvss,Deaths,age-adjusted rate
1992,A,White,85,150,All Origins,666,39,all-cause,overall,235.393382738376,666,nvss,Deaths,age-adjusted rate
1992,A,White,25,34,All Origins,666,39,cvd_ihd,total,0.178062984702798,666,nvss,Deaths,age-adjusted rate
1992,A,White,35,44,All Origins,666,39,cvd_ihd,total,1.0714113509423,666,nvss,Deaths,age-adjusted rate
1992,A,White,45,54,All Origins,666,39,cvd_ihd,total,3.9401696891821,666,nvss,Deaths,age-adjusted rate
1992,A,White,55,64,All Origins,666,39,cvd_ihd,total,9.97960604456209,666,nvss,Deaths,age-adjusted rate
1992,A,White,65,74,All Origins,666,39,cvd_ihd,total,21.5593095471685,666,nvss,Deaths,age-adjusted rate
1992,A,White,75,84,All Origins,666,39,cvd_ihd,total,38.6194717623995,666,nvss,Deaths,age-adjusted rate
1992,A,White,85,150,All Origins,666,39,cvd_ihd,total,42.5480547746469,666,nvss,Deaths,age-adjusted rate
1992,A,White,25,34,All Origins,666,39,cvd_stroke,total,0.106837790821679,666,nvss,Deaths,age-adjusted rate
1992,A,White,35,44,All Origins,666,39,cvd_stroke,total,0.482135107924034,666,nvss,Deaths,age-adjusted rate
1992,A,White,45,54,All Origins,666,39,cvd_stroke,total,0.885291290923825,666,nvss,Deaths,age-adjusted rate
1992,A,White,55,64,All Origins,666,39,cvd_stroke,total,1.08297956061678,666,nvss,Deaths,age-adjusted rate
1992,A,White,65,74,All Origins,666,39,cvd_stroke,total,1.81452505562527,666,nvss,Deaths,age-adjusted rate
1992,A,White,75,84,All Origins,666,39,cvd_stroke,total,3.74207567144438,666,nvss,Deaths,age-adjusted rate
1992,A,White,85,150,All Origins,666,39,cvd_stroke,total,3.56074315993989,666,nvss,Deaths,age-adjusted rate
1992,A,White,25,34,All Origins,666,39,lri,total,0.00890314923513988,666,nvss,Deaths,age-adjusted rate
1992,A,White,35,44,All Origins,666,39,lri,total,0.010714113509423,666,nvss,Deaths,age-adjusted rate
1992,A,White,45,54,All Origins,666,39,lri,total,0.0249377828429247,666,nvss,Deaths,age-adjusted rate
1992,A,White,55,64,All Origins,666,39,lri,total,0.0202426086096594,666,nvss,Deaths,age-adjusted rate
1992,A,White,65,74,All Origins,666,39,lri,total,0.103195737760679,666,nvss,Deaths,age-adjusted rate
1992,A,White,75,84,All Origins,666,39,lri,total,0.104236091126584,666,nvss,Deaths,age-adjusted rate
1992,A,White,85,150,All Origins,666,39,lri,total,0.135647358473901,666,nvss,Deaths,age-adjusted rate
1992,A,White,25,34,All Origins,666,39,ncd_lri,total,5.8938847936626,666,nvss,Deaths,age-adjusted rate
1992,A,White,35,44,All Origins,666,39,ncd_lri,total,18.6961280739431,666,nvss,Deaths,age-adjusted rate
1992,A,White,45,54,All Origins,666,39,ncd_lri,total,44.8007268773141,666,nvss,Deaths,age-adjusted rate
1992,A,White,55,64,All Origins,666,39,ncd_lri,total,92.306295260047,666,nvss,Deaths,age-adjusted rate
1992,A,White,65,74,All Origins,666,39,ncd_lri,total,168.922823069418,666,nvss,Deaths,age-adjusted rate
1992,A,White,75,84,All Origins,666,39,ncd_lri,total,250.250007576704,666,nvss,Deaths,age-adjusted rate
1992,A,White,85,150,All Origins,666,39,ncd_lri,total,207.93609659395,666,nvss,Deaths,age-adjusted rate
1992,A,White,25,34,All Origins,666,39,neo_lung,total,0.133547238527098,666,nvss,Deaths,age-adjusted rate
1992,A,White,35,44,All Origins,666,39,neo_lung,total,0.996412556376337,666,nvss,Deaths,age-adjusted rate
1992,A,White,45,54,All Origins,666,39,neo_lung,total,5.4613744426005,666,nvss,Deaths,age-adjusted rate
1992,A,White,55,64,All Origins,666,39,neo_lung,total,14.7062551549176,666,nvss,Deaths,age-adjusted rate
1992,A,White,65,74,All Origins,666,39,neo_lung,total,21.5507099023551,666,nvss,Deaths,age-adjusted rate
1992,A,White,75,84,All Origins,666,39,neo_lung,total,17.1468369903231,666,nvss,Deaths,age-adjusted rate
1992,A,White,85,150,All Origins,666,39,neo_lung,total,4.11463654037499,666,nvss,Deaths,age-adjusted rate
1992,A,White,25,34,All Origins,666,39,resp_copd,total,0.0534188954108393,666,nvss,Deaths,age-adjusted rate
1992,A,White,35,44,All Origins,666,39,resp_copd,total,0.171425816150768,666,nvss,Deaths,age-adjusted rate
1992,A,White,45,54,All Origins,666,39,resp_copd,total,1.03491798798137,666,nvss,Deaths,age-adjusted rate
1992,A,White,55,64,All Origins,666,39,resp_copd,total,4.63555737161201,666,nvss,Deaths,age-adjusted rate
1992,A,White,65,74,All Origins,666,39,resp_copd,total,11.3171325744211,666,nvss,Deaths,age-adjusted rate
1992,A,White,75,84,All Origins,666,39,resp_copd,total,16.0940524699446,666,nvss,Deaths,age-adjusted rate
1992,A,White,85,150,All Origins,666,39,resp_copd,total,7.23452578527471,666,nvss,Deaths,age-adjusted rate
1992,A,White,25,34,All Origins,666,39,t2_dm,total,0.204772432408217,666,nvss,Deaths,age-adjusted rate
1992,A,White,35,44,All Origins,666,39,t2_dm,total,0.546419788980572,666,nvss,Deaths,age-adjusted rate
1992,A,White,45,54,All Origins,666,39,t2_dm,total,1.57108031910425,666,nvss,Deaths,age-adjusted rate
1992,A,White,55,64,All Origins,666,39,t2_dm,total,3.17808955171653,666,nvss,Deaths,age-adjusted rate
1992,A,White,65,74,All Origins,666,39,t2_dm,total,6.13154675194701,666,nvss,Deaths,age-adjusted rate
1992,A,White,75,84,All Origins,666,39,t2_dm,total,8.55778308149257,666,nvss,Deaths,age-adjusted rate
1992,A,White,85,150,All Origins,666,39,t2_dm,total,5.01895226353433,666,nvss,Deaths,age-adjusted rate
1992,A,White,25,34,All Origins,666,40,all-cause,overall,18.1826555831195,666,nvss,Deaths,age-adjusted rate
1992,A,White,35,44,All Origins,666,40,all-cause,overall,34.9884734299598,666,nvss,Deaths,age-adjusted rate
1992,A,White,45,54,All Origins,666,40,all-cause,overall,63.9010197123845,666,nvss,Deaths,age-adjusted rate
1992,A,White,55,64,All Origins,666,40,all-cause,overall,107.570949047145,666,nvss,Deaths,age-adjusted rate
1992,A,White,65,74,All Origins,666,40,all-cause,overall,181.913400240783,666,nvss,Deaths,age-adjusted rate
1992,A,White,75,84,All Origins,666,40,all-cause,overall,267.981059969687,666,nvss,Deaths,age-adjusted rate
1992,A,White,85,150,All Origins,666,40,all-cause,overall,232.845663489151,666,nvss,Deaths,age-adjusted rate
1992,A,White,25,34,All Origins,666,40,cvd_ihd,total,0.23570109089229,666,nvss,Deaths,age-adjusted rate
1992,A,White,35,44,All Origins,666,40,cvd_ihd,total,1.69494334954822,666,nvss,Deaths,age-adjusted rate
1992,A,White,45,54,All Origins,666,40,cvd_ihd,total,4.69203291594432,666,nvss,Deaths,age-adjusted rate
1992,A,White,55,64,All Origins,666,40,cvd_ihd,total,8.87219818242432,666,nvss,Deaths,age-adjusted rate
1992,A,White,65,74,All Origins,666,40,cvd_ihd,total,19.0395776166133,666,nvss,Deaths,age-adjusted rate
1992,A,White,75,84,All Origins,666,40,cvd_ihd,total,32.3959325830022,666,nvss,Deaths,age-adjusted rate
1992,A,White,85,150,All Origins,666,40,cvd_ihd,total,33.8941636620517,666,nvss,Deaths,age-adjusted rate
1992,A,White,25,34,All Origins,666,40,cvd_stroke,total,0.101014753239553,666,nvss,Deaths,age-adjusted rate
1992,A,White,35,44,All Origins,666,40,cvd_stroke,total,0.443913734405487,666,nvss,Deaths,age-adjusted rate
1992,A,White,45,54,All Origins,666,40,cvd_stroke,total,1.16183672204335,666,nvss,Deaths,age-adjusted rate
1992,A,White,55,64,All Origins,666,40,cvd_stroke,total,1.03330822204942,666,nvss,Deaths,age-adjusted rate
1992,A,White,65,74,All Origins,666,40,cvd_stroke,total,1.73919218613295,666,nvss,Deaths,age-adjusted rate
1992,A,White,75,84,All Origins,666,40,cvd_stroke,total,2.17787782070603,666,nvss,Deaths,age-adjusted rate
1992,A,White,85,150,All Origins,666,40,cvd_stroke,total,2.55154436520023,666,nvss,Deaths,age-adjusted rate
1992,A,White,35,44,All Origins,666,40,lri,total,0.080711588073725,666,nvss,Deaths,age-adjusted rate
1992,A,White,55,64,All Origins,666,40,lri,total,0.0356313180017041,666,nvss,Deaths,age-adjusted rate
1992,A,White,75,84,All Origins,666,40,lri,total,0.136117363794127,666,nvss,Deaths,age-adjusted rate
1992,A,White,85,150,All Origins,666,40,lri,total,0.172401646297313,666,nvss,Deaths,age-adjusted rate
1992,A,White,25,34,All Origins,666,40,ncd_lri,total,7.1047043111819,666,nvss,Deaths,age-adjusted rate
1992,A,White,35,44,All Origins,666,40,ncd_lri,total,23.0431583950485,666,nvss,Deaths,age-adjusted rate
1992,A,White,45,54,All Origins,666,40,ncd_lri,total,54.7403840193504,666,nvss,Deaths,age-adjusted rate
1992,A,White,55,64,All Origins,666,40,ncd_lri,total,99.5539024967612,666,nvss,Deaths,age-adjusted rate
1992,A,White,65,74,All Origins,666,40,ncd_lri,total,169.708542794236,666,nvss,Deaths,age-adjusted rate
1992,A,White,75,84,All Origins,666,40,ncd_lri,total,245.181401534171,666,nvss,Deaths,age-adjusted rate
1992,A,White,85,150,All Origins,666,40,ncd_lri,total,202.020249131191,666,nvss,Deaths,age-adjusted rate
1992,A,White,35,44,All Origins,666,40,neo_lung,total,1.08960643899529,666,nvss,Deaths,age-adjusted rate
1992,A,White,45,54,All Origins,666,40,neo_lung,total,7.01570636003103,666,nvss,Deaths,age-adjusted rate
1992,A,White,55,64,All Origins,666,40,neo_lung,total,15.89156782876,666,nvss,Deaths,age-adjusted rate
1992,A,White,65,74,All Origins,666,40,neo_lung,total,22.1213041218664,666,nvss,Deaths,age-adjusted rate
1992,A,White,75,84,All Origins,666,40,neo_lung,total,17.3889932246997,666,nvss,Deaths,age-adjusted rate
1992,A,White,85,150,All Origins,666,40,neo_lung,total,3.99971819409766,666,nvss,Deaths,age-adjusted rate
1992,A,White,25,34,All Origins,666,40,resp_copd,total,0.0673431688263687,666,nvss,Deaths,age-adjusted rate
1992,A,White,35,44,All Origins,666,40,resp_copd,total,0.282490558258037,666,nvss,Deaths,age-adjusted rate
1992,A,White,45,54,All Origins,666,40,resp_copd,total,1.60869699975234,666,nvss,Deaths,age-adjusted rate
1992,A,White,55,64,All Origins,666,40,resp_copd,total,5.48722297226243,666,nvss,Deaths,age-adjusted rate
1992,A,White,65,74,All Origins,666,40,resp_copd,total,13.0591974678053,666,nvss,Deaths,age-adjusted rate
1992,A,White,75,84,All Origins,666,40,resp_copd,total,16.7424357466776,666,nvss,Deaths,age-adjusted rate
1992,A,White,85,150,All Origins,666,40,resp_copd,total,6.13749860818434,666,nvss,Deaths,age-adjusted rate
1992,A,White,25,34,All Origins,666,40,t2_dm,total,0.269372675305475,666,nvss,Deaths,age-adjusted rate
1992,A,White,35,44,All Origins,666,40,t2_dm,total,0.726404292663525,666,nvss,Deaths,age-adjusted rate
1992,A,White,45,54,All Origins,666,40,t2_dm,total,1.69806905529413,666,nvss,Deaths,age-adjusted rate
1992,A,White,55,64,All Origins,666,40,t2_dm,total,2.17351039810395,666,nvss,Deaths,age-adjusted rate
1992,A,White,65,74,All Origins,666,40,t2_dm,total,3.4783843722659,666,nvss,Deaths,age-adjusted rate
1992,A,White,75,84,All Origins,666,40,t2_dm,total,4.1856089366694,666,nvss,Deaths,age-adjusted rate
1992,A,White,85,150,All Origins,666,40,t2_dm,total,3.20667062113002,666,nvss,Deaths,age-adjusted rate
1992,A,White,25,34,All Origins,666,41,all-cause,overall,15.4876033822073,666,nvss,Deaths,age-adjusted rate
1992,A,White,35,44,All Origins,666,41,all-cause,overall,26.9782059769163,666,nvss,Deaths,age-adjusted rate
1992,A,White,45,54,All Origins,666,41,all-cause,overall,50.6278115026086,666,nvss,Deaths,age-adjusted rate
1992,A,White,55,64,All Origins,666,41,all-cause,overall,91.7184882590172,666,nvss,Deaths,age-adjusted rate
1992,A,White,65,74,All Origins,666,41,all-cause,overall,163.239506649846,666,nvss,Deaths,age-adjusted rate
1992,A,White,75,84,All Origins,666,41,all-cause,overall,254.384432384447,666,nvss,Deaths,age-adjusted rate
1992,A,White,85,150,All Origins,666,41,all-cause,overall,229.828931321872,666,nvss,Deaths,age-adjusted rate
1992,A,White,25,34,All Origins,666,41,cvd_ihd,total,0.129063361518394,666,nvss,Deaths,age-adjusted rate
1992,A,White,35,44,All Origins,666,41,cvd_ihd,total,1.6903637830148,666,nvss,Deaths,age-adjusted rate
1992,A,White,45,54,All Origins,666,41,cvd_ihd,total,5.06278115026085,666,nvss,Deaths,age-adjusted rate
1992,A,White,55,64,All Origins,666,41,cvd_ihd,total,11.1823793618509,666,nvss,Deaths,age-adjusted rate
1992,A,White,65,74,All Origins,666,41,cvd_ihd,total,18.7464818050349,666,nvss,Deaths,age-adjusted rate
1992,A,White,75,84,All Origins,666,41,cvd_ihd,total,30.5976588809202,666,nvss,Deaths,age-adjusted rate
1992,A,White,85,150,All Origins,666,41,cvd_ihd,total,33.5128745206776,666,nvss,Deaths,age-adjusted rate
1992,A,White,25,34,All Origins,666,41,cvd_stroke,total,0.193595042277592,666,nvss,Deaths,age-adjusted rate
1992,A,White,35,44,All Origins,666,41,cvd_stroke,total,0.236650929622073,666,nvss,Deaths,age-adjusted rate
1992,A,White,45,54,All Origins,666,41,cvd_stroke,total,1.12045156604134,666,nvss,Deaths,age-adjusted rate
1992,A,White,55,64,All Origins,666,41,cvd_stroke,total,0.842508034112058,666,nvss,Deaths,age-adjusted rate
1992,A,White,65,74,All Origins,666,41,cvd_stroke,total,1.77691770663838,666,nvss,Deaths,age-adjusted rate
1992,A,White,75,84,All Origins,666,41,cvd_stroke,total,3.21209189550786,666,nvss,Deaths,age-adjusted rate
1992,A,White,85,150,All Origins,666,41,cvd_stroke,total,4.13374663691178,666,nvss,Deaths,age-adjusted rate
1992,A,White,55,64,All Origins,666,41,lri,total,0.0382958197323662,666,nvss,Deaths,age-adjusted rate
1992,A,White,65,74,All Origins,666,41,lri,total,0.0296152951106397,666,nvss,Deaths,age-adjusted rate
1992,A,White,75,84,All Origins,666,41,lri,total,0.099343048314676,666,nvss,Deaths,age-adjusted rate
1992,A,White,85,150,All Origins,666,41,lri,total,0.332176069037554,666,nvss,Deaths,age-adjusted rate
1992,A,White,25,34,All Origins,666,41,ncd_lri,total,6.84035816047491,666,nvss,Deaths,age-adjusted rate
1992,A,White,35,44,All Origins,666,41,ncd_lri,total,16.9374451058083,666,nvss,Deaths,age-adjusted rate
1992,A,White,45,54,All Origins,666,41,ncd_lri,total,41.2077187066314,666,nvss,Deaths,age-adjusted rate
1992,A,White,55,64,All Origins,666,41,ncd_lri,total,83.4465911968261,666,nvss,Deaths,age-adjusted rate
1992,A,White,65,74,All Origins,666,41,ncd_lri,total,151.186081539816,666,nvss,Deaths,age-adjusted rate
1992,A,White,75,84,All Origins,666,41,ncd_lri,total,229.051955064205,666,nvss,Deaths,age-adjusted rate
1992,A,White,85,150,All Origins,666,41,ncd_lri,total,194.064641222162,666,nvss,Deaths,age-adjusted rate
1992,A,White,25,34,All Origins,666,41,neo_lung,total,0.0645316807591972,666,nvss,Deaths,age-adjusted rate
1992,A,White,35,44,All Origins,666,41,neo_lung,total,0.743760064526514,666,nvss,Deaths,age-adjusted rate
1992,A,White,45,54,All Origins,666,41,neo_lung,total,5.10427935641053,666,nvss,Deaths,age-adjusted rate
1992,A,White,55,64,All Origins,666,41,neo_lung,total,14.6672989574963,666,nvss,Deaths,age-adjusted rate
1992,A,White,65,74,All Origins,666,41,neo_lung,total,21.5303195454351,666,nvss,Deaths,age-adjusted rate
1992,A,White,75,84,All Origins,666,41,neo_lung,total,17.4181478045065,666,nvss,Deaths,age-adjusted rate
1992,A,White,85,150,All Origins,666,41,neo_lung,total,4.05992973268121,666,nvss,Deaths,age-adjusted rate
1992,A,White,25,34,All Origins,666,41,resp_copd,total,0.0322658403795986,666,nvss,Deaths,age-adjusted rate
1992,A,White,35,44,All Origins,666,41,resp_copd,total,0.101421826980888,666,nvss,Deaths,age-adjusted rate
1992,A,White,45,54,All Origins,666,41,resp_copd,total,1.12045156604134,666,nvss,Deaths,age-adjusted rate
1992,A,White,55,64,All Origins,666,41,resp_copd,total,5.05504820467235,666,nvss,Deaths,age-adjusted rate
1992,A,White,65,74,All Origins,666,41,resp_copd,total,11.8757333393665,666,nvss,Deaths,age-adjusted rate
1992,A,White,75,84,All Origins,666,41,resp_copd,total,15.9280020797864,666,nvss,Deaths,age-adjusted rate
1992,A,White,85,150,All Origins,666,41,resp_copd,total,7.12333125824976,666,nvss,Deaths,age-adjusted rate
1992,A,White,25,34,All Origins,666,41,t2_dm,total,0.193595042277592,666,nvss,Deaths,age-adjusted rate
1992,A,White,35,44,All Origins,666,41,t2_dm,total,0.845181891507402,666,nvss,Deaths,age-adjusted rate
1992,A,White,45,54,All Origins,666,41,t2_dm,total,1.82592107058588,666,nvss,Deaths,age-adjusted rate
1992,A,White,55,64,All Origins,666,41,t2_dm,total,2.8338906601951,666,nvss,Deaths,age-adjusted rate
1992,A,White,65,74,All Origins,666,41,t2_dm,total,3.67229659371932,666,nvss,Deaths,age-adjusted rate
1992,A,White,75,84,All Origins,666,41,t2_dm,total,5.69566810337475,666,nvss,Deaths,age-adjusted rate
1992,A,White,85,150,All Origins,666,41,t2_dm,total,3.43248604672139,666,nvss,Deaths,age-adjusted rate
1992,A,White,25,34,All Origins,666,42,all-cause,overall,14.9705555852681,666,nvss,Deaths,age-adjusted rate
1992,A,White,35,44,All Origins,666,42,all-cause,overall,28.6044912085591,666,nvss,Deaths,age-adjusted rate
1992,A,White,45,54,All Origins,666,42,all-cause,overall,53.8346752774817,666,nvss,Deaths,age-adjusted rate
1992,A,White,55,64,All Origins,666,42,all-cause,overall,95.5120478542437,666,nvss,Deaths,age-adjusted rate
1992,A,White,65,74,All Origins,666,42,all-cause,overall,174.731422274664,666,nvss,Deaths,age-adjusted rate
1992,A,White,75,84,All Origins,666,42,all-cause,overall,271.295057626436,666,nvss,Deaths,age-adjusted rate
1992,A,White,85,150,All Origins,666,42,all-cause,overall,239.203431202466,666,nvss,Deaths,age-adjusted rate
1992,A,White,25,34,All Origins,666,42,cvd_ihd,total,0.184821673892199,666,nvss,Deaths,age-adjusted rate
1992,A,White,35,44,All Origins,666,42,cvd_ihd,total,0.838407500940524,666,nvss,Deaths,age-adjusted rate
1992,A,White,45,54,All Origins,666,42,cvd_ihd,total,3.09905432285185,666,nvss,Deaths,age-adjusted rate
1992,A,White,55,64,All Origins,666,42,cvd_ihd,total,7.08515731291833,666,nvss,Deaths,age-adjusted rate
1992,A,White,65,74,All Origins,666,42,cvd_ihd,total,16.5919823670945,666,nvss,Deaths,age-adjusted rate
1992,A,White,75,84,All Origins,666,42,cvd_ihd,total,31.3242826056893,666,nvss,Deaths,age-adjusted rate
1992,A,White,85,150,All Origins,666,42,cvd_ihd,total,36.9302473701744,666,nvss,Deaths,age-adjusted rate
1992,A,White,25,34,All Origins,666,42,cvd_stroke,total,0.176420688715281,666,nvss,Deaths,age-adjusted rate
1992,A,White,35,44,All Origins,666,42,cvd_stroke,total,0.443862794615572,666,nvss,Deaths,age-adjusted rate
1992,A,White,45,54,All Origins,666,42,cvd_stroke,total,0.638040595881264,666,nvss,Deaths,age-adjusted rate
1992,A,White,55,64,All Origins,666,42,cvd_stroke,total,1.10060696123003,666,nvss,Deaths,age-adjusted rate
1992,A,White,65,74,All Origins,666,42,cvd_stroke,total,1.95666405603982,666,nvss,Deaths,age-adjusted rate
1992,A,White,75,84,All Origins,666,42,cvd_stroke,total,3.79245366517801,666,nvss,Deaths,age-adjusted rate
1992,A,White,85,150,All Origins,666,42,cvd_stroke,total,3.66714947309535,666,nvss,Deaths,age-adjusted rate
1992,A,White,45,54,All Origins,666,42,lri,total,0.0341807462079249,666,nvss,Deaths,age-adjusted rate
1992,A,White,55,64,All Origins,666,42,lri,total,0.0257954756538289,666,nvss,Deaths,age-adjusted rate
1992,A,White,65,74,All Origins,666,42,lri,total,0.0727138669474259,666,nvss,Deaths,age-adjusted rate
1992,A,White,75,84,All Origins,666,42,lri,total,0.115389056749838,666,nvss,Deaths,age-adjusted rate
1992,A,White,85,150,All Origins,666,42,lri,total,0.115992562409342,666,nvss,Deaths,age-adjusted rate
1992,A,White,25,34,All Origins,666,42,ncd_lri,total,6.59477336388073,666,nvss,Deaths,age-adjusted rate
1992,A,White,35,44,All Origins,666,42,ncd_lri,total,19.5299629630852,666,nvss,Deaths,age-adjusted rate
1992,A,White,45,54,All Origins,666,42,ncd_lri,total,47.158036184867,666,nvss,Deaths,age-adjusted rate
1992,A,White,55,64,All Origins,666,42,ncd_lri,total,89.2437472703633,666,nvss,Deaths,age-adjusted rate
1992,A,White,65,74,All Origins,666,42,ncd_lri,total,164.293677191938,666,nvss,Deaths,age-adjusted rate
1992,A,White,75,84,All Origins,666,42,ncd_lri,total,250.555797826598,666,nvss,Deaths,age-adjusted rate
1992,A,White,85,150,All Origins,666,42,ncd_lri,total,213.80106003482,666,nvss,Deaths,age-adjusted rate
1992,A,White,25,34,All Origins,666,42,neo_lung,total,0.0924108369460994,666,nvss,Deaths,age-adjusted rate
1992,A,White,35,44,All Origins,666,42,neo_lung,total,1.04554347176112,666,nvss,Deaths,age-adjusted rate
1992,A,White,45,54,All Origins,666,42,neo_lung,total,5.68539745258483,666,nvss,Deaths,age-adjusted rate
1992,A,White,55,64,All Origins,666,42,neo_lung,total,12.5194041839916,666,nvss,Deaths,age-adjusted rate
1992,A,White,65,74,All Origins,666,42,neo_lung,total,18.9650985701968,666,nvss,Deaths,age-adjusted rate
1992,A,White,75,84,All Origins,666,42,neo_lung,total,16.0236936806608,666,nvss,Deaths,age-adjusted rate
1992,A,White,85,150,All Origins,666,42,neo_lung,total,4.03297216992482,666,nvss,Deaths,age-adjusted rate
1992,A,White,25,34,All Origins,666,42,resp_copd,total,0.0420049258845907,666,nvss,Deaths,age-adjusted rate
1992,A,White,35,44,All Origins,666,42,resp_copd,total,0.177545117846229,666,nvss,Deaths,age-adjusted rate
1992,A,White,45,54,All Origins,666,42,resp_copd,total,0.831731491059505,666,nvss,Deaths,age-adjusted rate
1992,A,White,55,64,All Origins,666,42,resp_copd,total,3.70595000226675,666,nvss,Deaths,age-adjusted rate
1992,A,White,65,74,All Origins,666,42,resp_copd,total,9.09584371996891,666,nvss,Deaths,age-adjusted rate
1992,A,White,75,84,All Origins,666,42,resp_copd,total,14.0390019045636,666,nvss,Deaths,age-adjusted rate
1992,A,White,85,150,All Origins,666,42,resp_copd,total,6.82571617254975,666,nvss,Deaths,age-adjusted rate
1992,A,White,25,34,All Origins,666,42,t2_dm,total,0.201623644246035,666,nvss,Deaths,age-adjusted rate
1992,A,White,35,44,All Origins,666,42,t2_dm,total,0.6214079124618,666,nvss,Deaths,age-adjusted rate
1992,A,White,45,54,All Origins,666,42,t2_dm,total,1.40141059452492,666,nvss,Deaths,age-adjusted rate
1992,A,White,55,64,All Origins,666,42,t2_dm,total,2.91488874888266,666,nvss,Deaths,age-adjusted rate
1992,A,White,65,74,All Origins,666,42,t2_dm,total,5.40065720873154,666,nvss,Deaths,age-adjusted rate
1992,A,White,75,84,All Origins,666,42,t2_dm,total,7.33874400928969,666,nvss,Deaths,age-adjusted rate
1992,A,White,85,150,All Origins,666,42,t2_dm,total,4.45232989555859,666,nvss,Deaths,age-adjusted rate
1992,A,White,25,34,All Origins,666,44,all-cause,overall,14.4824255471554,666,nvss,Deaths,age-adjusted rate
1992,A,White,35,44,All Origins,666,44,all-cause,overall,30.1761972823515,666,nvss,Deaths,age-adjusted rate
1992,A,White,45,54,All Origins,666,44,all-cause,overall,49.5880283061317,666,nvss,Deaths,age-adjusted rate
1992,A,White,55,64,All Origins,666,44,all-cause,overall,92.1948647450064,666,nvss,Deaths,age-adjusted rate
1992,A,White,65,74,All Origins,666,44,all-cause,overall,164.04849744921,666,nvss,Deaths,age-adjusted rate
1992,A,White,75,84,All Origins,666,44,all-cause,overall,259.215591323231,666,nvss,Deaths,age-adjusted rate
1992,A,White,85,150,All Origins,666,44,all-cause,overall,222.210270433087,666,nvss,Deaths,age-adjusted rate
1992,A,White,35,44,All Origins,666,44,cvd_ihd,total,1.01337975948195,666,nvss,Deaths,age-adjusted rate
1992,A,White,45,54,All Origins,666,44,cvd_ihd,total,4.20007890024613,666,nvss,Deaths,age-adjusted rate
1992,A,White,55,64,All Origins,666,44,cvd_ihd,total,8.75472924307798,666,nvss,Deaths,age-adjusted rate
1992,A,White,65,74,All Origins,666,44,cvd_ihd,total,18.4843377407561,666,nvss,Deaths,age-adjusted rate
1992,A,White,75,84,All Origins,666,44,cvd_ihd,total,40.2308332195405,666,nvss,Deaths,age-adjusted rate
1992,A,White,85,150,All Origins,666,44,cvd_ihd,total,46.7216168439216,666,nvss,Deaths,age-adjusted rate
1992,A,White,35,44,All Origins,666,44,cvd_stroke,total,0.562988755267752,666,nvss,Deaths,age-adjusted rate
1992,A,White,45,54,All Origins,666,44,cvd_stroke,total,0.677432080684859,666,nvss,Deaths,age-adjusted rate
1992,A,White,55,64,All Origins,666,44,cvd_stroke,total,0.972747693675331,666,nvss,Deaths,age-adjusted rate
1992,A,White,65,74,All Origins,666,44,cvd_stroke,total,1.51380352187226,666,nvss,Deaths,age-adjusted rate
1992,A,White,75,84,All Origins,666,44,cvd_stroke,total,3.31523569960579,666,nvss,Deaths,age-adjusted rate
1992,A,White,85,150,All Origins,666,44,cvd_stroke,total,2.54331382013283,666,nvss,Deaths,age-adjusted rate
1992,A,White,55,64,All Origins,666,44,lri,total,0.216166154150074,666,nvss,Deaths,age-adjusted rate
1992,A,White,65,74,All Origins,666,44,lri,total,0.159347739144449,666,nvss,Deaths,age-adjusted rate
1992,A,White,75,84,All Origins,666,44,lri,total,0.0896009648542105,666,nvss,Deaths,age-adjusted rate
1992,A,White,85,150,All Origins,666,44,lri,total,0.0941968081530677,666,nvss,Deaths,age-adjusted rate
1992,A,White,25,34,All Origins,666,44,ncd_lri,total,7.06459782788069,666,nvss,Deaths,age-adjusted rate
1992,A,White,35,44,All Origins,666,44,ncd_lri,total,23.1951367170314,666,nvss,Deaths,age-adjusted rate
1992,A,White,45,54,All Origins,666,44,ncd_lri,total,44.3040580767898,666,nvss,Deaths,age-adjusted rate
1992,A,White,55,64,All Origins,666,44,ncd_lri,total,86.5745447371045,666,nvss,Deaths,age-adjusted rate
1992,A,White,65,74,All Origins,666,44,ncd_lri,total,156.479479839849,666,nvss,Deaths,age-adjusted rate
1992,A,White,75,84,All Origins,666,44,ncd_lri,total,242.908215719765,666,nvss,Deaths,age-adjusted rate
1992,A,White,85,150,All Origins,666,44,ncd_lri,total,199.037855627432,666,nvss,Deaths,age-adjusted rate
1992,A,White,25,34,All Origins,666,44,neo_lung,total,0.176614945697017,666,nvss,Deaths,age-adjusted rate
1992,A,White,35,44,All Origins,666,44,neo_lung,total,2.02675951896391,666,nvss,Deaths,age-adjusted rate
1992,A,White,45,54,All Origins,666,44,neo_lung,total,6.2323751423007,666,nvss,Deaths,age-adjusted rate
1992,A,White,55,64,All Origins,666,44,neo_lung,total,14.699298482205,666,nvss,Deaths,age-adjusted rate
1992,A,White,65,74,All Origins,666,44,neo_lung,total,19.2810764364783,666,nvss,Deaths,age-adjusted rate
1992,A,White,75,84,All Origins,666,44,neo_lung,total,16.2177746386121,666,nvss,Deaths,age-adjusted rate
1992,A,White,85,150,All Origins,666,44,neo_lung,total,4.42724998319418,666,nvss,Deaths,age-adjusted rate
1992,A,White,35,44,All Origins,666,44,resp_copd,total,0.337793253160651,666,nvss,Deaths,age-adjusted rate
1992,A,White,45,54,All Origins,666,44,resp_copd,total,0.948404912958803,666,nvss,Deaths,age-adjusted rate
1992,A,White,55,64,All Origins,666,44,resp_copd,total,3.35057538932614,666,nvss,Deaths,age-adjusted rate
1992,A,White,65,74,All Origins,666,44,resp_copd,total,8.76412565294469,666,nvss,Deaths,age-adjusted rate
1992,A,White,75,84,All Origins,666,44,resp_copd,total,14.6945582360905,666,nvss,Deaths,age-adjusted rate
1992,A,White,85,150,All Origins,666,44,resp_copd,total,5.36921806472486,666,nvss,Deaths,age-adjusted rate
1992,A,White,25,34,All Origins,666,44,t2_dm,total,0.441537364242543,666,nvss,Deaths,age-adjusted rate
1992,A,White,35,44,All Origins,666,44,t2_dm,total,0.450391004214201,666,nvss,Deaths,age-adjusted rate
1992,A,White,45,54,All Origins,666,44,t2_dm,total,0.812918496821831,666,nvss,Deaths,age-adjusted rate
1992,A,White,55,64,All Origins,666,44,t2_dm,total,2.81016000395096,666,nvss,Deaths,age-adjusted rate
1992,A,White,65,74,All Origins,666,44,t2_dm,total,4.78043217433347,666,nvss,Deaths,age-adjusted rate
1992,A,White,75,84,All Origins,666,44,t2_dm,total,6.27206753979474,666,nvss,Deaths,age-adjusted rate
1992,A,White,85,150,All Origins,666,44,t2_dm,total,4.52144679134725,666,nvss,Deaths,age-adjusted rate
1992,A,White,25,34,All Origins,666,45,all-cause,overall,17.5579443275877,666,nvss,Deaths,age-adjusted rate
1992,A,White,35,44,All Origins,666,45,all-cause,overall,31.9752875535404,666,nvss,Deaths,age-adjusted rate
1992,A,White,45,54,All Origins,666,45,all-cause,overall,61.2545571799388,666,nvss,Deaths,age-adjusted rate
1992,A,White,55,64,All Origins,666,45,all-cause,overall,104.498600693581,666,nvss,Deaths,age-adjusted rate
1992,A,White,65,74,All Origins,666,45,all-cause,overall,174.039136956461,666,nvss,Deaths,age-adjusted rate
1992,A,White,75,84,All Origins,666,45,all-cause,overall,269.806807575299,666,nvss,Deaths,age-adjusted rate
1992,A,White,85,150,All Origins,666,45,all-cause,overall,228.324017610523,666,nvss,Deaths,age-adjusted rate
1992,A,White,25,34,All Origins,666,45,cvd_ihd,total,0.199522094631679,666,nvss,Deaths,age-adjusted rate
1992,A,White,35,44,All Origins,666,45,cvd_ihd,total,0.914767654327553,666,nvss,Deaths,age-adjusted rate
1992,A,White,45,54,All Origins,666,45,cvd_ihd,total,3.48603170942741,666,nvss,Deaths,age-adjusted rate
1992,A,White,55,64,All Origins,666,45,cvd_ihd,total,6.78317638833197,666,nvss,Deaths,age-adjusted rate
1992,A,White,65,74,All Origins,666,45,cvd_ihd,total,15.6236250860549,666,nvss,Deaths,age-adjusted rate
1992,A,White,75,84,All Origins,666,45,cvd_ihd,total,27.7627957616896,666,nvss,Deaths,age-adjusted rate
1992,A,White,85,150,All Origins,666,45,cvd_ihd,total,30.3026334717923,666,nvss,Deaths,age-adjusted rate
1992,A,White,25,34,All Origins,666,45,cvd_stroke,total,0.133014729754452,666,nvss,Deaths,age-adjusted rate
1992,A,White,35,44,All Origins,666,45,cvd_stroke,total,0.540544523011736,666,nvss,Deaths,age-adjusted rate
1992,A,White,45,54,All Origins,666,45,cvd_stroke,total,0.860189642585984,666,nvss,Deaths,age-adjusted rate
1992,A,White,55,64,All Origins,666,45,cvd_stroke,total,1.16821371132384,666,nvss,Deaths,age-adjusted rate
1992,A,White,65,74,All Origins,666,45,cvd_stroke,total,1.64282753050792,666,nvss,Deaths,age-adjusted rate
1992,A,White,75,84,All Origins,666,45,cvd_stroke,total,4.84819827139884,666,nvss,Deaths,age-adjusted rate
1992,A,White,85,150,All Origins,666,45,cvd_stroke,total,5.24121095834181,666,nvss,Deaths,age-adjusted rate
1992,A,White,55,64,All Origins,666,45,lri,total,0.037684313268511,666,nvss,Deaths,age-adjusted rate
1992,A,White,65,74,All Origins,666,45,lri,total,0.0670541849186906,666,nvss,Deaths,age-adjusted rate
1992,A,White,75,84,All Origins,666,45,lri,total,0.0914754390829969,666,nvss,Deaths,age-adjusted rate
1992,A,White,85,150,All Origins,666,45,lri,total,0.120487608237743,666,nvss,Deaths,age-adjusted rate
1992,A,White,25,34,All Origins,666,45,ncd_lri,total,6.91676594723153,666,nvss,Deaths,age-adjusted rate
1992,A,White,35,44,All Origins,666,45,ncd_lri,total,19.8754063076623,666,nvss,Deaths,age-adjusted rate
1992,A,White,45,54,All Origins,666,45,ncd_lri,total,51.8830173896599,666,nvss,Deaths,age-adjusted rate
1992,A,White,55,64,All Origins,666,45,ncd_lri,total,96.7733164735361,666,nvss,Deaths,age-adjusted rate
1992,A,White,65,74,All Origins,666,45,ncd_lri,total,163.478102831768,666,nvss,Deaths,age-adjusted rate
1992,A,White,75,84,All Origins,666,45,ncd_lri,total,248.813194305752,666,nvss,Deaths,age-adjusted rate
1992,A,White,85,150,All Origins,666,45,ncd_lri,total,203.443326509429,666,nvss,Deaths,age-adjusted rate
1992,A,White,25,34,All Origins,666,45,neo_lung,total,0.0665073648772262,666,nvss,Deaths,age-adjusted rate
1992,A,White,35,44,All Origins,666,45,neo_lung,total,0.997928350175512,666,nvss,Deaths,age-adjusted rate
1992,A,White,45,54,All Origins,666,45,neo_lung,total,6.88151714068787,666,nvss,Deaths,age-adjusted rate
1992,A,White,55,64,All Origins,666,45,neo_lung,total,16.2042547054597,666,nvss,Deaths,age-adjusted rate
1992,A,White,65,74,All Origins,666,45,neo_lung,total,20.7867973247941,666,nvss,Deaths,age-adjusted rate
1992,A,White,75,84,All Origins,666,45,neo_lung,total,14.8190211314455,666,nvss,Deaths,age-adjusted rate
1992,A,White,85,150,All Origins,666,45,neo_lung,total,3.61462824713229,666,nvss,Deaths,age-adjusted rate
1992,A,White,25,34,All Origins,666,45,resp_copd,total,0.133014729754452,666,nvss,Deaths,age-adjusted rate
1992,A,White,35,44,All Origins,666,45,resp_copd,total,0.124741043771939,666,nvss,Deaths,age-adjusted rate
1992,A,White,45,54,All Origins,666,45,resp_copd,total,1.81092556333891,666,nvss,Deaths,age-adjusted rate
1992,A,White,55,64,All Origins,666,45,resp_copd,total,5.65264699027665,666,nvss,Deaths,age-adjusted rate
1992,A,White,65,74,All Origins,666,45,resp_copd,total,13.1761473365227,666,nvss,Deaths,age-adjusted rate
1992,A,White,75,84,All Origins,666,45,resp_copd,total,15.9167264004415,666,nvss,Deaths,age-adjusted rate
1992,A,White,85,150,All Origins,666,45,resp_copd,total,8.31364496840426,666,nvss,Deaths,age-adjusted rate
1992,A,White,25,34,All Origins,666,45,t2_dm,total,0.199522094631679,666,nvss,Deaths,age-adjusted rate
1992,A,White,35,44,All Origins,666,45,t2_dm,total,0.790026610555614,666,nvss,Deaths,age-adjusted rate
1992,A,White,45,54,All Origins,666,45,t2_dm,total,0.769643364419038,666,nvss,Deaths,age-adjusted rate
1992,A,White,55,64,All Origins,666,45,t2_dm,total,2.29874310937917,666,nvss,Deaths,age-adjusted rate
1992,A,White,65,74,All Origins,666,45,t2_dm,total,4.2914678347962,666,nvss,Deaths,age-adjusted rate
1992,A,White,75,84,All Origins,666,45,t2_dm,total,6.40328073580978,666,nvss,Deaths,age-adjusted rate
1992,A,White,85,150,All Origins,666,45,t2_dm,total,3.97609107184551,666,nvss,Deaths,age-adjusted rate
1992,A,White,25,34,All Origins,666,46,all-cause,overall,10.9703440230939,666,nvss,Deaths,age-adjusted rate
1992,A,White,35,44,All Origins,666,46,all-cause,overall,21.3102086998228,666,nvss,Deaths,age-adjusted rate
1992,A,White,45,54,All Origins,666,46,all-cause,overall,49.3562094589327,666,nvss,Deaths,age-adjusted rate
1992,A,White,55,64,All Origins,666,46,all-cause,overall,85.3241568767496,666,nvss,Deaths,age-adjusted rate
1992,A,White,65,74,All Origins,666,46,all-cause,overall,151.662390486066,666,nvss,Deaths,age-adjusted rate
1992,A,White,75,84,All Origins,666,46,all-cause,overall,245.286084727358,666,nvss,Deaths,age-adjusted rate
1992,A,White,85,150,All Origins,666,46,all-cause,overall,221.958875415924,666,nvss,Deaths,age-adjusted rate
1992,A,White,25,34,All Origins,666,46,cvd_ihd,total,0.14247200029992,666,nvss,Deaths,age-adjusted rate
1992,A,White,35,44,All Origins,666,46,cvd_ihd,total,0.335593837792485,666,nvss,Deaths,age-adjusted rate
1992,A,White,45,54,All Origins,666,46,cvd_ihd,total,1.93132993534954,666,nvss,Deaths,age-adjusted rate
1992,A,White,55,64,All Origins,666,46,cvd_ihd,total,5.41986477438518,666,nvss,Deaths,age-adjusted rate
1992,A,White,65,74,All Origins,666,46,cvd_ihd,total,12.3070300476398,666,nvss,Deaths,age-adjusted rate
1992,A,White,75,84,All Origins,666,46,cvd_ihd,total,24.5541857495583,666,nvss,Deaths,age-adjusted rate
1992,A,White,85,150,All Origins,666,46,cvd_ihd,total,31.5288984121436,666,nvss,Deaths,age-adjusted rate
1992,A,White,25,34,All Origins,666,46,cvd_stroke,total,0.14247200029992,666,nvss,Deaths,age-adjusted rate
1992,A,White,35,44,All Origins,666,46,cvd_stroke,total,0.167796918896242,666,nvss,Deaths,age-adjusted rate
1992,A,White,45,54,All Origins,666,46,cvd_stroke,total,0.858368860155351,666,nvss,Deaths,age-adjusted rate
1992,A,White,55,64,All Origins,666,46,cvd_stroke,total,1.39367951341333,666,nvss,Deaths,age-adjusted rate
1992,A,White,65,74,All Origins,666,46,cvd_stroke,total,1.36744778307109,666,nvss,Deaths,age-adjusted rate
1992,A,White,75,84,All Origins,666,46,cvd_stroke,total,1.53463660934739,666,nvss,Deaths,age-adjusted rate
1992,A,White,85,150,All Origins,666,46,cvd_stroke,total,1.82776222679093,666,nvss,Deaths,age-adjusted rate
1992,A,White,65,74,All Origins,666,46,lri,total,0.248626869649289,666,nvss,Deaths,age-adjusted rate
1992,A,White,75,84,All Origins,666,46,lri,total,0.127886384112283,666,nvss,Deaths,age-adjusted rate
1992,A,White,85,150,All Origins,666,46,lri,total,0.228470278348867,666,nvss,Deaths,age-adjusted rate
1992,A,White,25,34,All Origins,666,46,ncd_lri,total,4.98652001049722,666,nvss,Deaths,age-adjusted rate
1992,A,White,35,44,All Origins,666,46,ncd_lri,total,14.7661288628693,666,nvss,Deaths,age-adjusted rate
1992,A,White,45,54,All Origins,666,46,ncd_lri,total,42.9184430077676,666,nvss,Deaths,age-adjusted rate
1992,A,White,55,64,All Origins,666,46,ncd_lri,total,79.7494388230963,666,nvss,Deaths,age-adjusted rate
1992,A,White,65,74,All Origins,666,46,ncd_lri,total,143.582017222464,666,nvss,Deaths,age-adjusted rate
1992,A,White,75,84,All Origins,666,46,ncd_lri,total,226.870445415189,666,nvss,Deaths,age-adjusted rate
1992,A,White,85,150,All Origins,666,46,ncd_lri,total,194.54244201406,666,nvss,Deaths,age-adjusted rate
1992,A,White,35,44,All Origins,666,46,neo_lung,total,0.838984594481212,666,nvss,Deaths,age-adjusted rate
1992,A,White,45,54,All Origins,666,46,neo_lung,total,5.57939759100978,666,nvss,Deaths,age-adjusted rate
1992,A,White,55,64,All Origins,666,46,neo_lung,total,10.8397295487704,666,nvss,Deaths,age-adjusted rate
1992,A,White,65,74,All Origins,666,46,neo_lung,total,18.0254480495734,666,nvss,Deaths,age-adjusted rate
1992,A,White,75,84,All Origins,666,46,neo_lung,total,13.0444111794528,666,nvss,Deaths,age-adjusted rate
1992,A,White,85,150,All Origins,666,46,neo_lung,total,3.7697595927563,666,nvss,Deaths,age-adjusted rate
1992,A,White,25,34,All Origins,666,46,resp_copd,total,0.284944000599841,666,nvss,Deaths,age-adjusted rate
1992,A,White,35,44,All Origins,666,46,resp_copd,total,0.503390756688727,666,nvss,Deaths,age-adjusted rate
1992,A,White,45,54,All Origins,666,46,resp_copd,total,0.858368860155351,666,nvss,Deaths,age-adjusted rate
1992,A,White,55,64,All Origins,666,46,resp_copd,total,3.8713319817037,666,nvss,Deaths,age-adjusted rate
1992,A,White,65,74,All Origins,666,46,resp_copd,total,10.4423285252701,666,nvss,Deaths,age-adjusted rate
1992,A,White,75,84,All Origins,666,46,resp_copd,total,13.8117294841265,666,nvss,Deaths,age-adjusted rate
1992,A,White,85,150,All Origins,666,46,resp_copd,total,7.31104890716373,666,nvss,Deaths,age-adjusted rate
1992,A,White,25,34,All Origins,666,46,t2_dm,total,0.14247200029992,666,nvss,Deaths,age-adjusted rate
1992,A,White,35,44,All Origins,666,46,t2_dm,total,0.503390756688727,666,nvss,Deaths,age-adjusted rate
1992,A,White,45,54,All Origins,666,46,t2_dm,total,0.643776645116513,666,nvss,Deaths,age-adjusted rate
1992,A,White,55,64,All Origins,666,46,t2_dm,total,1.23882623414519,666,nvss,Deaths,age-adjusted rate
1992,A,White,65,74,All Origins,666,46,t2_dm,total,3.85371647956397,666,nvss,Deaths,age-adjusted rate
1992,A,White,75,84,All Origins,666,46,t2_dm,total,7.41741027851239,666,nvss,Deaths,age-adjusted rate
1992,A,White,85,150,All Origins,666,46,t2_dm,total,4.7978758453262,666,nvss,Deaths,age-adjusted rate
1992,A,White,25,34,All Origins,666,47,all-cause,overall,17.7648887141362,666,nvss,Deaths,age-adjusted rate
1992,A,White,35,44,All Origins,666,47,all-cause,overall,32.7716007134613,666,nvss,Deaths,age-adjusted rate
1992,A,White,45,54,All Origins,666,47,all-cause,overall,62.2872218992334,666,nvss,Deaths,age-adjusted rate
1992,A,White,55,64,All Origins,666,47,all-cause,overall,103.24071839059,666,nvss,Deaths,age-adjusted rate
1992,A,White,65,74,All Origins,666,47,all-cause,overall,177.521999399576,666,nvss,Deaths,age-adjusted rate
1992,A,White,75,84,All Origins,666,47,all-cause,overall,271.721418183869,666,nvss,Deaths,age-adjusted rate
1992,A,White,85,150,All Origins,666,47,all-cause,overall,237.389546123893,666,nvss,Deaths,age-adjusted rate
1992,A,White,25,34,All Origins,666,47,cvd_ihd,total,0.101513649795064,666,nvss,Deaths,age-adjusted rate
1992,A,White,35,44,All Origins,666,47,cvd_ihd,total,1.11299776007982,666,nvss,Deaths,age-adjusted rate
1992,A,White,45,54,All Origins,666,47,cvd_ihd,total,3.44852001073009,666,nvss,Deaths,age-adjusted rate
1992,A,White,55,64,All Origins,666,47,cvd_ihd,total,7.92082233511064,666,nvss,Deaths,age-adjusted rate
1992,A,White,65,74,All Origins,666,47,cvd_ihd,total,16.2659030488673,666,nvss,Deaths,age-adjusted rate
1992,A,White,75,84,All Origins,666,47,cvd_ihd,total,29.7104646750868,666,nvss,Deaths,age-adjusted rate
1992,A,White,85,150,All Origins,666,47,cvd_ihd,total,35.2088983206194,666,nvss,Deaths,age-adjusted rate
1992,A,White,25,34,All Origins,666,47,cvd_stroke,total,0.14211910971309,666,nvss,Deaths,age-adjusted rate
1992,A,White,35,44,All Origins,666,47,cvd_stroke,total,0.469932387589257,666,nvss,Deaths,age-adjusted rate
1992,A,White,45,54,All Origins,666,47,cvd_stroke,total,1.06930853045894,666,nvss,Deaths,age-adjusted rate
1992,A,White,55,64,All Origins,666,47,cvd_stroke,total,1.10261447278529,666,nvss,Deaths,age-adjusted rate
1992,A,White,65,74,All Origins,666,47,cvd_stroke,total,1.97224074467516,666,nvss,Deaths,age-adjusted rate
1992,A,White,75,84,All Origins,666,47,cvd_stroke,total,4.0854910741169,666,nvss,Deaths,age-adjusted rate
1992,A,White,85,150,All Origins,666,47,cvd_stroke,total,4.10631753463489,666,nvss,Deaths,age-adjusted rate
1992,A,White,55,64,All Origins,666,47,lri,total,0.0675070085378748,666,nvss,Deaths,age-adjusted rate
1992,A,White,65,74,All Origins,666,47,lri,total,0.0609971364332525,666,nvss,Deaths,age-adjusted rate
1992,A,White,75,84,All Origins,666,47,lri,total,0.0241745033971414,666,nvss,Deaths,age-adjusted rate
1992,A,White,85,150,All Origins,666,47,lri,total,0.0554907774950661,666,nvss,Deaths,age-adjusted rate
1992,A,White,25,34,All Origins,666,47,ncd_lri,total,6.59838723667917,666,nvss,Deaths,age-adjusted rate
1992,A,White,35,44,All Origins,666,47,ncd_lri,total,21.0974908744019,666,nvss,Deaths,age-adjusted rate
1992,A,White,45,54,All Origins,666,47,ncd_lri,total,51.8881964405202,666,nvss,Deaths,age-adjusted rate
1992,A,White,55,64,All Origins,666,47,ncd_lri,total,94.0147605570803,666,nvss,Deaths,age-adjusted rate
1992,A,White,65,74,All Origins,666,47,ncd_lri,total,163.309666610628,666,nvss,Deaths,age-adjusted rate
1992,A,White,75,84,All Origins,666,47,ncd_lri,total,243.05045715486,666,nvss,Deaths,age-adjusted rate
1992,A,White,85,150,All Origins,666,47,ncd_lri,total,203.013009465699,666,nvss,Deaths,age-adjusted rate
1992,A,White,25,34,All Origins,666,47,neo_lung,total,0.0609081898770385,666,nvss,Deaths,age-adjusted rate
1992,A,White,35,44,All Origins,666,47,neo_lung,total,1.23666417786647,666,nvss,Deaths,age-adjusted rate
1992,A,White,45,54,All Origins,666,47,neo_lung,total,7.32476343364376,666,nvss,Deaths,age-adjusted rate
1992,A,White,55,64,All Origins,666,47,neo_lung,total,16.1566773767314,666,nvss,Deaths,age-adjusted rate
1992,A,White,65,74,All Origins,666,47,neo_lung,total,23.0772499505805,666,nvss,Deaths,age-adjusted rate
1992,A,White,75,84,All Origins,666,47,neo_lung,total,16.6562328406304,666,nvss,Deaths,age-adjusted rate
1992,A,White,85,150,All Origins,666,47,neo_lung,total,3.93984520214969,666,nvss,Deaths,age-adjusted rate
1992,A,White,25,34,All Origins,666,47,resp_copd,total,0.0812109198360514,666,nvss,Deaths,age-adjusted rate
1992,A,White,35,44,All Origins,666,47,resp_copd,total,0.222599552015964,666,nvss,Deaths,age-adjusted rate
1992,A,White,45,54,All Origins,666,47,resp_copd,total,1.47029922938105,666,nvss,Deaths,age-adjusted rate
1992,A,White,55,64,All Origins,666,47,resp_copd,total,5.28804900213353,666,nvss,Deaths,age-adjusted rate
1992,A,White,65,74,All Origins,666,47,resp_copd,total,11.7317825739956,666,nvss,Deaths,age-adjusted rate
1992,A,White,75,84,All Origins,666,47,resp_copd,total,15.2541116435962,666,nvss,Deaths,age-adjusted rate
1992,A,White,85,150,All Origins,666,47,resp_copd,total,6.57565713316533,666,nvss,Deaths,age-adjusted rate
1992,A,White,25,34,All Origins,666,47,t2_dm,total,0.203027299590128,666,nvss,Deaths,age-adjusted rate
1992,A,White,35,44,All Origins,666,47,t2_dm,total,0.692531939605221,666,nvss,Deaths,age-adjusted rate
1992,A,White,45,54,All Origins,666,47,t2_dm,total,1.49703194264252,666,nvss,Deaths,age-adjusted rate
1992,A,White,55,64,All Origins,666,47,t2_dm,total,2.34024296264633,666,nvss,Deaths,age-adjusted rate
1992,A,White,65,74,All Origins,666,47,t2_dm,total,4.20880241389442,666,nvss,Deaths,age-adjusted rate
1992,A,White,75,84,All Origins,666,47,t2_dm,total,5.82605531871108,666,nvss,Deaths,age-adjusted rate
1992,A,White,85,150,All Origins,666,47,t2_dm,total,3.3571920384515,666,nvss,Deaths,age-adjusted rate
1992,A,White,25,34,All Origins,666,48,all-cause,overall,17.9307995958311,666,nvss,Deaths,age-adjusted rate
1992,A,White,35,44,All Origins,666,48,all-cause,overall,34.4765052164911,666,nvss,Deaths,age-adjusted rate
1992,A,White,45,54,All Origins,666,48,all-cause,overall,57.346797197502,666,nvss,Deaths,age-adjusted rate
1992,A,White,55,64,All Origins,666,48,all-cause,overall,97.7367513444471,666,nvss,Deaths,age-adjusted rate
1992,A,White,65,74,All Origins,666,48,all-cause,overall,168.881421806314,666,nvss,Deaths,age-adjusted rate
1992,A,White,75,84,All Origins,666,48,all-cause,overall,257.808865608506,666,nvss,Deaths,age-adjusted rate
1992,A,White,85,150,All Origins,666,48,all-cause,overall,225.770435495314,666,nvss,Deaths,age-adjusted rate
1992,A,White,25,34,All Origins,666,48,cvd_ihd,total,0.108514925507912,666,nvss,Deaths,age-adjusted rate
1992,A,White,35,44,All Origins,666,48,cvd_ihd,total,1.14248269458568,666,nvss,Deaths,age-adjusted rate
1992,A,White,45,54,All Origins,666,48,cvd_ihd,total,3.85229083508055,666,nvss,Deaths,age-adjusted rate
1992,A,White,55,64,All Origins,666,48,cvd_ihd,total,7.823185246837,666,nvss,Deaths,age-adjusted rate
1992,A,White,65,74,All Origins,666,48,cvd_ihd,total,15.7328588225036,666,nvss,Deaths,age-adjusted rate
1992,A,White,75,84,All Origins,666,48,cvd_ihd,total,29.8881461644354,666,nvss,Deaths,age-adjusted rate
1992,A,White,85,150,All Origins,666,48,cvd_ihd,total,34.0874446280534,666,nvss,Deaths,age-adjusted rate
1992,A,White,25,34,All Origins,666,48,cvd_stroke,total,0.170523454369576,666,nvss,Deaths,age-adjusted rate
1992,A,White,35,44,All Origins,666,48,cvd_stroke,total,0.452813263097984,666,nvss,Deaths,age-adjusted rate
1992,A,White,45,54,All Origins,666,48,cvd_stroke,total,0.746434972498904,666,nvss,Deaths,age-adjusted rate
1992,A,White,55,64,All Origins,666,48,cvd_stroke,total,1.12951027304139,666,nvss,Deaths,age-adjusted rate
1992,A,White,65,74,All Origins,666,48,cvd_stroke,total,1.67341043995477,666,nvss,Deaths,age-adjusted rate
1992,A,White,75,84,All Origins,666,48,cvd_stroke,total,2.78109114223925,666,nvss,Deaths,age-adjusted rate
1992,A,White,85,150,All Origins,666,48,cvd_stroke,total,3.21277463188674,666,nvss,Deaths,age-adjusted rate
1992,A,White,25,34,All Origins,666,48,lri,total,0.0206695096205546,666,nvss,Deaths,age-adjusted rate
1992,A,White,35,44,All Origins,666,48,lri,total,0.0139327157876303,666,nvss,Deaths,age-adjusted rate
1992,A,White,45,54,All Origins,666,48,lri,total,0.0343188493102945,666,nvss,Deaths,age-adjusted rate
1992,A,White,55,64,All Origins,666,48,lri,total,0.0833866644527199,666,nvss,Deaths,age-adjusted rate
1992,A,White,65,74,All Origins,666,48,lri,total,0.0350085866099324,666,nvss,Deaths,age-adjusted rate
1992,A,White,75,84,All Origins,666,48,lri,total,0.163088678094277,666,nvss,Deaths,age-adjusted rate
1992,A,White,85,150,All Origins,666,48,lri,total,0.150746023783542,666,nvss,Deaths,age-adjusted rate
1992,A,White,25,34,All Origins,666,48,ncd_lri,total,7.84924627840561,666,nvss,Deaths,age-adjusted rate
1992,A,White,35,44,All Origins,666,48,ncd_lri,total,23.1213418495724,666,nvss,Deaths,age-adjusted rate
1992,A,White,45,54,All Origins,666,48,ncd_lri,total,48.715606595963,666,nvss,Deaths,age-adjusted rate
1992,A,White,55,64,All Origins,666,48,ncd_lri,total,90.0500170030782,666,nvss,Deaths,age-adjusted rate
1992,A,White,65,74,All Origins,666,48,ncd_lri,total,158.455864713876,666,nvss,Deaths,age-adjusted rate
1992,A,White,75,84,All Origins,666,48,ncd_lri,total,238.083719173735,666,nvss,Deaths,age-adjusted rate
1992,A,White,85,150,All Origins,666,48,ncd_lri,total,200.803125306164,666,nvss,Deaths,age-adjusted rate
1992,A,White,25,34,All Origins,666,48,neo_lung,total,0.103347548102773,666,nvss,Deaths,age-adjusted rate
1992,A,White,35,44,All Origins,666,48,neo_lung,total,0.870794736726892,666,nvss,Deaths,age-adjusted rate
1992,A,White,45,54,All Origins,666,48,neo_lung,total,5.31942164309564,666,nvss,Deaths,age-adjusted rate
1992,A,White,55,64,All Origins,666,48,neo_lung,total,13.7967026639955,666,nvss,Deaths,age-adjusted rate
1992,A,White,65,74,All Origins,666,48,neo_lung,total,21.2642155068729,666,nvss,Deaths,age-adjusted rate
1992,A,White,75,84,All Origins,666,48,neo_lung,total,16.4891237167951,666,nvss,Deaths,age-adjusted rate
1992,A,White,85,150,All Origins,666,48,neo_lung,total,4.25857517188506,666,nvss,Deaths,age-adjusted rate
1992,A,White,25,34,All Origins,666,48,resp_copd,total,0.0413390192411092,666,nvss,Deaths,age-adjusted rate
1992,A,White,35,44,All Origins,666,48,resp_copd,total,0.195058021026824,666,nvss,Deaths,age-adjusted rate
1992,A,White,45,54,All Origins,666,48,resp_copd,total,1.01240605465369,666,nvss,Deaths,age-adjusted rate
1992,A,White,55,64,All Origins,666,48,resp_copd,total,4.19965564607335,666,nvss,Deaths,age-adjusted rate
1992,A,White,65,74,All Origins,666,48,resp_copd,total,11.909921164699,666,nvss,Deaths,age-adjusted rate
1992,A,White,75,84,All Origins,666,48,resp_copd,total,15.4762571896832,666,nvss,Deaths,age-adjusted rate
1992,A,White,85,150,All Origins,666,48,resp_copd,total,7.18870100917766,666,nvss,Deaths,age-adjusted rate
1992,A,White,25,34,All Origins,666,48,t2_dm,total,0.180858209179853,666,nvss,Deaths,age-adjusted rate
1992,A,White,35,44,All Origins,666,48,t2_dm,total,0.703602147275328,666,nvss,Deaths,age-adjusted rate
1992,A,White,45,54,All Origins,666,48,t2_dm,total,1.90469613672134,666,nvss,Deaths,age-adjusted rate
1992,A,White,55,64,All Origins,666,48,t2_dm,total,3.79030292966909,666,nvss,Deaths,age-adjusted rate
1992,A,White,65,74,All Origins,666,48,t2_dm,total,6.3155490244318,666,nvss,Deaths,age-adjusted rate
1992,A,White,75,84,All Origins,666,48,t2_dm,total,7.74242040215989,666,nvss,Deaths,age-adjusted rate
1992,A,White,85,150,All Origins,666,48,t2_dm,total,4.11725077458799,666,nvss,Deaths,age-adjusted rate
1992,A,White,25,34,All Origins,666,49,all-cause,overall,13.0945223507013,666,nvss,Deaths,age-adjusted rate
1992,A,White,35,44,All Origins,666,49,all-cause,overall,26.550218785854,666,nvss,Deaths,age-adjusted rate
1992,A,White,45,54,All Origins,666,49,all-cause,overall,43.0232056398701,666,nvss,Deaths,age-adjusted rate
1992,A,White,55,64,All Origins,666,49,all-cause,overall,71.9592372425367,666,nvss,Deaths,age-adjusted rate
1992,A,White,65,74,All Origins,666,49,all-cause,overall,132.509143968425,666,nvss,Deaths,age-adjusted rate
1992,A,White,75,84,All Origins,666,49,all-cause,overall,242.712226675486,666,nvss,Deaths,age-adjusted rate
1992,A,White,85,150,All Origins,666,49,all-cause,overall,236.197438923847,666,nvss,Deaths,age-adjusted rate
1992,A,White,25,34,All Origins,666,49,cvd_ihd,total,0.198401853798505,666,nvss,Deaths,age-adjusted rate
1992,A,White,35,44,All Origins,666,49,cvd_ihd,total,1.01336712923107,666,nvss,Deaths,age-adjusted rate
1992,A,White,45,54,All Origins,666,49,cvd_ihd,total,1.86286045038613,666,nvss,Deaths,age-adjusted rate
1992,A,White,55,64,All Origins,666,49,cvd_ihd,total,5.5720648307274,666,nvss,Deaths,age-adjusted rate
1992,A,White,65,74,All Origins,666,49,cvd_ihd,total,11.1815935184315,666,nvss,Deaths,age-adjusted rate
1992,A,White,75,84,All Origins,666,49,cvd_ihd,total,22.6542940466609,666,nvss,Deaths,age-adjusted rate
1992,A,White,85,150,All Origins,666,49,cvd_ihd,total,27.4695681238715,666,nvss,Deaths,age-adjusted rate
1992,A,White,25,34,All Origins,666,49,cvd_stroke,total,0.0496004634496262,666,nvss,Deaths,age-adjusted rate
1992,A,White,35,44,All Origins,666,49,cvd_stroke,total,0.202673425846214,666,nvss,Deaths,age-adjusted rate
1992,A,White,45,54,All Origins,666,49,cvd_stroke,total,0.35483056197831,666,nvss,Deaths,age-adjusted rate
1992,A,White,55,64,All Origins,666,49,cvd_stroke,total,0.636807409225989,666,nvss,Deaths,age-adjusted rate
1992,A,White,65,74,All Origins,666,49,cvd_stroke,total,1.16172400191496,666,nvss,Deaths,age-adjusted rate
1992,A,White,75,84,All Origins,666,49,cvd_stroke,total,2.07520250809108,666,nvss,Deaths,age-adjusted rate
1992,A,White,85,150,All Origins,666,49,cvd_stroke,total,2.65505119412885,666,nvss,Deaths,age-adjusted rate
1992,A,White,25,34,All Origins,666,49,ncd_lri,total,5.50565144290851,666,nvss,Deaths,age-adjusted rate
1992,A,White,35,44,All Origins,666,49,ncd_lri,total,16.0787584504663,666,nvss,Deaths,age-adjusted rate
1992,A,White,45,54,All Origins,666,49,ncd_lri,total,34.5959797928853,666,nvss,Deaths,age-adjusted rate
1992,A,White,55,64,All Origins,666,49,ncd_lri,total,65.1135575933574,666,nvss,Deaths,age-adjusted rate
1992,A,White,65,74,All Origins,666,49,ncd_lri,total,122.852313202507,666,nvss,Deaths,age-adjusted rate
1992,A,White,75,84,All Origins,666,49,ncd_lri,total,218.328597205415,666,nvss,Deaths,age-adjusted rate
1992,A,White,85,150,All Origins,666,49,ncd_lri,total,198.720370145182,666,nvss,Deaths,age-adjusted rate
1992,A,White,25,34,All Origins,666,49,neo_lung,total,0.0496004634496262,666,nvss,Deaths,age-adjusted rate
1992,A,White,35,44,All Origins,666,49,neo_lung,total,0.337789043077023,666,nvss,Deaths,age-adjusted rate
1992,A,White,45,54,All Origins,666,49,neo_lung,total,2.04027573137528,666,nvss,Deaths,age-adjusted rate
1992,A,White,55,64,All Origins,666,49,neo_lung,total,5.5720648307274,666,nvss,Deaths,age-adjusted rate
1992,A,White,65,74,All Origins,666,49,neo_lung,total,8.56771451412282,666,nvss,Deaths,age-adjusted rate
1992,A,White,75,84,All Origins,666,49,neo_lung,total,7.52260909183016,666,nvss,Deaths,age-adjusted rate
1992,A,White,85,150,All Origins,666,49,neo_lung,total,1.94022971878646,666,nvss,Deaths,age-adjusted rate
1992,A,White,25,34,All Origins,666,49,resp_copd,total,0.0496004634496262,666,nvss,Deaths,age-adjusted rate
1992,A,White,35,44,All Origins,666,49,resp_copd,total,0.135115617230809,666,nvss,Deaths,age-adjusted rate
1992,A,White,45,54,All Origins,666,49,resp_copd,total,0.443538202472888,666,nvss,Deaths,age-adjusted rate
1992,A,White,55,64,All Origins,666,49,resp_copd,total,3.42283982458969,666,nvss,Deaths,age-adjusted rate
1992,A,White,65,74,All Origins,666,49,resp_copd,total,10.2376927668756,666,nvss,Deaths,age-adjusted rate
1992,A,White,75,84,All Origins,666,49,resp_copd,total,13.488816302592,666,nvss,Deaths,age-adjusted rate
1992,A,White,85,150,All Origins,666,49,resp_copd,total,6.53551063170178,666,nvss,Deaths,age-adjusted rate
1992,A,White,25,34,All Origins,666,49,t2_dm,total,0.198401853798505,666,nvss,Deaths,age-adjusted rate
1992,A,White,35,44,All Origins,666,49,t2_dm,total,0.87825151200026,666,nvss,Deaths,age-adjusted rate
1992,A,White,45,54,All Origins,666,49,t2_dm,total,1.5967375289024,666,nvss,Deaths,age-adjusted rate
1992,A,White,55,64,All Origins,666,49,t2_dm,total,3.58204167689619,666,nvss,Deaths,age-adjusted rate
1992,A,White,65,74,All Origins,666,49,t2_dm,total,7.40599051220786,666,nvss,Deaths,age-adjusted rate
1992,A,White,75,84,All Origins,666,49,t2_dm,total,10.4624793116259,666,nvss,Deaths,age-adjusted rate
1992,A,White,85,150,All Origins,666,49,t2_dm,total,4.69739826653565,666,nvss,Deaths,age-adjusted rate
1992,A,White,25,34,All Origins,666,50,all-cause,overall,11.8789641777868,666,nvss,Deaths,age-adjusted rate
1992,A,White,35,44,All Origins,666,50,all-cause,overall,26.2643994400429,666,nvss,Deaths,age-adjusted rate
1992,A,White,45,54,All Origins,666,50,all-cause,overall,47.5268488978341,666,nvss,Deaths,age-adjusted rate
1992,A,White,55,64,All Origins,666,50,all-cause,overall,97.837038976719,666,nvss,Deaths,age-adjusted rate
1992,A,White,65,74,All Origins,666,50,all-cause,overall,173.366081368318,666,nvss,Deaths,age-adjusted rate
1992,A,White,75,84,All Origins,666,50,all-cause,overall,276.563513553522,666,nvss,Deaths,age-adjusted rate
1992,A,White,85,150,All Origins,666,50,all-cause,overall,248.313954857603,666,nvss,Deaths,age-adjusted rate
1992,A,White,25,34,All Origins,666,50,cvd_ihd,total,0.156302160234037,666,nvss,Deaths,age-adjusted rate
1992,A,White,35,44,All Origins,666,50,cvd_ihd,total,1.01016920923242,666,nvss,Deaths,age-adjusted rate
1992,A,White,45,54,All Origins,666,50,cvd_ihd,total,3.37968703273487,666,nvss,Deaths,age-adjusted rate
1992,A,White,55,64,All Origins,666,50,cvd_ihd,total,7.73415327879201,666,nvss,Deaths,age-adjusted rate
1992,A,White,65,74,All Origins,666,50,cvd_ihd,total,15.0979470260697,666,nvss,Deaths,age-adjusted rate
1992,A,White,75,84,All Origins,666,50,cvd_ihd,total,28.5343307634586,666,nvss,Deaths,age-adjusted rate
1992,A,White,85,150,All Origins,666,50,cvd_ihd,total,36.1603590342597,666,nvss,Deaths,age-adjusted rate
1992,A,White,25,34,All Origins,666,50,cvd_stroke,total,0.156302160234037,666,nvss,Deaths,age-adjusted rate
1992,A,White,35,44,All Origins,666,50,cvd_stroke,total,0.673446139488279,666,nvss,Deaths,age-adjusted rate
1992,A,White,45,54,All Origins,666,50,cvd_stroke,total,1.05615219772965,666,nvss,Deaths,age-adjusted rate
1992,A,White,55,64,All Origins,666,50,cvd_stroke,total,0.580061495909401,666,nvss,Deaths,age-adjusted rate
1992,A,White,65,74,All Origins,666,50,cvd_stroke,total,1.21477734692515,666,nvss,Deaths,age-adjusted rate
1992,A,White,75,84,All Origins,666,50,cvd_stroke,total,3.99081549139281,666,nvss,Deaths,age-adjusted rate
1992,A,White,85,150,All Origins,666,50,cvd_stroke,total,2.88513502932923,666,nvss,Deaths,age-adjusted rate
1992,A,White,65,74,All Origins,666,50,lri,total,0.173539620989307,666,nvss,Deaths,age-adjusted rate
1992,A,White,85,150,All Origins,666,50,lri,total,0.192342335288616,666,nvss,Deaths,age-adjusted rate
1992,A,White,25,34,All Origins,666,50,ncd_lri,total,3.90755400585092,666,nvss,Deaths,age-adjusted rate
1992,A,White,35,44,All Origins,666,50,ncd_lri,total,18.1830457661835,666,nvss,Deaths,age-adjusted rate
1992,A,White,45,54,All Origins,666,50,ncd_lri,total,41.4011661510021,666,nvss,Deaths,age-adjusted rate
1992,A,White,55,64,All Origins,666,50,ncd_lri,total,91.2630086897458,666,nvss,Deaths,age-adjusted rate
1992,A,White,65,74,All Origins,666,50,ncd_lri,total,164.168481455884,666,nvss,Deaths,age-adjusted rate
1992,A,White,75,84,All Origins,666,50,ncd_lri,total,255.61173222371,666,nvss,Deaths,age-adjusted rate
1992,A,White,85,150,All Origins,666,50,ncd_lri,total,214.846388517384,666,nvss,Deaths,age-adjusted rate
1992,A,White,35,44,All Origins,666,50,neo_lung,total,1.34689227897656,666,nvss,Deaths,age-adjusted rate
1992,A,White,45,54,All Origins,666,50,neo_lung,total,4.01337835137265,666,nvss,Deaths,age-adjusted rate
1992,A,White,55,64,All Origins,666,50,neo_lung,total,18.1752602051612,666,nvss,Deaths,age-adjusted rate
1992,A,White,65,74,All Origins,666,50,neo_lung,total,22.039531865642,666,nvss,Deaths,age-adjusted rate
1992,A,White,75,84,All Origins,666,50,neo_lung,total,16.7614250638498,666,nvss,Deaths,age-adjusted rate
1992,A,White,85,150,All Origins,666,50,neo_lung,total,3.6545043704837,666,nvss,Deaths,age-adjusted rate
1992,A,White,45,54,All Origins,666,50,resp_copd,total,0.844921758183716,666,nvss,Deaths,age-adjusted rate
1992,A,White,55,64,All Origins,666,50,resp_copd,total,4.44713813530541,666,nvss,Deaths,age-adjusted rate
1992,A,White,65,74,All Origins,666,50,resp_copd,total,12.4948527112301,666,nvss,Deaths,age-adjusted rate
1992,A,White,75,84,All Origins,666,50,resp_copd,total,18.9563735841159,666,nvss,Deaths,age-adjusted rate
1992,A,White,85,150,All Origins,666,50,resp_copd,total,9.23243209385355,666,nvss,Deaths,age-adjusted rate
1992,A,White,25,34,All Origins,666,50,t2_dm,total,0.156302160234037,666,nvss,Deaths,age-adjusted rate
1992,A,White,35,44,All Origins,666,50,t2_dm,total,0.841807674360349,666,nvss,Deaths,age-adjusted rate
1992,A,White,45,54,All Origins,666,50,t2_dm,total,0.844921758183716,666,nvss,Deaths,age-adjusted rate
1992,A,White,55,64,All Origins,666,50,t2_dm,total,2.3202459836376,666,nvss,Deaths,age-adjusted rate
1992,A,White,65,74,All Origins,666,50,t2_dm,total,5.55326787165782,666,nvss,Deaths,age-adjusted rate
1992,A,White,75,84,All Origins,666,50,t2_dm,total,8.58025330649455,666,nvss,Deaths,age-adjusted rate
1992,A,White,85,150,All Origins,666,50,t2_dm,total,5.38558538808124,666,nvss,Deaths,age-adjusted rate
1992,A,White,25,34,All Origins,666,51,all-cause,overall,12.3202837101251,666,nvss,Deaths,age-adjusted rate
1992,A,White,35,44,All Origins,666,51,all-cause,overall,25.6258899567987,666,nvss,Deaths,age-adjusted rate
1992,A,White,45,54,All Origins,666,51,all-cause,overall,47.6037468302098,666,nvss,Deaths,age-adjusted rate
1992,A,White,55,64,All Origins,666,51,all-cause,overall,92.6249664057195,666,nvss,Deaths,age-adjusted rate
1992,A,White,65,74,All Origins,666,51,all-cause,overall,170.619027375252,666,nvss,Deaths,age-adjusted rate
1992,A,White,75,84,All Origins,666,51,all-cause,overall,272.031548932594,666,nvss,Deaths,age-adjusted rate
1992,A,White,85,150,All Origins,666,51,all-cause,overall,238.946782422592,666,nvss,Deaths,age-adjusted rate
1992,A,White,25,34,All Origins,666,51,cvd_ihd,total,0.123357033392992,666,nvss,Deaths,age-adjusted rate
1992,A,White,35,44,All Origins,666,51,cvd_ihd,total,0.949107035436989,666,nvss,Deaths,age-adjusted rate
1992,A,White,45,54,All Origins,666,51,cvd_ihd,total,2.99743741701414,666,nvss,Deaths,age-adjusted rate
1992,A,White,55,64,All Origins,666,51,cvd_ihd,total,7.26058866705459,666,nvss,Deaths,age-adjusted rate
1992,A,White,65,74,All Origins,666,51,cvd_ihd,total,13.3576611543924,666,nvss,Deaths,age-adjusted rate
1992,A,White,75,84,All Origins,666,51,cvd_ihd,total,26.1221529210529,666,nvss,Deaths,age-adjusted rate
1992,A,White,85,150,All Origins,666,51,cvd_ihd,total,26.3898747312739,666,nvss,Deaths,age-adjusted rate
1992,A,White,25,34,All Origins,666,51,cvd_stroke,total,0.0462588875223721,666,nvss,Deaths,age-adjusted rate
1992,A,White,35,44,All Origins,666,51,cvd_stroke,total,0.257049822097518,666,nvss,Deaths,age-adjusted rate
1992,A,White,45,54,All Origins,666,51,cvd_stroke,total,0.64389396365489,666,nvss,Deaths,age-adjusted rate
1992,A,White,55,64,All Origins,666,51,cvd_stroke,total,0.923311853613878,666,nvss,Deaths,age-adjusted rate
1992,A,White,65,74,All Origins,666,51,cvd_stroke,total,1.44772339101074,666,nvss,Deaths,age-adjusted rate
1992,A,White,75,84,All Origins,666,51,cvd_stroke,total,3.04263713000901,666,nvss,Deaths,age-adjusted rate
1992,A,White,85,150,All Origins,666,51,cvd_stroke,total,3.52428882629192,666,nvss,Deaths,age-adjusted rate
1992,A,White,25,34,All Origins,666,51,lri,total,0.015419629174124,666,nvss,Deaths,age-adjusted rate
1992,A,White,55,64,All Origins,666,51,lri,total,0.0209843603094063,666,nvss,Deaths,age-adjusted rate
1992,A,White,65,74,All Origins,666,51,lri,total,0.0772119141872394,666,nvss,Deaths,age-adjusted rate
1992,A,White,75,84,All Origins,666,51,lri,total,0.123684436179228,666,nvss,Deaths,age-adjusted rate
1992,A,White,85,150,All Origins,666,51,lri,total,0.0845829318310061,666,nvss,Deaths,age-adjusted rate
1992,A,White,25,34,All Origins,666,51,ncd_lri,total,5.52022724433641,666,nvss,Deaths,age-adjusted rate
1992,A,White,35,44,All Origins,666,51,ncd_lri,total,17.4596148393929,666,nvss,Deaths,age-adjusted rate
1992,A,White,45,54,All Origins,666,51,ncd_lri,total,41.0981974732828,666,nvss,Deaths,age-adjusted rate
1992,A,White,55,64,All Origins,666,51,ncd_lri,total,85.8260336654719,666,nvss,Deaths,age-adjusted rate
1992,A,White,65,74,All Origins,666,51,ncd_lri,total,160.214721938522,666,nvss,Deaths,age-adjusted rate
1992,A,White,75,84,All Origins,666,51,ncd_lri,total,246.107291109428,666,nvss,Deaths,age-adjusted rate
1992,A,White,85,150,All Origins,666,51,ncd_lri,total,206.015827629721,666,nvss,Deaths,age-adjusted rate
1992,A,White,25,34,All Origins,666,51,neo_lung,total,0.0616785166964962,666,nvss,Deaths,age-adjusted rate
1992,A,White,35,44,All Origins,666,51,neo_lung,total,0.751376403054283,666,nvss,Deaths,age-adjusted rate
1992,A,White,45,54,All Origins,666,51,neo_lung,total,5.04013550860897,666,nvss,Deaths,age-adjusted rate
1992,A,White,55,64,All Origins,666,51,neo_lung,total,13.8286934438988,666,nvss,Deaths,age-adjusted rate
1992,A,White,65,74,All Origins,666,51,neo_lung,total,20.4418542810716,666,nvss,Deaths,age-adjusted rate
1992,A,White,75,84,All Origins,666,51,neo_lung,total,16.177924252243,666,nvss,Deaths,age-adjusted rate
1992,A,White,85,150,All Origins,666,51,neo_lung,total,4.87761573558802,666,nvss,Deaths,age-adjusted rate
1992,A,White,25,34,All Origins,666,51,resp_copd,total,0.0462588875223721,666,nvss,Deaths,age-adjusted rate
1992,A,White,35,44,All Origins,666,51,resp_copd,total,0.138411442667894,666,nvss,Deaths,age-adjusted rate
1992,A,White,45,54,All Origins,666,51,resp_copd,total,0.821519884663136,666,nvss,Deaths,age-adjusted rate
1992,A,White,55,64,All Origins,666,51,resp_copd,total,4.91034031240108,666,nvss,Deaths,age-adjusted rate
1992,A,White,65,74,All Origins,666,51,resp_copd,total,10.8675769218539,666,nvss,Deaths,age-adjusted rate
1992,A,White,75,84,All Origins,666,51,resp_copd,total,16.4747668990732,666,nvss,Deaths,age-adjusted rate
1992,A,White,85,150,All Origins,666,51,resp_copd,total,7.44329800112854,666,nvss,Deaths,age-adjusted rate
1992,A,White,25,34,All Origins,666,51,t2_dm,total,0.123357033392992,666,nvss,Deaths,age-adjusted rate
1992,A,White,35,44,All Origins,666,51,t2_dm,total,0.553645770671577,666,nvss,Deaths,age-adjusted rate
1992,A,White,45,54,All Origins,666,51,t2_dm,total,0.777113404411074,666,nvss,Deaths,age-adjusted rate
1992,A,White,55,64,All Origins,666,51,t2_dm,total,2.01449858970301,666,nvss,Deaths,age-adjusted rate
1992,A,White,65,74,All Origins,666,51,t2_dm,total,3.60965698825344,666,nvss,Deaths,age-adjusted rate
1992,A,White,75,84,All Origins,666,51,t2_dm,total,4.74948234928235,666,nvss,Deaths,age-adjusted rate
1992,A,White,85,150,All Origins,666,51,t2_dm,total,3.01679123530588,666,nvss,Deaths,age-adjusted rate
1992,A,White,25,34,All Origins,666,53,all-cause,overall,14.869483618118,666,nvss,Deaths,age-adjusted rate
1992,A,White,35,44,All Origins,666,53,all-cause,overall,27.7157604468445,666,nvss,Deaths,age-adjusted rate
1992,A,White,45,54,All Origins,666,53,all-cause,overall,48.7033170249728,666,nvss,Deaths,age-adjusted rate
1992,A,White,55,64,All Origins,666,53,all-cause,overall,88.2218219602732,666,nvss,Deaths,age-adjusted rate
1992,A,White,65,74,All Origins,666,53,all-cause,overall,161.227125541484,666,nvss,Deaths,age-adjusted rate
1992,A,White,75,84,All Origins,666,53,all-cause,overall,249.308779052254,666,nvss,Deaths,age-adjusted rate
1992,A,White,85,150,All Origins,666,53,all-cause,overall,227.161427752086,666,nvss,Deaths,age-adjusted rate
1992,A,White,25,34,All Origins,666,53,cvd_ihd,total,0.157999235611643,666,nvss,Deaths,age-adjusted rate
1992,A,White,35,44,All Origins,666,53,cvd_ihd,total,0.696478828671628,666,nvss,Deaths,age-adjusted rate
1992,A,White,45,54,All Origins,666,53,cvd_ihd,total,2.69444238238367,666,nvss,Deaths,age-adjusted rate
1992,A,White,55,64,All Origins,666,53,cvd_ihd,total,7.22057208024208,666,nvss,Deaths,age-adjusted rate
1992,A,White,65,74,All Origins,666,53,cvd_ihd,total,14.8928756360545,666,nvss,Deaths,age-adjusted rate
1992,A,White,75,84,All Origins,666,53,cvd_ihd,total,25.1248741083217,666,nvss,Deaths,age-adjusted rate
1992,A,White,85,150,All Origins,666,53,cvd_ihd,total,28.8877312488868,666,nvss,Deaths,age-adjusted rate
1992,A,White,25,34,All Origins,666,53,cvd_stroke,total,0.0175554706235159,666,nvss,Deaths,age-adjusted rate
1992,A,White,35,44,All Origins,666,53,cvd_stroke,total,0.409693428630369,666,nvss,Deaths,age-adjusted rate
1992,A,White,45,54,All Origins,666,53,cvd_stroke,total,0.559223890683403,666,nvss,Deaths,age-adjusted rate
1992,A,White,55,64,All Origins,666,53,cvd_stroke,total,0.993434413724582,666,nvss,Deaths,age-adjusted rate
1992,A,White,65,74,All Origins,666,53,cvd_stroke,total,1.53218885144593,666,nvss,Deaths,age-adjusted rate
1992,A,White,75,84,All Origins,666,53,cvd_stroke,total,2.98091726708901,666,nvss,Deaths,age-adjusted rate
1992,A,White,85,150,All Origins,666,53,cvd_stroke,total,2.84441075531044,666,nvss,Deaths,age-adjusted rate
1992,A,White,35,44,All Origins,666,53,lri,total,0.0204846714315185,666,nvss,Deaths,age-adjusted rate
1992,A,White,55,64,All Origins,666,53,lri,total,0.0484602153036382,666,nvss,Deaths,age-adjusted rate
1992,A,White,65,74,All Origins,666,53,lri,total,0.0408583693718915,666,nvss,Deaths,age-adjusted rate
1992,A,White,75,84,All Origins,666,53,lri,total,0.118290367741627,666,nvss,Deaths,age-adjusted rate
1992,A,White,85,150,All Origins,666,53,lri,total,0.0521910230332192,666,nvss,Deaths,age-adjusted rate
1992,A,White,25,34,All Origins,666,53,ncd_lri,total,6.03908189448947,666,nvss,Deaths,age-adjusted rate
1992,A,White,35,44,All Origins,666,53,ncd_lri,total,17.5348787453798,666,nvss,Deaths,age-adjusted rate
1992,A,White,45,54,All Origins,666,53,ncd_lri,total,41.3571486428135,666,nvss,Deaths,age-adjusted rate
1992,A,White,55,64,All Origins,666,53,ncd_lri,total,82.5519767697476,666,nvss,Deaths,age-adjusted rate
1992,A,White,65,74,All Origins,666,53,ncd_lri,total,151.829700585949,666,nvss,Deaths,age-adjusted rate
1992,A,White,75,84,All Origins,666,53,ncd_lri,total,228.205777447148,666,nvss,Deaths,age-adjusted rate
1992,A,White,85,150,All Origins,666,53,ncd_lri,total,196.995016438886,666,nvss,Deaths,age-adjusted rate
1992,A,White,25,34,All Origins,666,53,neo_lung,total,0.0702218824940636,666,nvss,Deaths,age-adjusted rate
1992,A,White,35,44,All Origins,666,53,neo_lung,total,0.716963500103147,666,nvss,Deaths,age-adjusted rate
1992,A,White,45,54,All Origins,666,53,neo_lung,total,4.75340307080893,666,nvss,Deaths,age-adjusted rate
1992,A,White,55,64,All Origins,666,53,neo_lung,total,13.0357979166787,666,nvss,Deaths,age-adjusted rate
1992,A,White,65,74,All Origins,666,53,neo_lung,total,20.7560516409209,666,nvss,Deaths,age-adjusted rate
1992,A,White,75,84,All Origins,666,53,neo_lung,total,16.6789418515695,666,nvss,Deaths,age-adjusted rate
1992,A,White,85,150,All Origins,666,53,neo_lung,total,4.38404593479041,666,nvss,Deaths,age-adjusted rate
1992,A,White,25,34,All Origins,666,53,resp_copd,total,0.0175554706235159,666,nvss,Deaths,age-adjusted rate
1992,A,White,35,44,All Origins,666,53,resp_copd,total,0.225331385746703,666,nvss,Deaths,age-adjusted rate
1992,A,White,45,54,All Origins,666,53,resp_copd,total,1.0421899780918,666,nvss,Deaths,age-adjusted rate
1992,A,White,55,64,All Origins,666,53,resp_copd,total,5.50023443696293,666,nvss,Deaths,age-adjusted rate
1992,A,White,65,74,All Origins,666,53,resp_copd,total,13.1155365683772,666,nvss,Deaths,age-adjusted rate
1992,A,White,75,84,All Origins,666,53,resp_copd,total,18.7371942502738,666,nvss,Deaths,age-adjusted rate
1992,A,White,85,150,All Origins,666,53,resp_copd,total,7.77646243194965,666,nvss,Deaths,age-adjusted rate
1992,A,White,25,34,All Origins,666,53,t2_dm,total,0.193110176858675,666,nvss,Deaths,age-adjusted rate
1992,A,White,35,44,All Origins,666,53,t2_dm,total,0.655509485808591,666,nvss,Deaths,age-adjusted rate
1992,A,White,45,54,All Origins,666,53,t2_dm,total,1.24554412015849,666,nvss,Deaths,age-adjusted rate
1992,A,White,55,64,All Origins,666,53,t2_dm,total,2.25340001161917,666,nvss,Deaths,age-adjusted rate
1992,A,White,65,74,All Origins,666,53,t2_dm,total,4.22884122999077,666,nvss,Deaths,age-adjusted rate
1992,A,White,75,84,All Origins,666,53,t2_dm,total,5.06282773934165,666,nvss,Deaths,age-adjusted rate
1992,A,White,85,150,All Origins,666,53,t2_dm,total,3.23584342805959,666,nvss,Deaths,age-adjusted rate
1992,A,White,25,34,All Origins,666,54,all-cause,overall,21.043394894604,666,nvss,Deaths,age-adjusted rate
1992,A,White,35,44,All Origins,666,54,all-cause,overall,32.3171123478306,666,nvss,Deaths,age-adjusted rate
1992,A,White,45,54,All Origins,666,54,all-cause,overall,68.5478306509136,666,nvss,Deaths,age-adjusted rate
1992,A,White,55,64,All Origins,666,54,all-cause,overall,116.471160125235,666,nvss,Deaths,age-adjusted rate
1992,A,White,65,74,All Origins,666,54,all-cause,overall,197.431764173356,666,nvss,Deaths,age-adjusted rate
1992,A,White,75,84,All Origins,666,54,all-cause,overall,289.991020206794,666,nvss,Deaths,age-adjusted rate
1992,A,White,85,150,All Origins,666,54,all-cause,overall,243.453587717378,666,nvss,Deaths,age-adjusted rate
1992,A,White,25,34,All Origins,666,54,cvd_ihd,total,0.171549414901663,666,nvss,Deaths,age-adjusted rate
1992,A,White,35,44,All Origins,666,54,cvd_ihd,total,1.36134356043975,666,nvss,Deaths,age-adjusted rate
1992,A,White,45,54,All Origins,666,54,cvd_ihd,total,3.22894589915981,666,nvss,Deaths,age-adjusted rate
1992,A,White,55,64,All Origins,666,54,cvd_ihd,total,9.15314194361673,666,nvss,Deaths,age-adjusted rate
1992,A,White,65,74,All Origins,666,54,cvd_ihd,total,19.8730657358707,666,nvss,Deaths,age-adjusted rate
1992,A,White,75,84,All Origins,666,54,cvd_ihd,total,35.6943767312525,666,nvss,Deaths,age-adjusted rate
1992,A,White,85,150,All Origins,666,54,cvd_ihd,total,37.9703750585038,666,nvss,Deaths,age-adjusted rate
1992,A,White,25,34,All Origins,666,54,cvd_stroke,total,0.171549414901663,666,nvss,Deaths,age-adjusted rate
1992,A,White,35,44,All Origins,666,54,cvd_stroke,total,0.177566551361707,666,nvss,Deaths,age-adjusted rate
1992,A,White,45,54,All Origins,666,54,cvd_stroke,total,0.403618237394977,666,nvss,Deaths,age-adjusted rate
1992,A,White,55,64,All Origins,666,54,cvd_stroke,total,1.18270935226508,666,nvss,Deaths,age-adjusted rate
1992,A,White,65,74,All Origins,666,54,cvd_stroke,total,1.60196826193293,666,nvss,Deaths,age-adjusted rate
1992,A,White,75,84,All Origins,666,54,cvd_stroke,total,2.88856227882968,666,nvss,Deaths,age-adjusted rate
1992,A,White,85,150,All Origins,666,54,cvd_stroke,total,2.93461889253421,666,nvss,Deaths,age-adjusted rate
1992,A,White,35,44,All Origins,666,54,lri,total,0.0591888504539022,666,nvss,Deaths,age-adjusted rate
1992,A,White,45,54,All Origins,666,54,lri,total,0.0672697062324961,666,nvss,Deaths,age-adjusted rate
1992,A,White,65,74,All Origins,666,54,lri,total,0.0865928790234017,666,nvss,Deaths,age-adjusted rate
1992,A,White,75,84,All Origins,666,54,lri,total,0.103162938529632,666,nvss,Deaths,age-adjusted rate
1992,A,White,25,34,All Origins,666,54,ncd_lri,total,8.00563936207761,666,nvss,Deaths,age-adjusted rate
1992,A,White,35,44,All Origins,666,54,ncd_lri,total,21.6039304156743,666,nvss,Deaths,age-adjusted rate
1992,A,White,45,54,All Origins,666,54,ncd_lri,total,57.8519473599467,666,nvss,Deaths,age-adjusted rate
1992,A,White,55,64,All Origins,666,54,ncd_lri,total,108.603571825385,666,nvss,Deaths,age-adjusted rate
1992,A,White,65,74,All Origins,666,54,ncd_lri,total,186.174689900314,666,nvss,Deaths,age-adjusted rate
1992,A,White,75,84,All Origins,666,54,ncd_lri,total,267.192010791746,666,nvss,Deaths,age-adjusted rate
1992,A,White,85,150,All Origins,666,54,ncd_lri,total,212.610144255029,666,nvss,Deaths,age-adjusted rate
1992,A,White,35,44,All Origins,666,54,neo_lung,total,1.24296585953195,666,nvss,Deaths,age-adjusted rate
1992,A,White,45,54,All Origins,666,54,neo_lung,total,8.00509504166704,666,nvss,Deaths,age-adjusted rate
1992,A,White,55,64,All Origins,666,54,neo_lung,total,17.2778409722203,666,nvss,Deaths,age-adjusted rate
1992,A,White,65,74,All Origins,666,54,neo_lung,total,24.2460061265525,666,nvss,Deaths,age-adjusted rate
1992,A,White,75,84,All Origins,666,54,neo_lung,total,18.1566771812152,666,nvss,Deaths,age-adjusted rate
1992,A,White,85,150,All Origins,666,54,neo_lung,total,2.9945090740145,666,nvss,Deaths,age-adjusted rate
1992,A,White,25,34,All Origins,666,54,resp_copd,total,0.0571831383005543,666,nvss,Deaths,age-adjusted rate
1992,A,White,35,44,All Origins,666,54,resp_copd,total,0.414321953177316,666,nvss,Deaths,age-adjusted rate
1992,A,White,45,54,All Origins,666,54,resp_copd,total,1.54720324334741,666,nvss,Deaths,age-adjusted rate
1992,A,White,55,64,All Origins,666,54,resp_copd,total,6.68487894758525,666,nvss,Deaths,age-adjusted rate
1992,A,White,65,74,All Origins,666,54,resp_copd,total,13.2920069300922,666,nvss,Deaths,age-adjusted rate
1992,A,White,75,84,All Origins,666,54,resp_copd,total,17.4345366115077,666,nvss,Deaths,age-adjusted rate
1992,A,White,85,150,All Origins,666,54,resp_copd,total,9.22308794796465,666,nvss,Deaths,age-adjusted rate
1992,A,White,25,34,All Origins,666,54,t2_dm,total,0.40028196810388,666,nvss,Deaths,age-adjusted rate
1992,A,White,35,44,All Origins,666,54,t2_dm,total,0.591888504539022,666,nvss,Deaths,age-adjusted rate
1992,A,White,45,54,All Origins,666,54,t2_dm,total,2.01809118697488,666,nvss,Deaths,age-adjusted rate
1992,A,White,55,64,All Origins,666,54,t2_dm,total,3.85666093129918,666,nvss,Deaths,age-adjusted rate
1992,A,White,65,74,All Origins,666,54,t2_dm,total,6.58105880577853,666,nvss,Deaths,age-adjusted rate
1992,A,White,75,84,All Origins,666,54,t2_dm,total,8.04670920531126,666,nvss,Deaths,age-adjusted rate
1992,A,White,85,150,All Origins,666,54,t2_dm,total,4.25220288510058,666,nvss,Deaths,age-adjusted rate
1992,A,White,25,34,All Origins,666,55,all-cause,overall,11.2334160140491,666,nvss,Deaths,age-adjusted rate
1992,A,White,35,44,All Origins,666,55,all-cause,overall,22.1951419569216,666,nvss,Deaths,age-adjusted rate
1992,A,White,45,54,All Origins,666,55,all-cause,overall,43.4096052672552,666,nvss,Deaths,age-adjusted rate
1992,A,White,55,64,All Origins,666,55,all-cause,overall,82.5093389565153,666,nvss,Deaths,age-adjusted rate
1992,A,White,65,74,All Origins,666,55,all-cause,overall,154.292891506195,666,nvss,Deaths,age-adjusted rate
1992,A,White,75,84,All Origins,666,55,all-cause,overall,253.39197672815,666,nvss,Deaths,age-adjusted rate
1992,A,White,85,150,All Origins,666,55,all-cause,overall,230.865174066749,666,nvss,Deaths,age-adjusted rate
1992,A,White,25,34,All Origins,666,55,cvd_ihd,total,0.182360649578719,666,nvss,Deaths,age-adjusted rate
1992,A,White,35,44,All Origins,666,55,cvd_ihd,total,0.753880945589746,666,nvss,Deaths,age-adjusted rate
1992,A,White,45,54,All Origins,666,55,cvd_ihd,total,2.57101776832247,666,nvss,Deaths,age-adjusted rate
1992,A,White,55,64,All Origins,666,55,cvd_ihd,total,7.38427631604397,666,nvss,Deaths,age-adjusted rate
1992,A,White,65,74,All Origins,666,55,cvd_ihd,total,15.4011847987969,666,nvss,Deaths,age-adjusted rate
1992,A,White,75,84,All Origins,666,55,cvd_ihd,total,30.1676117175561,666,nvss,Deaths,age-adjusted rate
1992,A,White,85,150,All Origins,666,55,cvd_ihd,total,36.6973590206902,666,nvss,Deaths,age-adjusted rate
1992,A,White,25,34,All Origins,666,55,cvd_stroke,total,0.0911803247893596,666,nvss,Deaths,age-adjusted rate
1992,A,White,35,44,All Origins,666,55,cvd_stroke,total,0.354767503806939,666,nvss,Deaths,age-adjusted rate
1992,A,White,45,54,All Origins,666,55,cvd_stroke,total,0.676583623242755,666,nvss,Deaths,age-adjusted rate
1992,A,White,55,64,All Origins,666,55,cvd_stroke,total,1.21597364485754,666,nvss,Deaths,age-adjusted rate
1992,A,White,65,74,All Origins,666,55,cvd_stroke,total,1.70499734390573,666,nvss,Deaths,age-adjusted rate
1992,A,White,75,84,All Origins,666,55,cvd_stroke,total,3.37190898165806,666,nvss,Deaths,age-adjusted rate
1992,A,White,85,150,All Origins,666,55,cvd_stroke,total,2.9039644536698,666,nvss,Deaths,age-adjusted rate
1992,A,White,45,54,All Origins,666,55,lri,total,0.0270633449297102,666,nvss,Deaths,age-adjusted rate
1992,A,White,55,64,All Origins,666,55,lri,total,0.0221086117246825,666,nvss,Deaths,age-adjusted rate
1992,A,White,65,74,All Origins,666,55,lri,total,0.149889876387317,666,nvss,Deaths,age-adjusted rate
1992,A,White,75,84,All Origins,666,55,lri,total,0.0997606207591141,666,nvss,Deaths,age-adjusted rate
1992,A,White,85,150,All Origins,666,55,lri,total,0.139231172436223,666,nvss,Deaths,age-adjusted rate
1992,A,White,25,34,All Origins,666,55,ncd_lri,total,4.13958674543693,666,nvss,Deaths,age-adjusted rate
1992,A,White,35,44,All Origins,666,55,ncd_lri,total,15.0776189117949,666,nvss,Deaths,age-adjusted rate
1992,A,White,45,54,All Origins,666,55,ncd_lri,total,37.6451127972269,666,nvss,Deaths,age-adjusted rate
1992,A,White,55,64,All Origins,666,55,ncd_lri,total,77.2695979777655,666,nvss,Deaths,age-adjusted rate
1992,A,White,65,74,All Origins,666,55,ncd_lri,total,146.030212070344,666,nvss,Deaths,age-adjusted rate
1992,A,White,75,84,All Origins,666,55,ncd_lri,total,232.841288851772,666,nvss,Deaths,age-adjusted rate
1992,A,White,85,150,All Origins,666,55,ncd_lri,total,202.740477234632,666,nvss,Deaths,age-adjusted rate
1992,A,White,25,34,All Origins,666,55,neo_lung,total,0.0547081948736158,666,nvss,Deaths,age-adjusted rate
1992,A,White,35,44,All Origins,666,55,neo_lung,total,1.06430251142082,666,nvss,Deaths,age-adjusted rate
1992,A,White,45,54,All Origins,666,55,neo_lung,total,4.4925152583319,666,nvss,Deaths,age-adjusted rate
1992,A,White,55,64,All Origins,666,55,neo_lung,total,11.7838900492558,666,nvss,Deaths,age-adjusted rate
1992,A,White,65,74,All Origins,666,55,neo_lung,total,16.581567575347,666,nvss,Deaths,age-adjusted rate
1992,A,White,75,84,All Origins,666,55,neo_lung,total,13.4876359266322,666,nvss,Deaths,age-adjusted rate
1992,A,White,85,150,All Origins,666,55,neo_lung,total,3.46088914341469,666,nvss,Deaths,age-adjusted rate
1992,A,White,35,44,All Origins,666,55,resp_copd,total,0.0886918759517348,666,nvss,Deaths,age-adjusted rate
1992,A,White,45,54,All Origins,666,55,resp_copd,total,0.433013518875363,666,nvss,Deaths,age-adjusted rate
1992,A,White,55,64,All Origins,666,55,resp_copd,total,2.52038173661381,666,nvss,Deaths,age-adjusted rate
1992,A,White,65,74,All Origins,666,55,resp_copd,total,8.52498671952867,666,nvss,Deaths,age-adjusted rate
1992,A,White,75,84,All Origins,666,55,resp_copd,total,13.1085455677476,666,nvss,Deaths,age-adjusted rate
1992,A,White,85,150,All Origins,666,55,resp_copd,total,6.72287661192049,666,nvss,Deaths,age-adjusted rate
1992,A,White,25,34,All Origins,666,55,t2_dm,total,0.164124584620847,666,nvss,Deaths,age-adjusted rate
1992,A,White,35,44,All Origins,666,55,t2_dm,total,0.509978286722475,666,nvss,Deaths,age-adjusted rate
1992,A,White,45,54,All Origins,666,55,t2_dm,total,1.21785052183696,666,nvss,Deaths,age-adjusted rate
1992,A,White,55,64,All Origins,666,55,t2_dm,total,2.47616451316445,666,nvss,Deaths,age-adjusted rate
1992,A,White,65,74,All Origins,666,55,t2_dm,total,4.49669629161952,666,nvss,Deaths,age-adjusted rate
1992,A,White,75,84,All Origins,666,55,t2_dm,total,6.40463185273513,666,nvss,Deaths,age-adjusted rate
1992,A,White,85,150,All Origins,666,55,t2_dm,total,4.57473852290447,666,nvss,Deaths,age-adjusted rate
1992,A,White,25,34,All Origins,666,56,all-cause,overall,17.512639259859,666,nvss,Deaths,age-adjusted rate
1992,A,White,35,44,All Origins,666,56,all-cause,overall,29.2649815720718,666,nvss,Deaths,age-adjusted rate
1992,A,White,45,54,All Origins,666,56,all-cause,overall,51.3619479148744,666,nvss,Deaths,age-adjusted rate
1992,A,White,55,64,All Origins,666,56,all-cause,overall,85.0753809203197,666,nvss,Deaths,age-adjusted rate
1992,A,White,65,74,All Origins,666,56,all-cause,overall,165.969443485323,666,nvss,Deaths,age-adjusted rate
1992,A,White,75,84,All Origins,666,56,all-cause,overall,253.643793991025,666,nvss,Deaths,age-adjusted rate
1992,A,White,85,150,All Origins,666,56,all-cause,overall,218.470651371646,666,nvss,Deaths,age-adjusted rate
1992,A,White,25,34,All Origins,666,56,cvd_ihd,total,0.208483800712607,666,nvss,Deaths,age-adjusted rate
1992,A,White,35,44,All Origins,666,56,cvd_ihd,total,0.83021224317934,666,nvss,Deaths,age-adjusted rate
1992,A,White,45,54,All Origins,666,56,cvd_ihd,total,3.57061669996453,666,nvss,Deaths,age-adjusted rate
1992,A,White,55,64,All Origins,666,56,cvd_ihd,total,5.16353468013501,666,nvss,Deaths,age-adjusted rate
1992,A,White,65,74,All Origins,666,56,cvd_ihd,total,14.7061532202185,666,nvss,Deaths,age-adjusted rate
1992,A,White,75,84,All Origins,666,56,cvd_ihd,total,19.9495118869345,666,nvss,Deaths,age-adjusted rate
1992,A,White,85,150,All Origins,666,56,cvd_ihd,total,19.6591877867084,666,nvss,Deaths,age-adjusted rate
1992,A,White,35,44,All Origins,666,56,cvd_stroke,total,0.622659182384505,666,nvss,Deaths,age-adjusted rate
1992,A,White,45,54,All Origins,666,56,cvd_stroke,total,0.274662823074195,666,nvss,Deaths,age-adjusted rate
1992,A,White,55,64,All Origins,666,56,cvd_stroke,total,0.737647811447859,666,nvss,Deaths,age-adjusted rate
1992,A,White,65,74,All Origins,666,56,cvd_stroke,total,1.16715501747766,666,nvss,Deaths,age-adjusted rate
1992,A,White,75,84,All Origins,666,56,cvd_stroke,total,3.41991632347449,666,nvss,Deaths,age-adjusted rate
1992,A,White,85,150,All Origins,666,56,cvd_stroke,total,1.902502043875,666,nvss,Deaths,age-adjusted rate
1992,A,White,75,84,All Origins,666,56,lri,total,0.284993026956207,666,nvss,Deaths,age-adjusted rate
1992,A,White,25,34,All Origins,666,56,ncd_lri,total,6.67148162280343,666,nvss,Deaths,age-adjusted rate
1992,A,White,35,44,All Origins,666,56,ncd_lri,total,14.5287142556385,666,nvss,Deaths,age-adjusted rate
1992,A,White,45,54,All Origins,666,56,ncd_lri,total,41.1994234611292,666,nvss,Deaths,age-adjusted rate
1992,A,White,55,64,All Origins,666,56,ncd_lri,total,77.2071375982092,666,nvss,Deaths,age-adjusted rate
1992,A,White,65,74,All Origins,666,56,ncd_lri,total,154.297893310547,666,nvss,Deaths,age-adjusted rate
1992,A,White,75,84,All Origins,666,56,ncd_lri,total,228.849400645835,666,nvss,Deaths,age-adjusted rate
1992,A,White,85,150,All Origins,666,56,ncd_lri,total,185.176865603834,666,nvss,Deaths,age-adjusted rate
1992,A,White,25,34,All Origins,666,56,neo_lung,total,0.208483800712607,666,nvss,Deaths,age-adjusted rate
1992,A,White,35,44,All Origins,666,56,neo_lung,total,0.622659182384505,666,nvss,Deaths,age-adjusted rate
1992,A,White,45,54,All Origins,666,56,neo_lung,total,5.2185936384097,666,nvss,Deaths,age-adjusted rate
1992,A,White,55,64,All Origins,666,56,neo_lung,total,8.8517737373743,666,nvss,Deaths,age-adjusted rate
1992,A,White,65,74,All Origins,666,56,neo_lung,total,16.8070322516783,666,nvss,Deaths,age-adjusted rate
1992,A,White,75,84,All Origins,666,56,neo_lung,total,13.679665293898,666,nvss,Deaths,age-adjusted rate
1992,A,White,85,150,All Origins,666,56,neo_lung,total,4.12208776172917,666,nvss,Deaths,age-adjusted rate
1992,A,White,45,54,All Origins,666,56,resp_copd,total,1.37331411537097,666,nvss,Deaths,age-adjusted rate
1992,A,White,55,64,All Origins,666,56,resp_copd,total,5.90118249158287,666,nvss,Deaths,age-adjusted rate
1992,A,White,65,74,All Origins,666,56,resp_copd,total,17.7407562656604,666,nvss,Deaths,age-adjusted rate
1992,A,White,75,84,All Origins,666,56,resp_copd,total,24.2244072912776,666,nvss,Deaths,age-adjusted rate
1992,A,White,85,150,All Origins,666,56,resp_copd,total,12.0491796112084,666,nvss,Deaths,age-adjusted rate
1992,A,White,25,34,All Origins,666,56,t2_dm,total,0.625451402137821,666,nvss,Deaths,age-adjusted rate
1992,A,White,45,54,All Origins,666,56,t2_dm,total,0.274662823074195,666,nvss,Deaths,age-adjusted rate
1992,A,White,55,64,All Origins,666,56,t2_dm,total,1.47529562289572,666,nvss,Deaths,age-adjusted rate
1992,A,White,65,74,All Origins,666,56,t2_dm,total,3.96832705942404,666,nvss,Deaths,age-adjusted rate
1992,A,White,75,84,All Origins,666,56,t2_dm,total,6.55483961999277,666,nvss,Deaths,age-adjusted rate
1992,A,White,85,150,All Origins,666,56,t2_dm,total,4.12208776172917,666,nvss,Deaths,age-adjusted rate
